Feature	Gain	Cover	Frequency
rf_042_058	0.0338400843544548	0.00342943607209796	0.00388095271233094
rf_027_054	0.0292967889330179	0.00236063961406803	0.00133076530246272
c_e_sp	0.0254436883648781	0.0012303579825272	0.000646647017447693
rf_021_074	0.0230840554190661	0.0022026961720111	0.0050350677534048
m_y_sp_rank	0.020857539060251	0.00347842243843976	0.00146566186570512
vm_status06_delta2	0.0195906362596638	0.0024221760980944	0.00031582925521038
m_e_sp_rank_lag1	0.0194969939208446	0.0014384906120865	0.00111343195057219
rf_024_062	0.0193212149773154	0.00351362243934991	0.0016690773182135
ctrx_quarter_normalizado_lag1	0.0182698511179967	0.00173086802785188	0.00088111009165472
ctrx_quarter	0.0169981052731057	0.00304502149812957	0.000816873632967864
m_e_sp_rank	0.0129929673342386	0.00188115331200354	0.00111343195057219
cdescubierto_preacordado	0.0125397387117326	0.00593043445886469	0.0025737407780534
ctrx_quarter_lag1	0.0125259529898103	0.001920759134472	0.000974252956750663
mcaja_ahorro_rank	0.0123401035332604	0.00297522765995269	0.00125046972910415
ctrx_quarter_normalizado	0.0116628257344498	0.00328530297234908	0.000817944240612645
rf_024_045	0.0114761212908158	0.00212119758439525	0.00164445334238354
mcuentas_saldo_rank	0.00989163525321498	0.00706613641591636	0.00248166852060224
foto_mes	0.00929293827964852	0.0118558868048948	0.00270970794894058
mcaja_ahorro_rank_lag1	0.00902070672735463	0.00222885096682041	0.00149992131033811
rf_043_049	0.00838634896694472	0.0011400943515592	0.00179540902029765
mtarjeta_visa_consumo_rank	0.00818309929932082	0.0013902319862555	0.00116589172516645
rf_062_068	0.00687027023579887	0.00144461083672343	0.00328355364654317
rf_049_064	0.00664149848283826	0.00249447859453665	0.0011969393468651
thomebanking	0.00550220697842089	0.00373798665261208	0.00847493011608599
rf_002_051	0.0053883340293432	0.0015276554815375	0.00100101814787019
mcuentas_saldo_rank_delta2	0.0051618641481748	0.00362336499753584	0.00675874606150213
rf_045_060	0.00507888779626819	0.00134484076917697	0.00299127775951797
mrentabilidad_annual_rank_delta1	0.00500403329618259	0.00368141944673937	0.00937959357592589
ctrx_quarter_lag2	0.00499074441124837	0.00263656638210453	0.0025062924964322
vm_status_SP	0.00497714589600902	0.00187728888831428	0.000265510695905675
rf_057_059	0.0048409166391033	0.00158742345936887	0.00118302144748295
rf_004_063	0.00484072260160329	0.0012799218813012	0.00265403635141197
mrentabilidad_annual_rank_delta2	0.004836942842585	0.00485161820522857	0.0101140304202456
mcuenta_corriente_rank	0.00482057423302121	0.00466120632085309	0.00285959301920991
m_anclaje_pesado_rank	0.00470098132203251	0.00507553280974614	0.00091429892864293
rf_006_073	0.00467908457588582	0.00228311438978455	0.00114126774933649
rf_022_058	0.00465068273678676	0.00139091972769486	0.00367432543688822
vm_status01	0.00464063606210503	0.00343072848215198	0.00117766840925904
mpasivos_margen_rank	0.00451722007477702	0.00311615256901528	0.00332637795233441
rf_001_045	0.00402087075093045	0.0016192525653303	0.0012815173508028
mprestamos_personales_rank	0.00400828271514201	0.00322488950879699	0.0011691035481008
mactivos_margen_rank_delta2	0.00395185256607249	0.00468603364295266	0.00825973797948502
rf_007_051	0.00395117310820563	0.00168365800955408	0.0013264828718836
ctrx_quarter_delta2	0.00393656183294654	0.00285250402088501	0.00394518917101779
rf_017_041	0.00392446329477239	0.00119167558008904	0.000867192192272568
cproductos_tend6	0.00387580216999522	0.00460532189179591	0.000641293979223788
ctrx_quarter_normalizado_delta2	0.00385772931996461	0.00268815974011301	0.00387559967410703
ccomisiones_mantenimiento_tend6	0.00384307949175022	0.00663610425494814	0.000740860490188416
m_anclaje_pesado_rank_delta2	0.00384247924634697	0.00690122819901149	0.00120764542331291
mrentabilidad_annual_rank_lag2	0.00375503010517487	0.00357110440536933	0.00628767869779851
mcomisiones_otras_rank_delta2	0.00366857261550306	0.00305263903638541	0.00773085780296323
mrentabilidad_rank_delta1	0.00362723329870228	0.00336801470528638	0.00728120259215523
mactivos_margen_rank	0.0036123742302601	0.00468448927823983	0.00395803646275517
mrentabilidad_rank_delta2	0.00359345594728575	0.00347035405028337	0.00809058197160963
ctarjeta_visa_transacciones_tend6	0.00353617714117277	0.00506645688503543	0.00230073582863426
cproductos_delta2	0.0034746392539039	0.00139516422718716	0.000215192136600971
mactivos_margen_rank_delta1	0.00346978105193415	0.0037230924144504	0.00767090377485549
mcomisiones_rank_delta2	0.00343315362136405	0.0029568056052383	0.00778438818520228
Master_mlimitecompra_rank_delta2	0.0033810785101788	0.00381524567715136	0.00814304174620389
Master_mfinanciacion_limite_rank_delta2	0.00331196048910697	0.00314061479380754	0.00809165257925441
mpasivos_margen_rank_delta2	0.0032196370610668	0.00335820497532553	0.00735507451964512
Visa_mlimitecompra_rank_delta2	0.00307272249538351	0.00311324750246284	0.00658102519246849
Master_mfinanciacion_limite_rank_delta1	0.00307124632972474	0.00366523990696232	0.00748997108288751
mpasivos_margen_rank_delta1	0.00306502273871578	0.00440409953905491	0.00685617135717719
Master_mlimitecompra_rank_delta1	0.00305368047777926	0.00278459231108918	0.00769659835833024
chomebanking_transacciones_lag2	0.0030515382866503	0.00322261525975853	0.00631016145833891
mrentabilidad_annual_rank_lag1	0.00303504413874348	0.0031248756387297	0.00499545527054791
Master_fechaalta_lag2	0.00293797365217554	0.00339885903862202	0.00586157685517569
mcomisiones_rank_lag2	0.00293497729759316	0.00226794850771733	0.0056870678090764
mcuenta_corriente_rank_lag1	0.00293122922029754	0.00342752409955782	0.0023938786937302
Master_Fvencimiento_lag2	0.00292922655338908	0.00308446216223179	0.00606499230768407
mcomisiones_otras_rank_lag2	0.00290611032083954	0.00261170518208901	0.00593651939031036
chomebanking_transacciones_delta2	0.00289191722244546	0.00389780034744422	0.0057598691289215
Master_fechaalta_lag1	0.00287033595102203	0.00389556953886417	0.00569777388552421
m_anclaje_pesado_rank_delta1	0.0028508933056989	0.00416198727517794	0.000808308771809616
Visa_mfinanciacion_limite_rank_delta2	0.0028093038659697	0.0027466232066198	0.00626305472196855
mcuentas_saldo_rank_delta1	0.00280914188531866	0.00354720941705647	0.00392484762576696
Master_Fvencimiento	0.00272106394669827	0.0027925100962537	0.00578449310475146
mcomisiones_rank	0.00271979905622392	0.00288228620680432	0.00501151438521962
m_y_sp_rank_lag1	0.00271923150322	0.00150462594563024	0.00125261094439371
Visa_mpagospesos_rank_delta2	0.00271828403627938	0.00297049863010053	0.00650072961910992
Master_fechaalta	0.00267970188680397	0.00283943927480866	0.00559820737455958
Visa_mlimitecompra_rank_delta1	0.00266935414288991	0.00278905071252703	0.00615813517278002
mrentabilidad_annual_rank	0.00266280954249126	0.0032028799210036	0.00420213500576522
mcuenta_corriente_rank_lag2	0.00264201934564671	0.00347075576169135	0.00256624652453993
Visa_mpagospesos_rank	0.00263830077394744	0.00210816756247755	0.00468390844591665
Master_Fvencimiento_lag1	0.00260741105397359	0.00250488320490497	0.00547615810305455
mcomisiones_otras_rank_lag1	0.0026012561013	0.00236185400054544	0.00507146841332735
mcuenta_corriente_rank_delta2	0.0025946239172833	0.00333191765890997	0.00224506423110565
mprestamos_personales_rank_delta1	0.00259078481167471	0.00461131018719649	0.000898239813971216
Visa_mfinanciacion_limite_rank_delta1	0.00256932417699954	0.00275827749178598	0.006001826456642
chomebanking_transacciones_delta1	0.00256332607580427	0.00395152485485121	0.00482415804738295
mrentabilidad_rank_lag2	0.00255871553067348	0.0029660081278564	0.00545795777309327
m_anclaje_pesado_rank_lag2	0.00255454964975138	0.0024896675637672	0.00102992455427927
internet_avg6	0.00252700404309314	0.00684571154703017	0.00105347792246445
mcomisiones_rank_lag1	0.00250570627957024	0.00232534991143206	0.004990102232324
cdescubierto_preacordado_lag1	0.00249839952206139	0.00273275641992391	0.00174080803041382
chomebanking_transacciones_lag1	0.00248562680290853	0.00279530106108259	0.00472887396699745
rf_026_045	0.00244776124628941	0.00148155336417782	0.00191745829180268
Master_mfinanciacion_limite_rank	0.00242993871986771	0.0032325157915607	0.00530271966460004
cliente_edad_avg6	0.00242806642315385	0.00402604710230227	0.00374177371850941
Visa_mpagominimo_rank	0.00238053970059969	0.00243435133026448	0.00332851916762397
rf_034_050	0.00234889405939317	0.00210897403176721	0.00622986588498034
Visa_mconsumospesos_rank_delta2	0.00234166501099464	0.00237778102150188	0.00563674924977169
tcallcenter_delta2	0.00233898864143566	0.00209173928376394	0.00161982936655357
Master_mlimitecompra_rank_lag2	0.00232160193625408	0.00219281191627678	0.00508752752799907
mactivos_margen_rank_lag1	0.0022618375413943	0.0037345264508508	0.00379530410074846
Master_mfinanciacion_limite_rank_lag1	0.00225970786592493	0.00301399065290364	0.00488946511371459
Visa_Fvencimiento	0.00223949002289757	0.00321361422752644	0.00407152087310195
Master_mfinanciacion_limite_rank_lag2	0.00223474466021054	0.00228292469038011	0.00496119582591491
Visa_mpagospesos_rank_delta1	0.00222537202149804	0.00223860481655521	0.00572025664606461
mrentabilidad_rank	0.00219792244654755	0.00285636460827404	0.00406402661958848
rf_036_065	0.00219298923924012	0.000815325360520184	0.000292275887025199
mactivos_margen_rank_lag2	0.00217520592323613	0.0037541336402534	0.0044505159793544
Visa_Fvencimiento_lag2	0.00214763863849892	0.0023953933065801	0.00398801347680903
Visa_mconsumospesos_rank	0.00214401096274121	0.00267960117997878	0.00481345197093514
cliente_edad_lag2	0.00214081412900916	0.00392376208608639	0.00297628925249104
mcuentas_saldo_rank_lag2	0.00212051903034716	0.00293274512006211	0.00377496255549762
Visa_mpagominimo_rank_lag1	0.00210693586429812	0.00221356675181614	0.00315079829859033
Visa_mconsumospesos_rank_lag1	0.00209871885614765	0.0020768218021362	0.00468069662298231
rf_038_063	0.00209126973413345	0.00266852104227401	0.000916440143932492
Master_status_delta1	0.00207508870857397	0.00108651567997689	0.000551362937062188
mpasivos_margen_rank_lag1	0.0020664346169948	0.00197599943179677	0.00337669651163911
vm_Fvencimiento_lag2	0.00203820953031651	0.00302485663479004	0.00380386896190671
mpasivos_margen_rank_lag2	0.00203291886092692	0.00321745134578469	0.00438199709008842
Visa_Fvencimiento_lag1	0.00201659615627507	0.00379973145338222	0.00380815139248583
ccomisiones_otras_tend6	0.00200855388173521	0.00266417527573905	0.00329425972299098
Visa_cconsumos_lag2	0.00200080499073668	0.00167572640242551	0.0039227064104774
Visa_fechaalta_lag2	0.00198340646338564	0.00213547510908788	0.00374391493379898
Visa_fechaalta_lag1	0.00198234737909357	0.00213740361156869	0.00364434842283435
m_deb_aut_rank_delta2	0.00197765880979748	0.00231865486233955	0.00240244355488845
Visa_fechaalta	0.00195760554063796	0.00243558255697155	0.00355227616538319
m_inversiones_rank	0.00194720657418633	0.00587300273145335	0.000513891669494855
Visa_mpagospesos_rank_lag1	0.00193999827722193	0.00193893307082782	0.00443552747232747
e_y_ratio_lag2	0.00193587993849785	0.00191184898870551	0.00423211201981909
vm_Fvencimiento_lag1	0.00193386897596225	0.00256891257887447	0.0035180167207502
vm_Fvencimiento	0.00193097466105806	0.00302363598611668	0.00351587550546063
mtarjeta_visa_consumo_rank_delta2	0.00191596172934653	0.00191091854486083	0.00305230239527048
rf_016_068	0.001907368069317	0.00152506321449373	0.00242813813836319
mcaja_ahorro_rank_delta2	0.00190526134919701	0.00264178620451251	0.00298913654422841
rf_051_048	0.00190069819140275	0.000756107017320125	0.000650929448026817
vm_mpagospesos_rank	0.00187877463184304	0.000674582506469677	0.000888604345168187
mcuentas_saldo_rank_lag1	0.00187242639598563	0.00254463359383407	0.00186821034014275
Visa_mfinanciacion_limite_rank	0.00186862117732594	0.00196573089725403	0.00348375727611721
Visa_mlimitecompra_rank	0.00186285398602973	0.00215303983532656	0.00351908732839498
mcomisiones_mantenimiento_rank	0.00185730402125595	0.00535279571037598	0.00285959301920991
vm_fechaalta_lag2	0.0018457756891698	0.00223345117032609	0.00349446335256502
ctrx_quarter_delta1	0.00184396872065074	0.00263640714743716	0.00156951080724887
vm_mfinanciacion_limite_rank_delta2	0.00183173592418834	0.00336055487846106	0.00371929095796901
cliente_edad_lag1	0.0018269172647992	0.00328864362822545	0.00249665702762917
Visa_mfinanciacion_limite_rank_lag2	0.00182027416858194	0.0018195534443992	0.00348054545318286
Visa_mlimitecompra_rank_lag1	0.00179187983571295	0.00228204468260013	0.00337455529634955
rf_046_047	0.00177644308632743	0.00142507278534913	0.00317435166677551
vmr_Master_mlimitecompra	0.00175376713632642	0.00242505273089225	0.00346769816144549
vm_mlimitecompra_rank_delta2	0.00175186741677757	0.00335327840421995	0.00366468996808519
mprestamos_personales_rank_lag2	0.00174727043446469	0.00207489761549315	0.00105454853010923
Visa_mfinanciacion_limite_rank_lag1	0.00174403886960888	0.00199748144368514	0.00328034182360883
vmr_mpagospesos	0.00173333842034893	0.000966094554453729	0.00152882771674719
Visa_msaldopesos_rank	0.00172149948334239	0.00181460732508732	0.00227718246044908
vm_fechaalta	0.00171903265860899	0.00214764204807953	0.00301804295063749
Visa_mpagominimo_rank_delta2	0.00169307769268297	0.00213167466134647	0.00325785906306843
rf_039_056	0.00168477955321576	0.00128822115267326	0.00375462101024679
vm_fechaalta_lag1	0.00167395760083389	0.00184497691627029	0.00307906758639001
rf_021_053	0.00167073653124029	0.00152457730193746	0.00217975716477401
Master_fultimo_cierre_lag1	0.00166827531910233	0.0051000975991532	0.00300733687418968
Visa_msaldopesos_rank_delta2	0.00166186462615315	0.00163890674941064	0.003225740833725
m_e_sp_rank_delta2	0.00165655650628443	0.00313820703587967	0.0030908442704826
Visa_mconsumosdolares_rank	0.00164299264984517	0.0023087542741212	0.00349232213727545
vmr_pagominimo_saldo_lag2	0.00163769625084485	0.00194824306626836	0.00302981963473008
vmr_mpagominimo_delta2	0.00163104663756161	0.00175185941643297	0.0020512842474003
Visa_cconsumos_lag1	0.00161498378559107	0.00182924752119154	0.0033884731957317
Visa_mlimitecompra_rank_lag2	0.00161119685253304	0.00199843913654465	0.00318184592028898
e_y_ratio_lag1	0.00160495343546389	0.00165449327051415	0.00362507748522829
numero_de_cliente	0.00160432464727161	0.00469636575852999	0.00276002650824529
e_y_ratio_delta2	0.00160128265163903	0.0023905501185882	0.00329961276121488
vmr_Master_mlimitecompra_lag1	0.00158564591028284	0.00227242338267968	0.0031358097915634
cprestamos_personales_tend6	0.00157897093347651	0.00742591999609075	0.000699106792041959
Visa_cconsumos	0.00157773364635621	0.00152303454508576	0.00334029585171656
Master_mpagominimo_rank	0.00156421516201156	0.00248790704046163	0.00305765543349439
Visa_msaldototal_rank_delta2	0.00155172179304945	0.0014416784365319	0.00311546824631256
vmr_Master_mlimitecompra_lag2	0.00155148306877568	0.00201448099263499	0.00300412505125534
cliente_antiguedad_lag2	0.00154495852088532	0.00319696942351492	0.00267330728901803
ccaja_seguridad_lag1	0.00152620468225073	0.00139917349941795	0.000126331702084152
Master_msaldototal_rank	0.00152343340979386	0.0032687140767717	0.00292382947789677
rf_063_065	0.00151240829250025	0.00134203821082315	0.00379851592368281
vmr_pagominimo_saldo	0.00150024634924912	0.00178846062599981	0.00270435491071668
mcaja_ahorro_rank_delta1	0.00149823053048338	0.00329857008326222	0.00268080154253149
vm_mfinanciacion_limite_rank_delta1	0.0014964122970149	0.00195214585295985	0.00325785906306843
Visa_msaldototal_rank_delta1	0.00147163024477423	0.0015359144999653	0.00294524163079239
mtransferencias_emitidas_rank	0.00145685463650843	0.00415125392773015	0.00269579004955843
vm_mlimitecompra_rank_delta1	0.00143870486834559	0.00231608682604499	0.00331138944530747
vmr_pagominimo_saldo_delta2	0.00142898167904137	0.00279506290017973	0.00280820385226043
Visa_msaldototal_rank	0.00142640422203336	0.00165660433575266	0.00234463074207028
mtarjeta_visa_consumo_rank_lag1	0.00142622092721304	0.00112662989684926	0.000832932747639578
cliente_antiguedad_avg6	0.00142517692339593	0.00301985297097481	0.00233285405797769
mcuenta_debitos_automaticos_rank	0.00142341540064645	0.00237790400877376	0.00121835149976072
vmr_pagominimo_saldo_lag1	0.00141895874354629	0.00183283951114874	0.00264440088260894
mcomisiones_mantenimiento_rank_delta2	0.0014105236335668	0.00245133353123905	0.00184786879489192
vm_mpagominimo_rank	0.00140003424274854	0.00201992961085999	0.00181789178083805
Visa_msaldopesos_rank_delta1	0.00136852890190085	0.00141474377266168	0.0028039214216813
ctrx_quarter_normalizado_lag2	0.00134597046985774	0.00269517088906072	0.00249237459705005
rf_017_049	0.00134065543579438	0.00120069032145281	0.00122691636091897
vmr_Visa_mlimitecompra	0.00133717492725771	0.00152652038800074	0.00240351416253323
vm_msaldototal_rank	0.00133381764314819	0.0011530307226185	0.00098174721026413
vm_msaldopesos_rank	0.001329699947929	0.000981371576395073	0.00107274886007051
ctransferencias_recibidas_avg6	0.00132792848378076	0.00270267280235614	0.0021690510883262
vmr_mpagominimo_delta1	0.00131939236783161	0.00170573806115599	0.00185108061782626
atm_ratio_c_lag2	0.00130519901434996	0.00141720004850414	0.00365398389163738
Visa_msaldototal_rank_lag2	0.00129503032305019	0.00121269887201978	0.00229752400569992
Master_mconsumototal_rank_delta1	0.00129470209594692	0.0019988409325769	0.00311118581573344
e_y_ratio_delta1	0.00128901666982789	0.00165121549047012	0.00284139268924864
vmr_mpagominimo_lag2	0.00128518680888839	0.00128767230786847	0.00212194435195584
rf_002_049	0.00128349729435831	0.00148539993214618	0.0015791462760519
vm_mpagominimo_rank_lag2	0.00127059612116888	0.00151750621079877	0.00186392790956363
rf_051_057	0.00126448084822428	0.00168956015744816	0.00303945510353311
m_e_sp_rank_delta1	0.00125765615549261	0.00184665055865903	0.00258444685450121
Visa_msaldopesos_rank_lag1	0.00125430209357439	0.00172496997013083	0.00231465372801641
internet_tend6	0.00125329573250601	0.00403570560869327	0.000732295629030169
ctarjeta_visa_debitos_automaticos_tend6	0.00124542450812501	0.00210408658528228	0.000713024691424112
vm_mpagospesos_rank_delta2	0.00122507080489578	0.00177029506744669	0.00222365207821003
vm_fultimo_cierre_lag2	0.00121793729922989	0.00282953262185099	0.0021412152895619
Visa_msaldopesos_rank_lag2	0.00120444712017989	0.00129338884653114	0.00235105438793896
vmr_Visa_mlimitecompra_lag2	0.00120059681678666	0.00157559919225308	0.00217547473419489
rf_011_045	0.00119893208437981	0.0008624712336216	0.000537445037680036
mcomisiones_mantenimiento_rank_lag2	0.00119726718558247	0.00203711499470596	0.0019163876841579
mcaja_ahorro_dolares_rank_delta2	0.00119638892816503	0.00298289363149886	0.001427119990493
rf_049_062	0.00119497715795511	0.0008300201956945	0.00227290002986995
Master_cconsumos_delta2	0.00118157029013351	0.00173674563470776	0.00335849618167784
vm_mpagominimo_rank_lag1	0.00117699621568827	0.00189855775987552	0.00162518240477748
m_y_sp_rank_delta2	0.00117288134422317	0.00150164491469175	0.00235105438793896
rf_025_047	0.00117168383852331	0.000961588650592518	0.000396124828568951
Master_mpagospesos_rank_delta1	0.00116230679128509	0.00176030982675061	0.00295701831488498
rf_034_047	0.00115780230279994	0.00125697214608021	0.00192388193767136
vmr_mpagominimo_lag1	0.00115376553340864	0.00128437588227703	0.00200738933396428
vmr_mpagominimo	0.00115152307421502	0.00108150502055537	0.00200203629574037
Master_mpagospesos_rank_delta2	0.00114891094241307	0.00212905046274496	0.00274610860886313
vmr_msaldopesos2_lag2	0.0011430741639709	0.00195282936318573	0.00234570134971506
mcomisiones_mantenimiento_rank_lag1	0.00113594960450042	0.00240142219342201	0.00201060115689862
vmr_Visa_mlimitecompra_lag1	0.00113200996002223	0.00124859166361738	0.00206948457736157
mautoservicio_rank_delta2	0.00112293416271887	0.00196902622272996	0.00234998378029418
vmr_pagominimo_saldo_delta1	0.00110469995258961	0.00204570870212019	0.00214870954307536
vm_fultimo_cierre_lag1	0.00109875800583336	0.00338459756433253	0.00188534006245925
vmr_msaldopesos2_delta2	0.0010978149656205	0.00154267487899397	0.00220652235589353
cliente_antiguedad	0.00108885614896435	0.00272487079198184	0.00196456502817304
Visa_cconsumos_delta2	0.00108619012246896	0.00123595742940878	0.00214442711249624
mtransferencias_recibidas_rank_lag2	0.00107364581799577	0.00194794984317406	0.00233499527326725
rf_005_052	0.00107345378743315	0.00118266072589291	0.000625234864552074
mcomisiones_mantenimiento_rank_delta1	0.00107295522190191	0.00169283711945758	0.00139607236879436
rf_055_068	0.00107280227488844	0.00108902005061259	0.00174080803041382
mpayroll_sobre_edad_rank_delta2	0.00106980760028114	0.00420365886069257	0.00103313637721362
mcaja_ahorro_rank_lag2	0.0010602258046705	0.00190400068006636	0.00181789178083805
vmr_msaldototal_delta2	0.00105749041199406	0.00150526804638017	0.00184572757960236
vmr_msaldopesos_delta2	0.00104967070658619	0.00132699351071005	0.0017590083603751
ctransferencias_recibidas_tend6	0.00104554938637031	0.00268674115527296	0.00178577355149462
cmobile_app_trx_lag2	0.00104290694349692	0.00274517491866111	0.00171297223164952
Visa_fultimo_cierre	0.00103835415922443	0.00238447432169282	0.00180076205852156
ctarjeta_visa_transacciones	0.00102512412927147	0.00260681914600858	0.000793320264782683
m_deb_aut_rank_delta1	0.0010209480269484	0.00163676076255686	0.00192388193767136
vmr_msaldopesos2	0.00101081443574137	0.00114386267028624	0.00202130723334643
Visa_mconsumosdolares_rank_delta1	0.00100589640969073	0.00108762200126197	0.00231679494330597
mautoservicio_rank	0.00100281413928349	0.00300713524082017	0.0018542924407606
mttarjeta_visa_debitos_automaticos_rank_delta2	0.00100167134130234	0.00165346471893286	0.0015170510326546
rf_046_053	0.000993187903948778	0.000776933303951151	0.00116482111752167
vm_mfinanciacion_limite_rank_lag2	0.000992760339748366	0.00123536630067726	0.00193458801411917
mtarjeta_visa_consumo_rank_lag2	0.000990258963059862	0.00142073866875528	0.00221508721705178
m_deb_aut_rank	0.00097937001013436	0.0014152744232485	0.00185215122547104
m_deb_aut_rank_lag2	0.000974928203857402	0.00130239047113312	0.00198597718106866
vm_mlimitecompra_rank	0.000974573968824647	0.00121408180183423	0.00182217421141717
vmr_mpagospesos_delta2	0.000971643107327015	0.0020216747043404	0.00195921198994914
c_e_sp_delta2	0.000960209362294493	0.00260806433572014	0.00132005922601491
mcuenta_corriente_rank_delta1	0.000949939517636787	0.00176299171089592	0.00152775710910241
vmr_msaldototal_lag2	0.000945148728048509	0.00113033336517766	0.0016969131169778
vm_mlimitecompra_rank_lag2	0.000939701081346512	0.00107332371541519	0.00177506747504681
mtransferencias_recibidas_rank_lag1	0.000939684988048537	0.0025296454227331	0.00193565862176395
vm_msaldopesos_rank_delta2	0.000937470127242782	0.00142912064624687	0.00184679818724714
m_y_sp_rank_delta1	0.000937430829615465	0.00146511713078287	0.00198169475048954
vmr_msaldopesos2_lag1	0.000932313022866984	0.00125884874567564	0.00189604613890706
Master_msaldopesos_rank_delta2	0.000929046425670748	0.00201816677449104	0.0018939049236175
mcaja_ahorro_dolares_rank_lag2	0.000921777890697995	0.00178500665822639	0.00181789178083805
ccaja_ahorro	0.000916806343177998	0.00630346396567672	0.000233392466562247
ctarjeta_visa_transacciones_delta2	0.000914594089685782	0.00142186408691721	0.000923934397445958
rf_011_063	0.000913060722246206	0.000964317896120743	0.00303410206530921
ccomisiones_otras_avg6	0.000904125089990193	0.00176146063219343	0.00145067335867819
c_e_y_ratio_delta2	0.000895354228795287	0.0015366188559696	0.00185215122547104
vm_mconsumospesos_rank_delta2	0.000892350247013065	0.00123481297078618	0.001651947595897
cpagomiscuentas_tend6	0.000888863208057502	0.0032385296434907	0.000782614188334873
c_e_y_ratio	0.000882846148697117	0.00142409280809861	0.00190354039242053
rf_021_063	0.000879171093264814	0.00108711984084593	0.000751566566636226
mcaja_ahorro_dolares_rank_delta1	0.000877779693918181	0.00201664932029596	0.00118088023219339
c_e_y_ratio_lag2	0.000871438693314552	0.0017916074922987	0.00200953054925384
ccallcenter_transacciones_delta2	0.000871255454308349	0.00206013417824424	0.000588834204629522
vmr_mconsumospesos_lag2	0.000866465791503106	0.00112662859927713	0.00183609211079933
m_y_sp_rank_lag2	0.000864273153822053	0.00131489142211703	0.00139500176114958
mextraccion_autoservicio_rank_delta2	0.000852427519769743	0.00279373991255628	0.00167335974879262
rf_037_055	0.00085107650816531	0.00113917488066148	0.000626305472196855
mttarjeta_visa_debitos_automaticos_rank_lag2	0.00084653588448383	0.00112025351454812	0.00178898537442896
mtarjeta_visa_consumo_rank_delta1	0.000845341744074799	0.00132014819712275	0.00142926120578257
ctransferencias_emitidas_tend6	0.000844718296904309	0.00252415522578362	0.00116053868694255
vm_mfinanciacion_limite_rank_lag1	0.000842496880195463	0.00103108317272768	0.0016241117971327
vmr_msaldototal	0.000841604663307035	0.00111337082524173	0.00150848617149636
vmr_msaldopesos_lag2	0.000834383451245959	0.000995795529282273	0.00166265367234481
cproductos_avg6	0.000822484343788508	0.00239488973575957	0.000944275942696796
ctarjeta_visa_transacciones_lag2	0.000820855384012208	0.00122772030045873	0.00176114957566466
vmr_msaldopesos2_delta1	0.000820603082449279	0.00131239300338829	0.00179112658971853
rf_008_060	0.000819542177910364	0.00138677790564973	0.000850062469956073
mtransferencias_emitidas_rank_delta2	0.00080598620775202	0.00213090714742894	0.00125261094439371
cajas_ratio_01	0.000805015194459184	0.00256346057567869	0.000337241408105999
vmr_msaldototal_lag1	0.000802771802071514	0.00103016347616524	0.00141320209111085
rf_044_049	0.000802159864652488	0.000853236158867779	0.000613458180459483
rf_043_063	0.000794891353859623	0.00146035165607858	0.00140891966053173
rf_001_053	0.000793449671564835	0.00128183165361033	0.000837215178218702
m_deb_aut_rank_lag1	0.000793152084333858	0.00112108965874834	0.00156415776902497
vmr_msaldopesos	0.000791334793030857	0.00123148495213408	0.00146030882748121
mcaja_ahorro_dolares_rank_lag1	0.000789369590409186	0.00195493625362694	0.001539533793195
ctarjeta_debito_transacciones_avg6	0.000788925035498771	0.00176644500167518	0.00168620704052999
mcaja_ahorro_dolares_rank	0.000781835708211038	0.00411350811850027	0.00127937613551323
m_inversiones_rank_delta2	0.000777698337328966	0.00357156196879527	0.000399336651503294
m_e_sp_rank_lag2	0.000772924396025329	0.00144385897829578	0.00140999026817651
vmr_mconsumospesos_lag1	0.000769550910828207	0.00129333164052486	0.00155023986964281
Master_mpagominimo_rank_delta2	0.000769088846340537	0.00146665376647906	0.00163588848122529
mttarjeta_visa_debitos_automaticos_rank	0.000763207635952926	0.00107839098847309	0.00173438438454514
Master_msaldototal_rank_delta1	0.000758609147135796	0.00218067939115478	0.00157700506076234
vm_mpagospesos_rank_lag1	0.000758067953614204	0.000604205663491166	0.000731225021385388
rf_061_070	0.0007572103051426	0.000923509478156431	0.00162732362006704
mtransferencias_recibidas_rank_delta1	0.000751176991194197	0.00112753596890429	0.00161233511304011
rf_061_055	0.000749151399984088	0.00163656900396186	0.000731225021385388
mcuenta_debitos_automaticos_rank_lag2	0.000748062046925387	0.00192274269914426	0.00144532032045428
cajas_ratio_01_delta2	0.000746300475123327	0.00135955949660341	0.000324394116368627
vm_mpagominimo_rank_delta1	0.000730156427583244	0.00105841633228363	0.00153096893203676
rf_037_075	0.000723072028610815	0.0007569572091491	0.00195921198994914
active_quarter_lag2	0.000720540920201901	0.00138495100870867	0.0013543186706479
c_e_sp_delta1	0.000720396883042389	0.00269273359726275	0.00104063063072708
vmr_mconsumospesos	0.000716769460208014	0.00129136660856766	0.00147529733450815
mttarjeta_visa_debitos_automaticos_rank_lag1	0.000713958427593591	0.000994703312042129	0.00150099191798289
mpagomiscuentas_rank	0.000711539879483958	0.00205987057364432	0.00123334000678765
c_e_y_ratio_lag1	0.000705550160370212	0.0012832694199515	0.00161982936655357
vm_mpagospesos_rank_delta1	0.000698820415986306	0.00117537158621944	0.00165944184941047
ccomisiones_otras_lag2	0.000694880397091649	0.00191968942728758	0.00137894264647786
ccaja_seguridad	0.000689228061459443	0.0050067250135591	0.000170226615520171
c_e_y_ratio_delta1	0.000687772407214955	0.00170695817387565	0.00149135644917986
mttarjeta_visa_debitos_automaticos_rank_delta1	0.000686014648534631	0.00137739705148741	0.00128901160431626
mcuenta_debitos_automaticos_rank_lag1	0.000685687983456805	0.00137596145716916	0.00114126774933649
mautoservicio_rank_lag1	0.000682661753105902	0.00155033080846015	0.00183823332608889
ccomisiones_mantenimiento_delta2	0.000680885413922586	0.00227433896585532	0.000187356337836666
rf_062_059	0.000672340208749769	0.00137228901773963	0.000254804619457866
vmr_mpagospesos_lag2	0.000671750611275802	0.000783463533174493	0.00147101490392902
seguros_ratio_01_delta2	0.00066913068325871	0.00224120484082369	0.00102885394663449
vmr_mpagospesos_lag1	0.00066577408957467	0.000842844778093608	0.00124404608323546
contactos_delta2	0.00065680888166936	0.00158447461386093	0.000434666703781065
rf_029_057	0.000650989070915068	0.000845747475166504	0.000529950784166569
vm_mconsumospesos_rank_lag2	0.000650668252124903	0.001207745249356	0.00127509370493411
vm_msaldototal_rank_lag2	0.000640842129963956	0.000744132598541902	0.0011744565863247
mpagomiscuentas_rank_lag2	0.000636297163521873	0.00144564838668539	0.00139286054586001
ctarjeta_visa_debitos_automaticos_avg6	0.000634333901112685	0.00215835045957586	0.00108345493651832
cajas_ratio_01_delta1	0.000634015166392466	0.00183451557943321	0.00030512317876257
vmr_mconsumospesos_delta2	0.000629592390174255	0.00115922615002306	0.00126224641319674
rf_041_052	0.000628703815758756	0.00104687028155832	0.00100101814787019
Visa_mpagado_rank_delta2	0.000626767700004325	0.0032253056345389	0.000897169206326435
Master_mpagominimo_rank_delta1	0.000625832575258632	0.00133428132460329	0.00133825955597619
m_pagos_rank	0.000618782095750575	0.00126855672905629	0.00122156332269506
mpayroll_sobre_edad_rank_lag1	0.000612682915188191	0.00145969556411607	0.000759060820149692
rf_034_041	0.000611819355161482	0.00155528584152842	0.000916440143932492
vm_mconsumototal_rank_delta1	0.000606529436124891	0.00094277537787958	0.00138643689999133
ctarjeta_visa_transacciones_avg6	0.000604774343802156	0.00115391719005106	0.00107810189829441
mtransferencias_emitidas_rank_delta1	0.000601978402122538	0.0017405398766694	0.00102135969312102
vm_fechaalta_delta2	0.000598740400720354	0.00281641653705106	0.000533162607100912
rf_051_047	0.000598661700634578	0.000694113928942864	0.000172367830809733
rf_014_046	0.000596106666733367	0.00092516825488181	0.00104598366895099
mautoservicio_rank_delta1	0.00058172802342028	0.00130580954549935	0.00116375050987689
rf_018_059	0.000578196881483524	0.00127349709391783	0.00144853214338862
vmr_mpagospesos_delta1	0.000569593722697508	0.00100938102490589	0.00139500176114958
vm_mconsumosdolares_rank_lag2	0.000555826899666701	0.00275094409361949	0.00106311339126748
Visa_mpagosdolares_rank_delta2	0.000555127752132424	0.00109142109501507	0.00137787203883308
ccaja_ahorro_lag2	0.000543244475699021	0.000692516843310052	0.000200203629574037
vm_Fvencimiento_delta2	0.000535794897124753	0.00108744733676944	0.000542798075903941
rf_006_065	0.000529261342903675	0.00127215015762607	0.000657353093895502
ccallcenter_transacciones_delta1	0.000525748979470832	0.00435818463878776	0.00033831201575078
ccomisiones_mantenimiento_avg6	0.000519441910640156	0.00323075676328389	0.000448584603163217
vm_mpagospesos_rank_lag2	0.000516002804322813	0.000751424671856716	0.00103527759250318
ccomisiones_otras_lag1	0.000512011947235691	0.00101943588316779	0.000855415508179978
ccomisiones_mantenimiento_delta1	0.000511641513010756	0.00276013090433153	0.000154167500848457
rf_056_060	0.000494801282649941	0.00118633319353053	0.00079010844184834
vmr_mconsumospesos_delta1	0.000490935781415383	0.00121075068029224	0.00116160929458733
ccomisiones_otras	0.00048818537797634	0.00103972697770953	0.000822226671191768
rf_037_071	0.000486637087466025	0.00117586841530649	0.000719448337292797
ctarjeta_debito_transacciones_delta2	0.000482053321075844	0.00161937560901835	0.000884321914589063
rf_041_044	0.000479590234957106	0.00129260956984012	0.000782614188334873
ctarjeta_debito_avg6	0.000474552887013298	0.00491421192846364	0.000616670003393826
mcajeros_propios_descuentos_rank_delta1	0.000474551985566479	0.000437714859911684	0.000527809568877008
mv_status07_rank	0.000471160868647042	0.000889648007527254	0.00046250250254537
c_e_sp_lag2	0.000470897220214245	0.00110713333957517	0.000972111741461101
rf_044_071	0.000462500665642536	0.000594821452566152	0.00101065361667322
rf_016_065	0.000460561098546443	0.0018612454525709	0.000544939291193503
matm_rank	0.000458745014127983	0.00163131490872468	0.00106418399891226
rf_058_051	0.000455246309795298	0.00118993471782211	0.000555645367641312
rf_014_056	0.000439868045862467	0.000854214697505708	0.00080188512594093
vm_mconsumospesos_rank_lag1	0.00043523159441193	0.000684824412575575	0.000844709431732168
rf_052_051	0.000433717170944828	0.00103049537255077	0.000736578059609292
vm_mconsumospesos_rank	0.000430881123810778	0.000834084276243924	0.000844709431732168
rf_025_055	0.00042837242226913	0.000962679344595808	0.000669129777988093
rf_042_044	0.000427516771553371	0.000816915619795245	0.000765484466018378
atm_ratio_c_delta2	0.000422954421168654	0.0010497133749373	0.000740860490188416
Visa_mpagado_rank_delta1	0.000418042020166705	0.00124217615669558	0.000578128128181712
rf_019_064	0.000414595304048236	0.000665716083242495	0.00076762568130794
Visa_mpagado_rank	0.000413104757427536	0.000803573193282124	0.000593116635208645
rf_026_051	0.000402440582874513	0.000963728854787874	0.000698036184397178
rf_033_052	0.000400035540103828	0.000603987022586508	0.000355441738067275
mv_status07_rank_delta2	0.000397349694191379	0.00159725234262275	0.000434666703781065
rf_057_048	0.000393614579319167	0.0013986992368028	0.000962476272658072
rf_023_052	0.000393048447881678	0.000817017197126902	0.000729083806095826
rf_018_063	0.000384544430047252	0.000607938073319785	0.000222686390114437
vm_cconsumos_lag2	0.000375375034965613	0.000925313949666038	0.000629517295131198
ccuenta_debitos_automaticos_tend6	0.000371141689007553	0.00268524748049765	0.00038327753683158
rf_055_050	0.000365679936907943	0.000738461926233376	0.000552433544706969
Visa_mpagado_rank_lag1	0.000358087196508334	0.000894085817059495	0.000594187242853426
rf_049_059	0.000354163743225033	0.000658792012668252	0.000749425351346664
Visa_msaldodolares_rank_lag1	0.000352679084871246	0.00111693849982546	0.000520315315363541
vm_cconsumos_delta2	0.000351807268194739	0.000667073512943688	0.000296558317604323
Master_mpagado_rank	0.0003508965627884	0.00120374962984072	0.000650929448026817
mtarjeta_master_consumo_rank_lag1	0.000350644711923361	0.00254006272674187	0.000715165906713674
ccuenta_debitos_automaticos_avg6	0.000347607139822808	0.00137601804259746	0.000588834204629522
ctarjeta_visa_transacciones_lag1	0.000344807412659912	0.000597104530736749	0.000608105142235579
rf_012_059	0.000339969905043315	0.000874827420688255	0.000503185593047046
mpagomiscuentas_rank_delta1	0.000337778053139563	0.00152835301118405	0.000581339951116055
rf_066_015	0.000328852192360701	0.00123665938772544	0.000378995106252456
atm_ratio_c_delta1	0.000326096605855849	0.0009390478762586	0.000604893319301236
rf_048_063	0.000322877165725019	0.00108053923197407	0.00016915600787539
rf_054_027	0.000320746714182628	0.000515185078419895	9.95665109646282e-05
rf_065_056	0.000316801444176056	0.000742931751947631	0.000644505802158131
vmr_Master_mlimitecompra_delta2	0.000312157481279475	0.00171394963357661	0.000616670003393826
mtarjeta_master_consumo_rank_delta1	0.000302757488103377	0.00275893318883523	0.000392913005634608
rf_006_053	0.000292034016014848	0.00170620696423406	0.00049676194717836
rf_062_066	0.000281100093256255	0.0010043292945055	0.000533162607100912
rf_035_038	0.000280569703366372	0.00104906907395636	0.000157379323782799
cmobile_app_trx	0.000279273286575842	0.0033234029623555	0.000445372780228874
ctarjeta_visa_transacciones_delta1	0.000277404442189388	0.00236992004743037	0.000289064064090856
mv_status07_rank_lag1	0.000273097111147593	0.00228306327672569	0.000516032884784417
mv_status07_rank_lag2	0.000272380812952248	0.00104779669164615	0.000522456530653103
cproductos	0.000253407462556796	0.000838254870540735	4.60361287255808e-05
rf_052_045	0.000249281127037898	0.000763410853408418	0.000419678196754132
rf_011_043	0.000242853423762531	0.000443708655889782	0.00013596717088718
vm_mconsumosdolares_rank_delta2	0.000242598092477365	0.000999904517110786	0.000437878526715408
cpayroll_trx_avg6	0.000234511055600087	0.00149624210640472	0.000294417102314761
matm_rank_delta1	0.000230354375583366	0.0010465804434348	0.000476420401927522
vmr_mconsumosdolares_delta2	0.000222834051773816	0.00104375853433132	0.000421819412043694
cextraccion_autoservicio_delta2	0.000218041276252637	0.000606588908588927	0.000388630575055484
mtarjeta_visa_descuentos_rank_lag2	0.000217248526448762	0.00150690115374376	0.000405760297371979
Visa_msaldodolares_rank_delta2	0.00021593912210156	0.00059313283168168	0.000393983613279389
rf_026_052	0.00020073357401606	0.000597362860423868	0.000364006599225522
rf_040_012	0.000195603206658231	0.000599832224820031	0.00013596717088718
vm_status02_lag1	0.000195204478157994	0.00112371743977727	0.000361865383935961
vmr_mpagado	0.000187014006480115	0.00061453789190086	0.000343665053974684
mv_status07_rank_delta1	0.00017728522114098	0.00109818026109587	0.000271934341774361
rf_023_064	0.000176364622743774	0.000630650352840172	0.000279428595287828
vm_mconsumosdolares_rank_delta1	0.000161964081829449	0.00068192163087841	0.000307264394052132
mttarjeta_master_debitos_automaticos_rank_lag1	0.00016001192598561	0.000971084875842445	0.000263369480616113
ctransferencias_recibidas_delta2	0.00015986103703435	0.00153527609447514	0.000190568160771009
rf_026_012	0.000150623983238905	0.000656876626949238	0.000141320209111085
cpayroll_trx	0.000147755910786006	0.00148885697460139	5.13891669494855e-05
rf_037_059	0.000144838048308669	0.000501197561099314	0.000224827605403999
rf_035_061	0.000141662985858322	0.000404444659054476	0.000198062414284475
rf_044_064	0.000141587961558675	0.000555700386122266	0.000246239758299618
vm_msaldodolares_rank_lag2	0.000133799691585377	0.00203162194873941	0.000258016442392209
rf_033_056	0.000133494645159969	0.00026906859156022	0.000193779983705352
ctransferencias_emitidas_delta2	0.000132105790722353	0.000804085423986251	0.000131684740308057
Master_msaldodolares_rank_delta1	0.00013164632632773	0.000321357786729859	0.000246239758299618
rf_059_044	0.000131564115238154	0.000908123008826354	0.000129543525018495
rf_016_067	0.000130849082738718	0.000750764010183642	0.000433596096136284
cajas_ratio_01_lag2	0.000129799661123369	0.00212651032425129	0.000235533681851809
c_y_sp_delta2	0.000129342270121001	0.00188485923443576	0.000196991806639695
mcaja_ahorro_adicional_rank_lag2	0.000128545349592715	0.0021031940531104	0.000184144514902323
rf_029_061	0.00012371140699564	0.000815243133938185	0.000216262744245752
rf_039_044	0.000119219224145986	0.00081401503832909	0.000220545174824875
visitas_delta2	0.000116660420725901	0.000988487461980497	0.00019163876841579
rf_019_016	0.000113617807793583	0.00075332372509169	0.000147743854979771
mttarjeta_master_debitos_automaticos_rank_delta1	0.000112927830178442	0.000976027158854096	0.000186285730191885
vmr_msaldodolares_delta2	0.000111854859733855	0.00102001048195864	0.000185215122547104
rf_048_059	0.000108126752469431	0.00058321743421614	0.000187356337836666
hb_cajas_delta2	0.000107970413094124	0.00110459142397183	0.000194850591350133
cextraccion_autoservicio_lag1	0.000106653427303368	0.00149043166301084	0.000175579653744076
rf_017_055	0.000101689128280718	0.000390739335465052	0.000140249601466304
ccajeros_propios_descuentos_tend6	0.000101109200284654	0.00281508288676964	0.000167014792585828
rf_045_062	8.86495360924286e-05	0.00110566313393063	0.000132755347952838
c_ganchos_liviano_lag1	8.78790846160146e-05	0.00216099341655715	0.000114555017991561
m_p_sp_rank_delta2	8.19829211743538e-05	0.00139288789075004	0.000125261094439371
c_deb_aut_lag1	7.63815349999539e-05	0.000320765811755642	0.000110272587412438
vmr_mpagosdolares_delta2	7.53005933576369e-05	0.000862150648680116	0.000122049271505028
c_y_sp_lag1	7.03227443588392e-05	0.000244504394523048	0.000115625625636342
contactos	7.01762883378461e-05	0.000353547815201301	0.000103848941543752
p_e_ratio_lag2	6.71782996638621e-05	0.000451181994390163	0.000108131372122876
ctarjeta_visa_debitos_automaticos_lag2	6.37734840008625e-05	0.00044406571389148	9.31428650959425e-05
rf_058_041	6.13323081915021e-05	0.000380891298918145	0.000115625625636342
rf_012_067	5.83713470544565e-05	0.000158047868405665	5.99540281077331e-05
rf_050_050	5.62672682620648e-05	0.000640790343117334	0.000140249601466304
rf_049_057	5.30130359878899e-05	0.000483332841824762	8.45780039376949e-05
cextraccion_autoservicio_delta1	4.65218248759116e-05	0.000962213177702456	9.95665109646282e-05
ctransferencias_recibidas_delta1	4.0609782146548e-05	0.000395285323021982	6.85188892659807e-05
rf_029_076	2.82137949366636e-05	0.000123706944872802	4.60361287255808e-05
ccajeros_propios_descuentos_avg6	2.75464202309144e-05	0.000258610696110112	4.71067363703617e-05
catm_trx_other_delta1	2.50231294834452e-05	0.000649527939998036	5.13891669494855e-05
rf_030_068	2.33095966953257e-05	0.000254746667334114	4.71067363703617e-05
cpayroll_trx_lag1	2.30106190857325e-05	0.000188316925956297	3.53300522777713e-05
ccajas_consultas	2.25942724177018e-05	0.000570386730661528	2.46239758299618e-05
c_deb_aut_delta1	1.70929039592552e-05	0.000193494379813275	2.67651911195237e-05
ccuenta_debitos_automaticos_delta1	1.69976470825623e-05	0.000342904056646976	2.78357987643047e-05
catm_trx	6.56903360911518e-06	0.000304668385728236	1.60591146717142e-05
