Feature	Gain	Cover	Frequency
rf_042_058	0.0382419579559509	0.00291272727029306	0.00281938453553939
m_e_sp_rank	0.0303112637598229	0.00183769410713575	0.00111037976770009
rf_027_054	0.0257659979982796	0.0020315197910072	0.00140830011660658
ctrx_quarter_normalizado	0.0251249764305398	0.00278002183727735	0.000893761046719479
ctrx_quarter	0.0222172396789679	0.00246626622693294	0.00088318069787981
rf_021_074	0.0217331567807157	0.00160258698476449	0.0041124145358401
c_e_sp	0.0208645271901236	0.00113764156269418	0.00065876593038576
m_y_sp_rank	0.0192301858940708	0.00319425485932308	0.00132866907007643
rf_024_062	0.0189793012563214	0.00294000631172872	0.00114657569794106
mcaja_ahorro_rank	0.0171097333940952	0.00278068766614797	0.00127688104680858
rf_024_045	0.0165465441202253	0.00205685899885555	0.00189722360509238
vm_status06_delta2	0.0158733950937916	0.00250080533781178	0.00038144941869336
cdescubierto_preacordado	0.013290637441718	0.0060401446706313	0.00268629488434565
mcuentas_saldo_rank	0.0123594991137599	0.00649236485423952	0.0024095352331185
m_e_sp_rank_lag1	0.0121091942703781	0.0015476082026977	0.00117219127934237
foto_mes	0.0102997599898824	0.0101833034022186	0.00340854290776943
vm_status01	0.00794489641623071	0.00418647321311746	0.00131084953518857
rf_043_049	0.00769397640764268	0.00115810984204849	0.00179476127948715
rf_001_045	0.00758880909214871	0.00151304886813544	0.00132811220961119
rf_049_064	0.00685673395069371	0.00163130046178738	0.000894317907184725
ctrx_quarter_lag1	0.00665799551884532	0.00209280522782219	0.000975062674645363
mcuenta_corriente_rank	0.00598456902012182	0.00424011950287642	0.003101712791419
thomebanking	0.00576492114976124	0.00358053133683452	0.0091614683742236
mcaja_ahorro_rank_lag1	0.00574872014718106	0.00232819020264235	0.00154306034919606
rf_006_073	0.00546476932059764	0.00175397312342855	0.000902670814163412
mcuentas_saldo_rank_delta2	0.00516306038027083	0.00377632417179271	0.00691843442021359
rf_002_051	0.00509864049292846	0.00141308384150334	0.000995666511859457
mrentabilidad_annual_rank_delta1	0.00504056387142101	0.00412035645090441	0.00953289430454253
rf_057_059	0.00498966042513421	0.00102552456721322	0.000712224535049355
m_anclaje_pesado_rank	0.0049822849426809	0.00469247436224204	0.000971164651388643
mrentabilidad_annual_rank_delta2	0.0049558599806668	0.00478567852611146	0.0102740755837847
ccomisiones_mantenimiento_tend6	0.00476899944205573	0.00683730310390598	0.000899329651371937
mpasivos_margen_rank	0.00443472484689411	0.00303601392063364	0.00323981418679996
rf_022_058	0.00433306742216734	0.00143452732162234	0.0036697104659697
mprestamos_personales_rank	0.00423365444575952	0.00265635528446158	0.00106193290722371
rf_004_063	0.00414078235964568	0.00110239293435416	0.00255487581454765
cproductos_tend6	0.0040659063689191	0.00450226839746096	0.00072336174435427
mactivos_margen_rank_delta2	0.00405885935988864	0.00453166168719698	0.00849546325778964
rf_045_060	0.00404182904212913	0.00114853169597174	0.00274031034947449
mrentabilidad_annual_rank_lag2	0.00395354459164579	0.00361615759685226	0.00636602883868977
mactivos_margen_rank	0.00394194968753645	0.00410840501093946	0.00400494046604766
ctarjeta_visa_transacciones_tend6	0.00391197547521	0.00478360728710327	0.00241287639590997
m_anclaje_pesado_rank_delta2	0.0039036583515505	0.00639228390048551	0.00131196325611906
vm_status_SP	0.00381470519401982	0.00174789313114364	0.000273418488435679
mtarjeta_visa_consumo_rank	0.00375976153822995	0.00156691505648661	0.00105023883745354
ctrx_quarter_lag2	0.00374930707093779	0.0024540205537237	0.00254652290756896
ctrx_quarter_delta2	0.00374223609884228	0.0026204781207324	0.00368029081480937
mrentabilidad_rank_delta2	0.00370631566779886	0.00345174346613919	0.00819531546702217
ctrx_quarter_normalizado_lag1	0.00368453880891071	0.00168980278399717	0.000973392093249626
mcomisiones_otras_rank_delta2	0.00357711926027533	0.00290523027127668	0.00781943465298127
mrentabilidad_rank_delta1	0.0035609587975378	0.00365823785143838	0.00772087035063276
ctrx_quarter_normalizado_delta2	0.00349247017685434	0.00257647310327889	0.00367305162876117
Master_mfinanciacion_limite_rank_delta2	0.00347018542596662	0.00340058248657247	0.00840636558335032
mactivos_margen_rank_delta1	0.0034478648085357	0.00373403289801473	0.00743965581568364
Master_mlimitecompra_rank_delta2	0.00344524537302633	0.0047544237161879	0.00844534581591752
mcomisiones_rank_delta2	0.0034225987680327	0.00298819604014976	0.00773813302505538
mpasivos_margen_rank_delta2	0.00333232616215557	0.00348110934133316	0.00767520779248261
ctarjeta_visa_transacciones	0.00331576125331044	0.0021572043258376	0.000757330232734263
cproductos_delta2	0.00321239092369869	0.00133977506584125	0.000252814651221585
Master_mfinanciacion_limite_rank_delta1	0.00316359481814116	0.00357946954493399	0.00794862628091829
mrentabilidad_annual_rank_lag1	0.0031558431478064	0.00311471874185162	0.00507912430350677
Visa_mpagospesos_rank	0.00310944365344542	0.00200703745014448	0.0045478794196623
Visa_mlimitecompra_rank_delta2	0.00310629975571659	0.00325818100068852	0.00673077244342576
chomebanking_transacciones_lag2	0.00308926204953344	0.00318772413314972	0.00633150348984454
Master_mlimitecompra_rank_delta1	0.00304818293095944	0.00317434698172969	0.00781665035065503
mcomisiones_otras_rank_lag2	0.00302906754892154	0.00255479598333174	0.00601464988511969
Visa_mfinanciacion_limite_rank_delta2	0.00299305147272035	0.00309963077744339	0.00671406662946839
mcomisiones_rank_lag2	0.00296840509300895	0.00261898111205944	0.00596286186185183
mpasivos_margen_rank_delta1	0.00296310368338658	0.00388156474615106	0.0067324430248215
Visa_mpagospesos_rank_delta2	0.0029312974761365	0.00301823230521781	0.00686553267601524
mcuenta_corriente_rank_lag1	0.00293008473453262	0.00336896475663342	0.00256434244245682
Master_Fvencimiento	0.00291103193562872	0.00277866635557124	0.00614829639677867
Master_fechaalta_lag2	0.00290997734472572	0.00347669716244853	0.00595172465254691
mcuenta_corriente_rank_lag2	0.00290822553005345	0.0036202575507896	0.00282940802391382
Master_fechaalta_lag1	0.00288685077189883	0.00372172794146481	0.00580415662925678
Master_Fvencimiento_lag2	0.00282879412190898	0.00309340650218103	0.00607200651304
chomebanking_transacciones_delta2	0.0028253846635387	0.00383181457229196	0.00560702802455977
Master_fechaalta	0.0028117369508544	0.00278925121215359	0.00573343535017057
mrentabilidad_annual_rank	0.00278462812612158	0.00383973488095046	0.00465089860573277
mcomisiones_rank	0.00277949676654462	0.00301587325718722	0.00521611197795724
Visa_mlimitecompra_rank_delta1	0.00276224138522079	0.00348450729861289	0.00642951093172779
Visa_mfinanciacion_limite_rank_delta1	0.00270638324867552	0.00318778967573983	0.00647183232708647
Master_Fvencimiento_lag1	0.00270489005540136	0.00255215118358244	0.00582587418740137
mcuentas_saldo_rank_delta1	0.00270275170803337	0.00359087514923629	0.00401162279163061
chomebanking_transacciones_delta1	0.00270008914757481	0.00397448105247677	0.00492765825695992
Visa_mpagominimo_rank	0.00267477026341112	0.00229453287929569	0.00333615104728748
mcomisiones_otras_rank_lag1	0.00263072029391296	0.00245178994160961	0.00522335116400543
internet_avg6	0.00262354705409467	0.00564928623815974	0.00120281860493089
Master_mfinanciacion_limite_rank	0.00259908445753248	0.00344949936509998	0.00558308302455421
chomebanking_transacciones_lag1	0.00259351451162431	0.0028123189238292	0.00496719534999237
mrentabilidad_rank_lag2	0.00258715054096033	0.00330086790755148	0.00543273069893785
m_anclaje_pesado_rank_delta1	0.00257004151320293	0.00433230691232839	0.000904341395559149
tcallcenter_delta2	0.00253546331384443	0.00201076927287727	0.00151911534919049
rf_007_051	0.00253505844897877	0.00145384441340837	0.00134259058170758
rf_017_041	0.00251654771324488	0.00119684940420893	0.000978960697902084
mcuenta_corriente_rank_delta2	0.00250385296701368	0.00352840488987859	0.00236387267496834
mcomisiones_rank_lag1	0.00250132534694623	0.00220701300669636	0.00510084186165136
cliente_edad_avg6	0.00246735892605917	0.00379283908009738	0.00394368581487062
mprestamos_personales_rank_delta1	0.00246366684748573	0.00415092727528188	0.000966152907201431
mcuentas_saldo_rank_lag2	0.00241639934558601	0.0031299422262881	0.00374934151249985
Visa_mconsumospesos_rank_delta2	0.00240780133322765	0.00218069103846271	0.00572619616412237
vmr_mpagospesos	0.00237497556756625	0.000899214883781334	0.00145674697708296
rf_062_068	0.00235233111424539	0.000957234050161088	0.00246466441917783
Master_mfinanciacion_limite_rank_lag1	0.00233055691455414	0.0033223698267403	0.00514483383840578
Visa_mpagospesos_rank_delta1	0.00231456965027303	0.00216087960183178	0.005874877908343
rf_026_045	0.00231006065539565	0.00157010307174764	0.00201472116325924
mactivos_margen_rank_lag2	0.00230863234216365	0.00392583531104839	0.00450333058244263
cliente_edad_lag2	0.0022874501321236	0.00373560952045866	0.00337513127985468
Visa_mconsumospesos_rank_lag1	0.00227849172278495	0.00209722420939496	0.00505796360582743
Master_mlimitecompra_rank_lag2	0.00227047413319764	0.00222169813745671	0.0050490538383835
Master_mfinanciacion_limite_rank_lag2	0.00226320647755805	0.00233445509994826	0.00496274046627041
Visa_mconsumospesos_rank	0.00225490350954982	0.00273957298569796	0.00503012058256515
mactivos_margen_rank_lag1	0.00224860165797959	0.00402851315460688	0.00380391383809393
ctrx_quarter_delta1	0.0022318985881911	0.00282996176828879	0.00156032302361868
mrentabilidad_rank	0.00222614296445151	0.00270299605729158	0.00411464197770108
Visa_Fvencimiento_lag2	0.00221756118224521	0.00255069677662263	0.00431789604751579
rf_034_050	0.00219314366205539	0.00157185690373227	0.00480793325693208
Visa_Fvencimiento	0.00219077961625223	0.00341660695114584	0.00419817104748795
mcuentas_saldo_rank_lag1	0.00217927823120853	0.00256466728547963	0.00181759255856223
mprestamos_personales_rank_lag2	0.00217015871733847	0.00230960572446267	0.0011226306979355
Visa_mfinanciacion_limite_rank_lag1	0.00216405894041341	0.00187843814297718	0.00337346069845894
Visa_Fvencimiento_lag1	0.00215510718113863	0.00463695134571594	0.00413970069863714
vm_Fvencimiento_lag2	0.00212966187804589	0.00337403492334442	0.00409403814048699
mpasivos_margen_rank_lag2	0.00212449044575525	0.00337699295728433	0.00443706418707839
rf_036_065	0.00206462683256432	0.000765502924641034	0.00029179488378879
Visa_fechaalta	0.00205154660947199	0.0026074053046941	0.00382061965205131
m_deb_aut_rank_delta2	0.00204863289905693	0.00224452082620406	0.00243960569824177
Visa_mpagospesos_rank_lag1	0.00204261090599423	0.00238640063033516	0.0046598083731767
Visa_fechaalta_lag2	0.00204196307690613	0.00210041652364435	0.00380781186135065
rf_016_068	0.00202106810262182	0.00134482735730041	0.00222966930284411
Visa_mpagominimo_rank_lag1	0.00201846859154289	0.00213345769424102	0.0031089519774672
vm_Fvencimiento	0.00200392365904291	0.00346208104840432	0.00389022721020703
vm_mpagospesos_rank	0.00199142240792727	0.000591305237723176	0.00079463988390573
mtarjeta_visa_consumo_rank_delta2	0.00197608656335096	0.00174969649368497	0.00291015279137445
ccomisiones_otras_tend6	0.00196171981599811	0.0030243759477616	0.00335786860543206
cliente_edad_lag1	0.001942240649762	0.00344564197891245	0.00286281965182856
m_inversiones_rank	0.00193972453881564	0.00485782124727486	0.000499503837325466
Visa_mlimitecompra_rank	0.0019336710815752	0.00230100625327664	0.00383175686135622
Visa_mfinanciacion_limite_rank	0.00192037040371674	0.00192614932509296	0.00377885511715787
vm_Fvencimiento_lag1	0.00191632051338621	0.00252112878104568	0.00363295767526348
Visa_fechaalta_lag1	0.00191406821579272	0.00198888627699748	0.00365189093108184
rf_021_053	0.00191287806239675	0.00190819413923493	0.00228034360518148
vm_mlimitecompra_rank_delta2	0.00189805323566516	0.00313513525866883	0.00386906651252769
Visa_msaldototal_rank	0.00189257781121375	0.00152939694075622	0.00225973976796738
vm_fechaalta_lag2	0.00189238035396762	0.00203044108457683	0.0034909582566258
rf_038_063	0.00189021861310602	0.00191129194367013	0.000752875349012297
mcomisiones_mantenimiento_rank	0.00188873306025428	0.00483295254089801	0.00297363488441247
e_y_ratio_lag2	0.00188583426121172	0.00202922656699034	0.00435743314054824
vm_mfinanciacion_limite_rank_delta2	0.00187569584864364	0.00328455242184477	0.00382618825670377
vm_fechaalta	0.00186913308431134	0.0022316289267348	0.00335564116357108
m_anclaje_pesado_rank_lag2	0.00186700780448969	0.00251436835497482	0.00097283523278438
mcaja_ahorro_rank_delta2	0.00185232000130498	0.0028611069006356	0.00314681848910391
numero_de_cliente	0.00182349246522587	0.00455331051921843	0.00321085744260718
Visa_cconsumos_lag2	0.00181828848224067	0.00161058496634144	0.00397598372185488
mpasivos_margen_rank_lag1	0.00179422519602151	0.00197267922672189	0.00324259848912619
vm_fechaalta_lag1	0.00178660528162598	0.00180016068778313	0.00321586918679439
Visa_mlimitecompra_rank_lag2	0.0017676317044936	0.002133647179674	0.00342190755893533
Visa_mlimitecompra_rank_lag1	0.00176478348239861	0.00199336064079733	0.00344919372173237
rf_046_047	0.0017352976219044	0.0014191453374636	0.00306106197745606
Visa_mconsumosdolares_rank	0.00171800805722991	0.00247076128022081	0.00358896569850906
Visa_mfinanciacion_limite_rank_lag2	0.00171542693101379	0.00180016575340824	0.00347536616359892
vmr_Master_mlimitecompra	0.00169746908015669	0.00241562513383049	0.00340130372172123
m_e_sp_rank_delta2	0.00169476307141345	0.00322344802775423	0.00313679500072949
e_y_ratio_delta2	0.00166744048399622	0.00244176728207678	0.00333949221007895
e_y_ratio_lag1	0.00166536855736767	0.00174240434194938	0.00386516848927097
cliente_antiguedad_lag2	0.00165775005536662	0.00301763184426056	0.00287340000066823
Visa_mpagominimo_rank_delta2	0.0016463355024957	0.00211049214904285	0.0033205589542606
vmr_pagominimo_saldo_lag2	0.00164550061607199	0.00204307120185619	0.00316742232631801
vmr_Master_mlimitecompra_lag1	0.00162494871244697	0.00223534945370583	0.0032281201170298
Master_fultimo_cierre_lag1	0.00161739388056184	0.00433877646282984	0.00309892848909277
vm_mpagominimo_rank	0.00161272695267218	0.00175300301740178	0.00161545220967801
Visa_cconsumos_lag1	0.0016066095230375	0.00165240895075885	0.00334728825659239
mcuenta_debitos_automaticos_rank	0.00160049408663367	0.0018900957766854	0.00109367395374271
Visa_msaldopesos_rank	0.00158712500636254	0.00162803159060975	0.00239171569823063
ccaja_seguridad_lag1	0.00157982900429081	0.00088344424390248	0.000111372093049156
Visa_cconsumos	0.00157228010754054	0.00155174562479322	0.00319972023330226
cdescubierto_preacordado_lag1	0.00156915571416058	0.00310174963526852	0.00187494918648255
mtransferencias_emitidas_rank	0.00155718411767258	0.00333281184628034	0.00260109523316305
vmr_Master_mlimitecompra_lag2	0.00155706289249371	0.0022461237569041	0.00309725790769704
vmr_mpagominimo_delta2	0.00154606595378103	0.00180147644023784	0.00189165500043992
rf_063_065	0.00154087558592514	0.00129025999715396	0.00367806337294839
Visa_msaldopesos_rank_delta2	0.00154003372685478	0.00158646067395435	0.00310282651234949
vm_mfinanciacion_limite_rank_delta1	0.00153393471356768	0.00218040038609135	0.00344808000080188
vmr_pagominimo_saldo_delta2	0.00151628881121904	0.00337729328480558	0.00286337651229381
Visa_msaldototal_rank_delta2	0.0015015562157635	0.00147174257701892	0.00305493651233836
vm_mlimitecompra_rank_delta1	0.00149961035588896	0.00271536648850176	0.00345364860545434
vmr_pagominimo_saldo	0.00148152848113389	0.00158867208133261	0.00264285976805648
Master_msaldototal_rank	0.00148086346000293	0.00288942177506913	0.00265566755875713
Master_mpagominimo_rank	0.00146758509236661	0.00285377982325865	0.00283330604717054
rf_039_056	0.0014557227797809	0.00102924127070476	0.00326208860540979
ctrx_quarter_normalizado_lag2	0.00144609180449108	0.00303152999813506	0.00259831093083682
mcaja_ahorro_rank_delta1	0.00143039682443838	0.00392857730869264	0.00274699267505744
vmr_pagominimo_saldo_lag1	0.00142853190685854	0.00173693333096435	0.00274699267505744
cliente_antiguedad_avg6	0.00141670410171608	0.00288907806949373	0.00250475837267553
mcomisiones_mantenimiento_rank_delta2	0.00141399125027964	0.00265714384314225	0.00192172546556319
mcaja_ahorro_rank_lag2	0.00140977897461371	0.00208948217774605	0.0018476630236855
Visa_msaldopesos_rank_delta1	0.00138772571357903	0.00150942813980176	0.00291349395416593
Visa_msaldototal_rank_delta1	0.00136531448895539	0.00171599879090131	0.00280601988437349
rf_034_047	0.00135581500237266	0.00119322318326257	0.00185768651205993
vmr_mpagominimo_delta1	0.0013551017059784	0.00176601380379306	0.00163438546549637
vm_mpagominimo_rank_lag2	0.00135211699663766	0.00146859932752161	0.00185824337252517
internet_tend6	0.00134713656032033	0.00375707626169529	0.000829165232750969
cprestamos_personales_tend6	0.00133221629569734	0.00659318272058824	0.000786843837392289
ctransferencias_recibidas_avg6	0.001320962870344	0.00297626575547744	0.00221073604702575
vmr_Visa_mlimitecompra	0.00131845025473286	0.00151418837177147	0.00249250744244012
Visa_msaldopesos_rank_lag2	0.00129991377234756	0.00130293181365003	0.00237278244241228
vmr_mpagominimo	0.00129973927690156	0.0010212926644163	0.00198576441906646
rf_049_062	0.00129956812166678	0.000879815286354048	0.00219737139585985
vmr_mpagominimo_lag2	0.00128290741341325	0.00124613404517901	0.00208154441908873
rf_051_048	0.00126591479491695	0.000914151587847256	0.000696632442022473
vm_fultimo_cierre_lag2	0.00125851410801176	0.00283875315097347	0.00232711988426212
Visa_msaldototal_rank_lag2	0.00124229150222359	0.00118439813649067	0.00233157476798409
Visa_msaldopesos_rank_lag1	0.00123132859365906	0.00159047416291126	0.00223301046563558
vm_mpagospesos_rank_delta2	0.00122220341258804	0.00183060771488166	0.00213444616328708
atm_ratio_c_lag2	0.00122142959723039	0.00126109846461913	0.0031345675588685
vm_mpagominimo_rank_lag1	0.00121908507716595	0.00181748643575556	0.00160153069804687
vmr_Visa_mlimitecompra_lag1	0.00121854483050433	0.00137669810648017	0.00228201418657721
m_e_sp_rank_delta1	0.00121461523783247	0.0022655733215799	0.00258661686106666
e_y_ratio_delta1	0.0012120755429572	0.00161096193812929	0.00266736162852729
mv_status07_rank_delta2	0.00120701724210061	0.00223137722727381	0.000521778255935297
ctarjeta_visa_debitos_automaticos_tend6	0.00120636238788978	0.00210050443455992	0.000739510697846398
mcomisiones_mantenimiento_rank_lag2	0.00120282808816326	0.00242272541288447	0.00205648569815267
Master_cconsumos_delta2	0.00120228573910883	0.00185680660395181	0.00300147790767476
vmr_Visa_mlimitecompra_lag2	0.00119114425996426	0.00144901799836722	0.00224693197726673
cliente_antiguedad	0.00119031489526527	0.00298151489790495	0.00211774034932971
vmr_msaldopesos2_lag2	0.0011744127650635	0.00178975208972374	0.00236498639589883
rf_002_049	0.00117434233105091	0.0016489407249131	0.0016299305817744
vmr_pagominimo_saldo_delta1	0.00116323558645761	0.0022821614873635	0.00213166186096085
Master_mconsumototal_rank_delta1	0.00114777454756548	0.00188600390639887	0.00263450686107779
rf_051_057	0.00114777025308113	0.00143062861468434	0.0025932991866496
vmr_mpagominimo_lag1	0.0011169686533186	0.00114986911804501	0.00186548255857337
rf_017_049	0.00111530627684859	0.00110380286667813	0.00118444220957778
mtransferencias_recibidas_rank_lag2	0.00110842071678531	0.00179689797881229	0.0023037317447218
mautoservicio_rank_delta2	0.0011052747202118	0.00195358247021989	0.00227199069820279
c_e_sp_delta2	0.0010951526648392	0.00281726037320009	0.00127465360494759
cmobile_app_trx_lag2	0.00109106667984203	0.00244548865331867	0.00165164813991899
Master_mpagospesos_rank_delta1	0.00108523515876661	0.00166070803619806	0.00248638197732241
m_y_sp_rank_delta2	0.00108404054993542	0.00153989542940076	0.00227199069820279
mcaja_ahorro_dolares_rank_delta2	0.00107734137327638	0.00275150059199378	0.00133590825612463
mpayroll_sobre_edad_rank_delta2	0.00107093113289643	0.00450023243344759	0.00105246627931453
mcomisiones_mantenimiento_rank_lag1	0.00107046215867869	0.00257731984871855	0.00193509011672909
Visa_cconsumos_delta2	0.00106543056033093	0.00134425195274939	0.00210270511676807
Visa_fultimo_cierre	0.00106293260302989	0.00265883930398689	0.00197351348883105
ctransferencias_recibidas_tend6	0.00106118748291347	0.0031038378276236	0.00184042383763731
c_e_y_ratio_lag1	0.00106064894098066	0.00145108765558059	0.00163271488410063
vm_fultimo_cierre_lag1	0.00105724232977247	0.00377994093108296	0.00211774034932971
Master_mpagospesos_rank_delta2	0.00105184686801117	0.00211376606643707	0.00237333930287752
rf_055_068	0.00105181324008143	0.00102028494466739	0.00168227546550751
vmr_msaldopesos2_delta2	0.00104772264382098	0.00171840185746739	0.00220294000051231
rf_011_045	0.00102394239924406	0.000946331786555188	0.000579134883855613
Master_status_delta1	0.0010236659428034	0.00123078458970875	0.000537927209427425
m_y_sp_rank_lag2	0.00101137499644614	0.00117449441240118	0.00126630069796891
mtarjeta_visa_consumo_rank_lag2	0.00100416873021456	0.00146293820032651	0.0021906890702769
m_deb_aut_rank_lag2	0.000984649857984438	0.0013778452279624	0.00190780395393205
m_deb_aut_rank_delta1	0.000978911327795592	0.00165689118471573	0.00183374151205436
vm_mconsumospesos_rank	0.000971281841879149	0.00088467995559866	0.000861463139735224
vmr_msaldopesos2_lag1	0.000970475594939381	0.00139663164214407	0.00201026627953727
mcaja_ahorro_dolares_rank_lag2	0.000958454706787577	0.00177701363405589	0.00183040034926288
vm_mlimitecompra_rank_lag2	0.000956219446548062	0.0010613767230575	0.00183596895391534
mcuenta_corriente_rank_delta1	0.000951009641692175	0.00202510179925334	0.0015252408143082
ccomisiones_otras_avg6	0.000950112802847578	0.00232239411826624	0.00161879337246949
vm_mfinanciacion_limite_rank_lag2	0.000947531577252133	0.00106608788057086	0.0018025573260006
Visa_mconsumosdolares_rank_delta1	0.000945171067839789	0.000992219188360975	0.00218512046562445
ctarjeta_visa_transacciones_delta2	0.000944305556622999	0.00131989254548623	0.000855894535082766
mautoservicio_rank	0.00093988374406498	0.00269694618703801	0.00158426802362425
rf_011_063	0.000932937639212308	0.000804844160791551	0.00264787151224369
m_deb_aut_rank	0.000932030763600208	0.00126274219203946	0.00165276186084948
rf_025_047	0.000931651072423308	0.00103801085761548	0.000397041511720242
mttarjeta_visa_debitos_automaticos_rank_delta2	0.000931520358036831	0.00166684536126686	0.00146175872127018
vm_msaldopesos_rank	0.000930924530145146	0.000799253078964441	0.000941651046730616
vmr_msaldopesos_delta2	0.000930032445250231	0.00107893553830659	0.00164552267480128
mtransferencias_recibidas_rank_lag1	0.000925283986494565	0.00228118946959697	0.00188887069811369
vm_mlimitecompra_rank	0.000912054967351992	0.00108509596922481	0.00179921616320912
Master_msaldopesos_rank_delta2	0.000910651586654248	0.00200412727762809	0.00185267476787272
rf_008_060	0.000909587164352284	0.00146017680386118	0.000939980465334879
m_y_sp_rank_delta1	0.000907960554351634	0.00142249028035634	0.00186771000043435
ccaja_ahorro	0.000905717712210398	0.00603944719616009	0.000325206511703536
mcomisiones_mantenimiento_rank_delta1	0.000902272007465526	0.0019277879771839	0.00145396267475674
vmr_msaldototal_delta2	0.000898674243365634	0.00121227382510835	0.00163271488410063
c_e_y_ratio_delta2	0.0008978375173738	0.0014724924448043	0.00181258081437502
vm_msaldopesos_rank_delta2	0.000897482453658672	0.00144933299873363	0.00175745162831569
rf_005_052	0.000889632129420182	0.00118298886405656	0.000675471744343133
c_e_y_ratio_lag2	0.000888604163708112	0.00187986208825646	0.00194901162836024
cproductos_avg6	0.000883029445339273	0.00260977634719335	0.00105859174443223
vmr_msaldopesos2	0.000881397354071344	0.00100691260656165	0.0017819534887865
vmr_mpagospesos_delta2	0.000879840869106091	0.00235803407099862	0.00180701220972256
vm_mconsumospesos_rank_delta2	0.000875495584364297	0.00109046965615949	0.00148236255848427
rf_044_049	0.000874649751121337	0.000977899850077877	0.000652640465268056
cpagomiscuentas_tend6	0.000869028754840428	0.00307157612281347	0.000743408721103118
vm_mfinanciacion_limite_rank_lag1	0.000865513030456117	0.00102834085098824	0.00161823651200424
ctarjeta_visa_transacciones_lag2	0.00086375144428571	0.00146922801817897	0.00178083976785601
m_inversiones_rank_delta2	0.000857071307951449	0.00356489181124866	0.000473331395458914
cajas_ratio_01	0.000854671051509335	0.00250324944370471	0.000365300465201233
mttarjeta_visa_debitos_automaticos_rank_lag2	0.000849944733387833	0.00111857171611257	0.0016956401166734
c_e_y_ratio	0.000846885057408412	0.00122165883694935	0.00176134965157241
vmr_mconsumospesos_lag2	0.000846835889102128	0.00122198803465206	0.00180367104693109
vmr_msaldopesos_lag2	0.000839016704029737	0.000951748143132844	0.00157591511664556
mtarjeta_visa_consumo_rank_delta1	0.000835895353936722	0.00157176046276981	0.00146732732592263
vmr_msaldototal_lag2	0.000835466530632383	0.00104951229151169	0.00161211104688654
mcaja_ahorro_dolares_rank	0.000831551411421864	0.00331353189270756	0.00129915546541841
mcaja_ahorro_dolares_rank_delta1	0.000816723218294544	0.00183300596813345	0.00105190941884928
rf_037_055	0.000815697054988859	0.00130566699890188	0.000691620697835261
ctransferencias_emitidas_tend6	0.000814920355572768	0.00282119801363994	0.00116105407003745
vmr_msaldototal	0.000813352487921152	0.0012047384166203	0.00145173523289575
Master_mpagominimo_rank_delta2	0.000813058948306701	0.00185034377850439	0.00161600907014326
mextraccion_autoservicio_rank_delta2	0.000812870887862889	0.0025571572245257	0.00154807209338327
m_e_sp_rank_lag2	0.000806319982889056	0.00166865086845023	0.00144950779103477
cajas_ratio_01_delta2	0.000803379408867732	0.00118457174574991	0.000324649651238291
vm_msaldototal_rank	0.000797410368152685	0.000895147283855752	0.0009438784885916
vmr_msaldopesos	0.000792847401990409	0.00120245633309699	0.001452292093361
m_deb_aut_rank_lag1	0.000781014665339355	0.00101833024414966	0.00154194662826557
rf_043_063	0.000776392929048353	0.00140556259153454	0.00136430813985216
vmr_msaldototal_lag1	0.000775150776751402	0.000958177304493046	0.00142500593056395
ctarjeta_debito_transacciones_avg6	0.000769024795170658	0.00174940493881717	0.0015909503492072
ccallcenter_transacciones_delta2	0.000762431023667175	0.00186676680685006	0.000554633023384798
vmr_msaldopesos2_delta1	0.000759031401985187	0.00140208277879915	0.00165888732596718
mcaja_ahorro_dolares_rank_lag1	0.000737224540564928	0.00203848215308005	0.00139716290730167
mttarjeta_visa_debitos_automaticos_rank	0.000730737655182508	0.000959622346839377	0.0015241270933777
mtransferencias_emitidas_rank_delta2	0.000729095435512498	0.00239639374038814	0.00119112453516073
Master_msaldototal_rank_delta1	0.000722321311267438	0.00285244511837893	0.00152691139570393
ccomisiones_otras_lag2	0.000720278687835809	0.00188940437708263	0.0013854688375315
rf_034_041	0.000716167145579593	0.00143805080353976	0.000931627558356193
mtransferencias_recibidas_rank_delta1	0.00071203418533313	0.00119468128754646	0.00149461348871968
ctarjeta_visa_debitos_automaticos_avg6	0.000709022685124315	0.00258096117920189	0.00111149348863058
vmr_mpagospesos_lag2	0.000707972359743228	0.000872575828764789	0.00149405662825443
active_quarter_lag2	0.000706485696224025	0.00160741870803732	0.00139382174451019
c_e_y_ratio_delta1	0.000704508827397263	0.00199530979047681	0.00146120186080493
vmr_mconsumospesos_lag1	0.000703794220132051	0.00125222061695401	0.00150964872128131
rf_021_063	0.000701806976340832	0.00125081813750377	0.00079074186064901
vm_mpagospesos_rank_delta1	0.000691385634199529	0.00154580027915292	0.00156087988408393
mpagomiscuentas_rank	0.000688103098615638	0.00166692483917816	0.00105023883745354
vm_mpagominimo_rank_delta1	0.000686962544523653	0.00116493076449286	0.00145953127940919
mttarjeta_visa_debitos_automaticos_rank_lag1	0.000683622218065791	0.00105823577347044	0.00140273151195412
mautoservicio_rank_lag1	0.000677041856720739	0.0013975536635493	0.00153415058175213
mcuenta_debitos_automaticos_rank_lag2	0.000675186571041643	0.00229219655864828	0.00129581430262693
rf_061_070	0.00067475130539893	0.000824921106049253	0.00141720988405051
vmr_mconsumospesos	0.00067206463951446	0.00125554500621841	0.00136319441892167
rf_037_075	0.000668997426753237	0.000623415148456557	0.00166501279108489
vmr_mpagospesos_lag1	0.000668129831970023	0.000923005621251768	0.00125850465145547
rf_001_053	0.000665399074583009	0.00120669930845762	0.000835290697868672
mttarjeta_visa_debitos_automaticos_rank_delta1	0.000663382351771909	0.001288199073777	0.00123233220958891
rf_041_052	0.000658320611623173	0.00111744970926215	0.000986199883950279
mpagomiscuentas_rank_lag2	0.000651338116762064	0.00177200815595987	0.00132031616309775
m_y_sp_rank_lag1	0.000649602647140327	0.00224739009525328	0.00125683407005973
c_e_sp_delta1	0.000642146219194461	0.00264288413755329	0.000966709767666677
ctarjeta_visa_transacciones_avg6	0.000638543237108483	0.00115866011255919	0.00111761895374828
ccaja_seguridad	0.000632997125495392	0.00444667664564233	0.000226085348889787
Visa_mpagado_rank_delta2	0.000626979011518028	0.00330731283833853	0.000909910000211607
Master_mpagominimo_rank_delta1	0.000617167145679897	0.00163782935385509	0.00129358686076595
cpayroll_trx	0.00061177762274136	0.00208562757668191	0.000106360348861944
seguros_ratio_01_delta2	0.000607585435961818	0.00225287259608533	0.00105190941884928
vm_mconsumospesos_rank_lag2	0.000603043843461078	0.00115202441537648	0.00118165790725155
vm_msaldototal_rank_lag2	0.000602971060849487	0.00075943929374299	0.00105246627931453
vmr_mconsumospesos_delta2	0.000594108047623586	0.00117564011706106	0.00128133593053054
vm_mconsumototal_rank_delta1	0.000590921593918578	0.00110889169468626	0.00127019872122563
contactos_delta2	0.000589403918183148	0.00138627284636073	0.000410963023351387
ccaja_ahorro_lag2	0.000586819344823903	0.000735974706836782	0.000208822674467168
rf_014_046	0.000586018785155273	0.00102403327435099	0.00109701511653419
mcuenta_debitos_automaticos_rank_lag1	0.0005852759894933	0.00106614466991603	0.000981188139763067
rf_029_057	0.000578937584282885	0.000955223035807057	0.000535142907101196
vm_fechaalta_delta2	0.000577863141816084	0.00263293495869743	0.000522335116400543
mtransferencias_emitidas_rank_delta1	0.000574178775056678	0.00189862607588709	0.000946662790917829
m_pagos_rank	0.000560382058976656	0.000933931437103179	0.000998450814185686
ctarjeta_debito_avg6	0.000552289563884298	0.00441411593309067	0.000787400697857535
mautoservicio_rank_delta1	0.000548574365198994	0.00131612463260056	0.00105079569791879
cajas_ratio_01_delta1	0.000542403290307392	0.00192185447074406	0.000317967325655341
rf_006_065	0.000541779104411607	0.00116240113493298	0.000613103372235605
rf_018_059	0.000532814214322803	0.000991352151308061	0.00122342244214498
ccomisiones_mantenimiento_delta1	0.000529275786775496	0.00278299733889007	0.000208822674467168
ccomisiones_mantenimiento_avg6	0.000528837259577856	0.00322846908119184	0.000531801744309721
vmr_mpagospesos_delta1	0.000528563243030814	0.00129250969755273	0.00123400279098465
vm_mconsumosdolares_rank_lag2	0.000523786312224104	0.00267256564389074	0.00104912511652305
rf_041_044	0.000517797571950063	0.00122711583497909	0.000843643604847359
c_e_sp_lag2	0.000500446640090001	0.00122337220215863	0.000993439069998474
Visa_mpagosdolares_rank_delta2	0.000495543931790371	0.00116529565447369	0.0012150695351663
vm_mpagospesos_rank_lag2	0.000491935659675694	0.000786338694718566	0.00101237232581683
ccomisiones_otras	0.000491177318602145	0.00102896491271231	0.000772922325761145
ccallcenter_transacciones_delta1	0.00048386682392702	0.00456600750857187	0.000414304186142861
ctarjeta_debito_transacciones_delta2	0.000465629455641521	0.00229058167229662	0.000892647325788988
rf_046_053	0.000464501534383793	0.000629482234072112	0.000770694883900162
ccomisiones_otras_lag1	0.00046370183782598	0.00103966309567417	0.000809675116467366
mpayroll_sobre_edad_rank_lag1	0.000461758515271791	0.00163357182210044	0.000640946395497895
vm_Fvencimiento_delta2	0.000461643943647986	0.000955452570732096	0.000486139186159567
vmr_mconsumospesos_delta1	0.000458990999744709	0.00125133307479407	0.00106026232582797
rf_025_055	0.000456624667523978	0.000980357163472307	0.000691620697835261
rf_018_063	0.000452983484827094	0.000717394352968737	0.00023499511633372
ccomisiones_mantenimiento_delta2	0.000446080543691323	0.0023733710661956	0.000234438255868474
mcajeros_propios_descuentos_rank_delta1	0.000444031486886718	0.000311704070989453	0.000405394418698929
rf_037_071	0.00044381060041508	0.00127832626746839	0.000747306744359839
rf_042_044	0.000440649469517197	0.000924239110671795	0.00080132220948868
rf_061_055	0.000439494354040818	0.00145126441872521	0.000752318488547051
rf_014_056	0.000439125502375876	0.00103214654256851	0.000864804302526699
vm_mconsumospesos_rank_lag1	0.000438891216684442	0.000654099852356513	0.000875941511831614
rf_023_052	0.000428940959292619	0.000958370797786513	0.000772922325761145
vm_mpagospesos_rank_lag1	0.000426102177275791	0.000709625459920748	0.000759557674595246
rf_058_051	0.000423719246140681	0.00118542447871965	0.000578021162925121
mv_status07_rank	0.000410934639987399	0.00112818949439809	0.000460523604758261
rf_044_071	0.000409158545759205	0.000447401823105093	0.000669346279225429
rf_056_060	0.000408129126805008	0.000965998784940469	0.00073784011645066
matm_rank	0.000408110186553539	0.00160506937397367	0.000923274651377506
mtarjeta_visa_consumo_rank_lag1	0.000405778168513661	0.00129555375978125	0.000874270930435877
atm_ratio_c_delta2	0.000405322263315655	0.001205634187995	0.000736169535054923
rf_019_064	0.000398105957961579	0.000589002600571515	0.000702201046674931
rf_062_059	0.000397697360957729	0.00124521186850558	0.000313512441933375
rf_057_048	0.000396180960243024	0.00152000628103433	0.00101738407000404
ccuenta_debitos_automaticos_tend6	0.000393507868696926	0.00253180996213933	0.000433794302426464
rf_016_065	0.000382010772729176	0.00143646288533408	0.000510084186165136
rf_066_015	0.000368525373969726	0.00121777461847553	0.000415417907073353
rf_026_051	0.000364782468549329	0.000866355085854046	0.000691620697835261
Visa_mpagado_rank_lag1	0.000359913035658544	0.00102377789697444	0.000653197325733302
mv_status07_rank_lag2	0.000359816173311164	0.00129055510378189	0.000581919186181842
vm_cconsumos_lag2	0.000351201538838045	0.000907206033557357	0.000580248604786104
rf_033_052	0.000346510504409168	0.000572037511521373	0.000250587209360602
rf_055_050	0.000342747085930269	0.000906172024960867	0.000588601511764791
rf_049_059	0.000342016076794996	0.000647344191078628	0.00068382465132182
rf_012_059	0.000341351292725494	0.000909763514351113	0.000533472325705459
rf_052_051	0.00034065027121163	0.000923204316030028	0.000605307325722165
mtarjeta_master_consumo_rank_delta1	0.000336113359991769	0.00245331066750054	0.000382563139623852
Visa_mpagado_rank	0.00033539555507828	0.000922208425777323	0.00056632709315496
mtarjeta_master_consumo_rank_lag1	0.000328993339202675	0.00308823999155019	0.000701644186209685
atm_ratio_c_delta1	0.000325643589130947	0.00110337667486999	0.000601409302465444
ctarjeta_visa_transacciones_delta1	0.000323127942160748	0.00268574728353067	0.000322979069842553
ccuenta_debitos_automaticos_avg6	0.000318175787976844	0.00137714372622219	0.000581919186181842
vm_cconsumos_delta2	0.000317368659190948	0.000606040287210723	0.000257269534943551
rf_065_056	0.000313368394912535	0.000811178734703466	0.000611432790839868
rf_054_027	0.00031129992490813	0.00071384426196306	0.000111372093049156
Master_mpagado_rank	0.000307463738941979	0.001280349974998	0.000576350581529384
ctarjeta_visa_transacciones_lag1	0.000302194371872421	0.00060558693317136	0.000549621279197586
mpagomiscuentas_rank_delta1	0.000298731170742376	0.00143461682403698	0.000510084186165136
rf_062_066	0.0002924154247947	0.000890444743727643	0.000524562558261526
Visa_mpagado_rank_delta1	0.000290795001228423	0.00100951801670875	0.000520664535004806
rf_006_053	0.000290681893543969	0.0017694692685334	0.000506186162908415
rf_048_063	0.00029010516753645	0.00104090122373176	0.000174854186087175
vmr_Master_mlimitecompra_delta2	0.000285745697577895	0.00185419721505701	0.00056632709315496
Visa_msaldodolares_rank_lag1	0.000284967058709774	0.00121374054677749	0.000497833255929729
rf_026_012	0.000281762361836348	0.000722562387168816	0.00013197593026325
rf_035_038	0.000276610022315881	0.000998532073245812	0.000165387558177997
rf_011_043	0.000274006503018821	0.000306441672539127	0.000118054418632106
cmobile_app_trx	0.000269774392113331	0.0029251442237385	0.000401496395442209
cproductos	0.000246101448054612	0.000828519378719109	6.18115116422818e-05
matm_rank_delta1	0.000231242798186184	0.00167339332221072	0.000491150930346779
mv_status07_rank_lag1	0.000226340117685553	0.00206390592387335	0.00050562930244317
cpayroll_trx_avg6	0.000225549228619666	0.00130708338456053	0.000295136046580264
vm_mconsumosdolares_rank_delta2	0.000215734385585962	0.00106540734003803	0.000393700348928768
vmr_mconsumosdolares_delta2	0.000213695967184575	0.00141170967909159	0.000420986511725811
mtarjeta_visa_descuentos_rank_lag2	0.000205816262857492	0.000782469236428271	0.000325763372168782
mv_status07_rank_delta1	0.000185330786161417	0.00137583916278233	0.000300704651232722
Visa_msaldodolares_rank_delta2	0.00018170515132406	0.000711205255658576	0.000335230000077961
vmr_mpagado	0.000174638966755817	0.00075355796712355	0.00031685360472485
cextraccion_autoservicio_delta2	0.000174502144036032	0.000581841854256809	0.000326877093099274
ctransferencias_recibidas_delta2	0.000173315839065651	0.00155374267471327	0.000223301046563558
rf_026_052	0.000162798228171198	0.000536364224646714	0.000307943837280917
rf_023_064	0.000160484426942193	0.000638858939064271	0.000261167558200272
rf_052_045	0.0001583339485216	0.00076963142851916	0.000330775116355994
rf_040_012	0.00015704594915848	0.000529120875648123	0.000113599534910139
mttarjeta_master_debitos_automaticos_rank_lag1	0.000150790471260949	0.00138867853307773	0.000287896860532069
c_y_sp_delta2	0.000144702739629341	0.00214130743350135	0.00027453220936617
vm_status02_lag1	0.000140759297075005	0.00148867342943035	0.000329661395425503
vm_msaldodolares_rank_lag2	0.000138357289665603	0.00253441430481754	0.000297363488441247
vm_mconsumosdolares_rank_delta1	0.000137148216860533	0.000637075897248989	0.000253928372152076
visitas_delta2	0.000136735241036637	0.00172367667737394	0.000267293023317975
mcaja_ahorro_adicional_rank_lag2	0.000136014400755471	0.00206523306913245	0.000228869651216016
rf_039_044	0.000122189657315028	0.000966093178303504	0.000251700930291093
rf_051_047	0.000118315543263303	0.000801215484666736	0.000173183604691438
cajas_ratio_01_lag2	0.000117996388914657	0.00206551213461418	0.000250587209360602
rf_037_059	0.000117260676126881	0.000382862197661895	0.00019267372097504
vmr_msaldodolares_delta2	0.000114092229578372	0.00123752520937949	0.000222744186098313
hb_cajas_delta2	0.000113155769232658	0.00146800859023556	0.000223857907028804
rf_033_056	0.000109033079522665	0.000327346692235105	0.00017819534887865
ccajeros_propios_descuentos_tend6	0.000107351916156597	0.00208077088434121	0.000160932674456031
rf_017_055	0.00010253695969557	0.000379668185166532	0.000143670000033412
ctransferencias_emitidas_delta2	0.000102506429109026	0.00101232825472813	0.000155920930268819
rf_029_061	0.000100440321257883	0.000823988710787227	0.00021383441865438
rf_044_064	0.00010026153601949	0.000444542588263474	0.00017819534887865
mttarjeta_master_debitos_automaticos_rank_delta1	0.000100073951120766	0.00127356410435041	0.000177081627948159
Master_msaldodolares_rank_delta1	9.8377547061286e-05	0.000371970142940329	0.000171513023295701
c_ganchos_liviano_lag1	9.7451304218591e-05	0.00172372486874238	0.000135317093054725
rf_016_067	9.30274852304266e-05	0.000678396832097887	0.000324092790773045
cextraccion_autoservicio_lag1	9.29955295340346e-05	0.00148081151132036	0.000184877674461599
rf_035_061	9.24405895070363e-05	0.000317852206606865	0.000140885697707183
rf_045_062	8.93007307687936e-05	0.000851294836820015	0.000125850465145547
rf_059_044	8.51532976670736e-05	0.00105778747535193	0.000165387558177997
rf_019_016	8.16000154242362e-05	0.000906689883234227	0.000154250348873081
rf_048_059	7.96742744195346e-05	0.00056608886643176	0.000159818953525539
m_p_sp_rank_delta2	7.71019421262211e-05	0.00122237753464303	0.000127521046541284
ctarjeta_visa_debitos_automaticos_lag2	6.8206269553739e-05	0.000553983089873235	9.96780232789949e-05
rf_058_041	6.35564267093625e-05	0.000487941593921484	0.000132532790728496
c_deb_aut_lag1	6.30507040940791e-05	0.00042193251991133	0.000113599534910139
c_y_sp_lag1	6.1278189847692e-05	0.000259485307382697	0.000111928953514402
contactos	5.9189485167214e-05	0.000569529396311842	9.24388372307997e-05
cextraccion_autoservicio_delta1	5.82296706257715e-05	0.00138533878196553	0.000124736744215055
vmr_mpagosdolares_delta2	5.42370280693997e-05	0.00115541167855874	0.000132532790728496
ctransferencias_recibidas_delta1	5.18036836071016e-05	0.000418836471947666	8.68702325783419e-05
rf_050_050	5.08808932169001e-05	0.000483390857574392	0.000115270116305877
p_e_ratio_lag2	4.96823545648254e-05	0.000354395645602756	7.85173255996552e-05
rf_049_057	4.58646375439844e-05	0.000423211279716733	8.46427907173588e-05
catm_trx_other_delta1	4.01104263460824e-05	0.000850534119668963	7.40624418776889e-05
rf_012_067	2.65954180908367e-05	0.000132873569070802	3.28547674495011e-05
c_deb_aut_delta1	2.44866596174579e-05	0.000439050887790414	5.40154651288408e-05
rf_030_068	2.40763743703874e-05	0.000408884032459555	5.17880232678577e-05
ccajeros_propios_descuentos_avg6	2.11857361438469e-05	0.000366027126323067	4.8446860476383e-05
rf_029_076	2.07590219554099e-05	9.49586460396529e-05	3.22979069842553e-05
ccajas_consultas	1.82502261535135e-05	0.000784094448115416	4.23213953586794e-05
ccuenta_debitos_automaticos_delta1	1.45625071410369e-05	0.000276076219472636	2.95136046580264e-05
cpayroll_trx_lag1	1.3379416740794e-05	0.000203777618737901	3.0627325588518e-05
catm_trx	5.5700374801237e-06	0.000294796799936326	1.7819534887865e-05
