Feature	Gain	Cover	Frequency
mcaja_ahorro_rank	0.0342825430467081	0.00192538911747724	0.00116254537910097
rf_042_058	0.0335435606641764	0.00190096123095899	0.00232815469557156
m_e_sp_rank	0.0315981464638496	0.00208203014498648	0.00111045844381746
c_e_sp	0.023573564607874	0.000874325113339055	0.000545380851792097
rf_027_054	0.0219025725179381	0.00252731739684434	0.00175694922880696
rf_021_074	0.0193144986183793	0.00134681111638392	0.00376032656319896
ctrx_quarter	0.0173045708246802	0.0019197258809117	0.000815007340318527
rf_024_062	0.0162207497354165	0.0019267797579866	0.000856151642139119
rf_024_045	0.0153015996921261	0.0025456196316491	0.00236754817603808
vm_status06_delta2	0.0125727809861742	0.00193760400702059	0.000307706852977403
cdescubierto_preacordado	0.0125449598383257	0.00589182152363504	0.00270195505466502
ctrx_quarter_normalizado	0.0100793591212363	0.00195212265078135	0.000815007340318527
foto_mes	0.00974787510836178	0.0102686344687331	0.0031020177340695
m_y_sp_rank	0.00940241638363297	0.00278481452345639	0.00115685520970025
mcuentas_saldo_rank	0.00921146604406076	0.00585178923695429	0.00204364622553555
vm_status01	0.0083079623075726	0.00387403377645304	0.00127985040982351
ctrx_quarter_lag1	0.00789244567719736	0.00187748196908948	0.000922682853593692
mpasivos_margen_rank	0.00663194041153871	0.00303235861818923	0.00308363410985178
mcuenta_corriente_rank	0.00642385187293651	0.00415148840567796	0.00286521914593184
rf_049_064	0.00632262090602364	0.00105216083423237	0.000667500641238321
thomebanking	0.00623524012830507	0.00387089545734142	0.0103517312559254
rf_043_049	0.00575753620052292	0.0018389302126955	0.00258858937198913
m_e_sp_rank_lag2	0.00557964654450718	0.00154084559061279	0.00143829974236664
mrentabilidad_annual_rank_delta2	0.00554565535923742	0.00579249422976134	0.0106835119025213
Visa_mpagospesos_rank	0.00546054529209349	0.00214173578174281	0.00478368164465155
mrentabilidad_annual_rank_delta1	0.00545301192174372	0.00464316678636678	0.00971618310439885
rf_006_073	0.00544221642695055	0.00105313856976209	0.000650867838374678
mcuentas_saldo_rank_delta2	0.00533475018549643	0.00385921718318658	0.00685752953854477
mtarjeta_visa_consumo_rank	0.00514008568743958	0.00145340559135351	0.000905174640053015
m_y_sp_rank_lag1	0.00512593866894883	0.00184202212776259	0.00109295023027678
rf_057_059	0.00501469548338777	0.00070853286729783	0.000593528439028959
rf_022_058	0.00483229230960781	0.00122433416371475	0.0034613738169919
ctrx_quarter_normalizado_lag1	0.00466337465637537	0.00143354700794764	0.000931874665702548
mactivos_margen_rank_delta2	0.00446935272391901	0.00455765864440269	0.00856545576943784
m_anclaje_pesado_rank	0.00444634452745633	0.0050011843412309	0.000902548408021913
mrentabilidad_annual_rank_lag2	0.00432027121286583	0.00420722869980806	0.00643820782424555
cproductos_delta2	0.00430954112441698	0.00142583622181151	0.000230670713398423
mrentabilidad_rank_delta2	0.00412070223206684	0.00353119170217547	0.00834047522544014
ctrx_quarter_normalizado_lag2	0.00411297788452371	0.00280296970858269	0.00264155171794968
rf_001_045	0.00406466297230498	0.00229578306587405	0.0018121001014601
rf_002_051	0.00400425160204142	0.00164409222036311	0.00126584383899097
rf_004_063	0.00396096061555794	0.000994710893457426	0.00246253023449626
Master_mlimitecompra_rank_delta2	0.00392785374235068	0.005434649996604	0.00887841508647744
mprestamos_personales_rank	0.00392654791767027	0.00276604137861633	0.000986150127678647
mrentabilidad_rank_delta1	0.00390105462404337	0.00397358058659529	0.00772637463550088
mcomisiones_otras_rank_delta2	0.00389812928316607	0.00312001980235563	0.00793559778731197
mactivos_margen_rank_delta1	0.00386671336506587	0.00388822827091522	0.00756836300829627
mcomisiones_rank_delta2	0.00385074192560784	0.00313622207355695	0.00788832561075215
cproductos_tend6	0.00385009244967639	0.00443070448880293	0.000748038423525436
Master_mfinanciacion_limite_rank_delta2	0.00380846849148346	0.00389278748996063	0.00856414265342229
ctrx_quarter_normalizado_delta2	0.00374043853075433	0.00247068048035638	0.00337470815996554
m_anclaje_pesado_rank_delta2	0.00373725997557347	0.00564473994517976	0.00125665202688211
m_e_sp_rank_lag1	0.00372507864456103	0.00175161762952299	0.00114591257623733
mactivos_margen_rank	0.00365317633790854	0.00400594319632694	0.00366184286203265
Master_mlimitecompra_rank_delta1	0.00359187218690515	0.00365659609704594	0.00854269509183496
mpasivos_margen_rank_delta2	0.00357003938949469	0.00359613852551143	0.00766640900412406
ctarjeta_visa_transacciones_tend6	0.00356222284325389	0.0039845936301666	0.00187950672359171
ctrx_quarter_delta2	0.00355059862858085	0.00263954050760531	0.00346531316503855
ccomisiones_mantenimiento_tend6	0.00354913263924487	0.0065263550010008	0.000865343454247974
Master_mfinanciacion_limite_rank_delta1	0.00353911257887128	0.00404157487131061	0.00846740977361005
rf_045_060	0.00352089515585745	0.000943602024915255	0.00248791714413024
Visa_mlimitecompra_rank_delta2	0.00345923144844709	0.0037996185632297	0.00707419368111065
mcuenta_corriente_rank_lag1	0.00344716593944404	0.00350659825203634	0.00254744507016854
mcomisiones_otras_rank_lag2	0.00338915336339091	0.00270553560437491	0.00623861418988183
Visa_mfinanciacion_limite_rank_delta2	0.00337964032717171	0.00365959196065288	0.00697789850663693
mcomisiones_rank_lag2	0.00333280866895947	0.00274529787499333	0.00626093716214619
chomebanking_transacciones_lag2	0.00332175806373325	0.00309280121531772	0.00618740266527535
mrentabilidad_annual_rank_lag1	0.00331898054335723	0.00342561260462165	0.00511196064853925
ctrx_quarter_lag2	0.00325005278535318	0.0023759983079094	0.00254306801678337
mpasivos_margen_rank_delta1	0.00323198165056131	0.00395351384233152	0.00668594904584613
Master_Fvencimiento_lag2	0.00319866069132608	0.00336062956966128	0.00631608803479933
Visa_mlimitecompra_rank_delta1	0.0031869354970697	0.00407171354698238	0.0069411312582015
Master_fechaalta_lag2	0.00317841952779684	0.00332446819944394	0.00600619265512934
Master_fechaalta_lag1	0.00315495788290658	0.0034048741213615	0.005855184313341
Master_fechaalta	0.00314577462108808	0.00315397150501184	0.00591383682870227
Visa_mpagospesos_rank_delta2	0.00312239121875889	0.0028072966329108	0.00686628364531511
Visa_mfinanciacion_limite_rank_delta1	0.00311603940598042	0.00353381194151164	0.00687022299336176
Master_Fvencimiento	0.00311390398320306	0.00293030460994568	0.006191342013322
chomebanking_transacciones_delta2	0.00304879666952122	0.00389450161520256	0.0054805085435705
Master_Fvencimiento_lag1	0.00301182282784996	0.00285312504046643	0.00596285982661616
mcomisiones_rank	0.00298898033494479	0.00322505736528771	0.00540916257339224
mrentabilidad_annual_rank	0.00290262758834874	0.00415655271656731	0.00453812894974355
Master_mfinanciacion_limite_rank	0.00288983770714557	0.00414746315820408	0.00578471375383977
mcomisiones_rank_lag1	0.0028789089554058	0.00247815273063348	0.00537370844097237
mcomisiones_otras_rank_lag1	0.00285958457584395	0.00254112683308772	0.00535970187013983
mcuentas_saldo_rank_lag2	0.00281078312659983	0.00328058411701987	0.00367409861151113
mrentabilidad_rank_lag2	0.00280765916136159	0.00374748273070771	0.00544374129513508
chomebanking_transacciones_delta1	0.00278232870765808	0.00367582170299077	0.00479593739413002
rf_017_041	0.00276805024819566	0.00175433766933849	0.00133281275578406
rf_026_045	0.00276490816403425	0.00250527881297118	0.00286653226194739
mcuentas_saldo_rank_delta1	0.00276067605550404	0.00380984702882898	0.00404177109586535
cliente_edad_avg6	0.00271444390304348	0.0038728494475744	0.00409823508453403
Visa_Fvencimiento_lag2	0.00271385991237707	0.00287958201317764	0.00463836347226393
chomebanking_transacciones_lag1	0.00267804674910251	0.00273814354732017	0.00480075215285371
Visa_mconsumospesos_rank_delta2	0.00262587274627268	0.00221429858220424	0.00590683354328599
Visa_mpagominimo_rank	0.00260567324159946	0.00202556017181624	0.00310376855542356
Master_mfinanciacion_limite_rank_lag2	0.00257225429393145	0.00262345417427987	0.00523933290204767
Master_mfinanciacion_limite_rank_lag1	0.00256182436058207	0.00344375834135283	0.0052787263825142
Master_mlimitecompra_rank_lag2	0.00256161776977833	0.00253588085729865	0.00522226239384551
Visa_mpagospesos_rank_delta1	0.00254333907422186	0.00207546075820897	0.00599831395903603
cliente_edad_lag2	0.0025329524867253	0.00375649947575076	0.00336551634785669
mcuenta_corriente_rank_lag2	0.00250876211457316	0.00343762265613718	0.00282276172809569
mcuenta_corriente_rank_delta2	0.00249657065712207	0.00380741650142018	0.00243539250350821
Visa_mconsumospesos_rank	0.0024961699659845	0.00246854437736397	0.00515923282509908
internet_avg6	0.00249197376811086	0.00519445896367773	0.00119055852076605
Visa_Fvencimiento	0.00248593935366791	0.0033362397078769	0.00438887142930927
rf_021_053	0.00248269516530023	0.00255396021688706	0.00303767504930751
Visa_Fvencimiento_lag1	0.00246380771276452	0.00509291372406184	0.00436260910899826
Visa_mconsumospesos_rank_lag1	0.00243646501575381	0.00202228870834772	0.00519030990413378
mcaja_ahorro_rank_lag1	0.00242702607787647	0.00214533553360044	0.00138008493234389
mactivos_margen_rank_lag2	0.00242326991346079	0.00423071093055402	0.00439806324141813
mactivos_margen_rank_lag1	0.00241683142900733	0.00426345495061491	0.0035414738939405
mrentabilidad_rank	0.00238864456013569	0.00288805938343851	0.00400150220472179
vm_Fvencimiento_lag2	0.00238520118276823	0.00327434163893463	0.00417877286682115
rf_007_051	0.0023474317157076	0.00163061199712242	0.00165540159027104
m_anclaje_pesado_rank_delta1	0.00234444705383935	0.00485629784682701	0.000899922175990812
tcallcenter_delta2	0.00232600509481179	0.00179018904840284	0.00144836696515253
rf_062_068	0.00231796423367493	0.000748124705626934	0.0020344544134267
mprestamos_personales_rank_lag2	0.00230535940189175	0.00270701694369857	0.00111002073847894
vm_mpagospesos_rank	0.00226882342612451	0.000560939248774527	0.000715648228475183
Visa_mpagospesos_rank_lag1	0.00226673516637851	0.00231521244076223	0.00486553254295421
Visa_fechaalta_lag1	0.00226576016820434	0.00210949816098727	0.00373669047491905
mpasivos_margen_rank_lag2	0.0022651095217894	0.00347652312910177	0.00444095836459279
mprestamos_personales_rank_delta1	0.00224857838323667	0.00355190449851433	0.000860528695524288
Visa_fechaalta	0.00223830225358097	0.00266738023993974	0.00389120045941552
vm_Fvencimiento	0.00222611696906472	0.00321627242376097	0.0039397857519909
Visa_mlimitecompra_rank	0.00221034789381094	0.00225147072121651	0.00383167253337722
rf_034_050	0.0021992666830038	0.00126538030364357	0.00396254642959378
vm_fechaalta_lag2	0.00219849518028925	0.0021993776304024	0.00353578372453977
Visa_fechaalta_lag2	0.00219365516000585	0.00222051445597815	0.00389689062881624
Visa_mpagominimo_rank_lag1	0.0021853995975877	0.00185053748663961	0.00303548652261492
Visa_mfinanciacion_limite_rank	0.00217148033650955	0.00216508776477289	0.0039603579029012
vm_Fvencimiento_lag1	0.00215471765956908	0.00271584422963829	0.00385924796970379
vm_mfinanciacion_limite_rank_delta2	0.00213178920485988	0.00369076749655929	0.00400456614209141
e_y_ratio_lag2	0.00211441686112386	0.00201963742944441	0.0045652666807316
ccomisiones_otras_tend6	0.00211382247069627	0.00321589000213561	0.00334450649160788
m_anclaje_pesado_rank_lag2	0.00211095328148679	0.00323224401109524	0.00104042558965475
rf_036_065	0.0020940345423423	0.000635429716875814	0.000289323228759692
numero_de_cliente	0.00209094982806845	0.00465976236507377	0.00340578523900025
cliente_edad_lag1	0.00208129218263786	0.00357529521418556	0.00292824871467827
Visa_cconsumos_lag2	0.00207759715809035	0.00164963869556879	0.00429782871889775
vm_mlimitecompra_rank_delta2	0.0020692098663267	0.00326260935434378	0.00396692348297895
Visa_mlimitecompra_rank_lag1	0.00206293366084674	0.00229217466021111	0.00368722977166663
Visa_mlimitecompra_rank_lag2	0.00205046711549619	0.00215753108571739	0.00365352646060083
vm_fechaalta_lag1	0.00204398391513368	0.00190575771451974	0.00335982617845597
Visa_mfinanciacion_limite_rank_lag1	0.00203084709305428	0.00208187077916606	0.00360712969471803
ctrx_quarter_delta1	0.00200489458577748	0.00270950348968852	0.00135382261203287
vm_fechaalta	0.00198343342346508	0.00233738695728015	0.00342679509524906
Visa_msaldototal_rank	0.00197984249012885	0.00153090224550564	0.00231721206210864
Visa_mfinanciacion_limite_rank_lag2	0.00196797282985981	0.00207217383635699	0.00359662476659363
mpasivos_margen_rank_lag1	0.00194259267759424	0.00207604587969321	0.00330423760046432
rf_046_047	0.00193546537288381	0.00141964539928704	0.00331780646595834
e_y_ratio_lag1	0.00192868782447031	0.00185959580317648	0.00408685474573259
vm_status_SP	0.00191173836938115	0.00256970649467076	0.000315147843732191
m_deb_aut_rank_delta2	0.0018987014512141	0.00197900688165348	0.00218458734453801
vmr_Master_mlimitecompra	0.00189794380896362	0.00271060044258295	0.00353315749250867
mtarjeta_visa_consumo_rank_delta2	0.00188600325430923	0.00160924346915995	0.00262623203110159
vmr_Master_mlimitecompra_lag1	0.00187641552055383	0.00224207697942938	0.0033580753571019
m_e_sp_rank_delta2	0.00186266661019713	0.00303997377905427	0.00306131113758742
rf_016_068	0.00185491216618225	0.00122097413237731	0.00197230025535729
mcomisiones_mantenimiento_rank	0.00185325008617393	0.0043901071909835	0.002882289654134
cliente_antiguedad_lag2	0.00184299405493112	0.00300175088893289	0.0029676421951448
Visa_mconsumosdolares_rank	0.00181025178610365	0.00225074983322901	0.00364696088052308
m_inversiones_rank	0.00180469656225064	0.00420698884204054	0.000417133187606636
vmr_mpagospesos	0.00179220479771327	0.000801795794002529	0.00135688654940249
e_y_ratio_delta2	0.00179055379552917	0.0023343917365686	0.00332874909942127
vm_mfinanciacion_limite_rank_delta1	0.00178620591227763	0.00262305838187518	0.00375069704575159
Master_fultimo_cierre_lag1	0.00178514143540262	0.00323124599907844	0.00313178169708865
vmr_pagominimo_saldo_lag2	0.00177785302173465	0.00195818045897271	0.00316110795476928
mcaja_ahorro_rank_delta2	0.00177140012211301	0.00269219771383867	0.0030039717382417
Visa_mpagominimo_rank_delta2	0.00176173959094841	0.00227427380883384	0.00314622597325971
Visa_cconsumos_lag1	0.00175886141085637	0.00152017835316384	0.00345787217428376
vmr_Master_mlimitecompra_lag2	0.00173976959532378	0.00231288976808394	0.00328497856556957
vm_mlimitecompra_rank_delta1	0.00171457278562977	0.003143773963403	0.00365090022856973
mcomisiones_mantenimiento_rank_delta2	0.00168233840068428	0.00319314905144092	0.00214169222136335
Visa_msaldopesos_rank_delta2	0.00167356335535125	0.00164411070541135	0.00303329799592234
rf_002_049	0.00167274898349836	0.00240917064076857	0.00228350875104283
Visa_msaldototal_rank_delta2	0.00166095439108142	0.00142540655098702	0.00302016683576683
Visa_cconsumos	0.00166072912529022	0.00142977511182084	0.00327666216413775
vmr_pagominimo_saldo_delta2	0.00164891422057433	0.00298040832238636	0.00277155020348921
Visa_msaldopesos_rank	0.00163583457746576	0.00157518893213608	0.00230714483932275
rf_038_063	0.00162582645013621	0.00110479221629711	0.000511239835387776
Master_status_delta1	0.00160080155187879	0.00155264100175175	0.000547569378484682
cliente_antiguedad_avg6	0.00159614540919323	0.00310472726424393	0.00259559265740541
rf_063_065	0.00155972881821715	0.00128286481163441	0.00356817391959003
vmr_pagominimo_saldo	0.00155810944627181	0.00140665231738428	0.00242620069139935
vmr_pagominimo_saldo_lag1	0.00155126928049089	0.00170617894659538	0.00268707307315544
cdescubierto_preacordado_lag1	0.00154278416254393	0.00316566637164649	0.00200556586108458
Master_msaldototal_rank	0.00153795000493735	0.00283691709878333	0.00243451709283117
Master_mpagominimo_rank	0.00153031492111738	0.00246618042213362	0.00245114989569482
rf_034_047	0.00152114788867281	0.00123570010628845	0.0020086297984542
Visa_msaldopesos_rank_delta1	0.00149448833114173	0.00145202358297884	0.00278905841702989
vmr_mpagominimo_delta2	0.00148888580266181	0.0017989437232816	0.00176876727294692
Visa_msaldototal_rank_delta1	0.00148614734304522	0.00167799629097237	0.00278293054229065
ccaja_seguridad_lag1	0.00148164241072386	0.000680913077421021	8.09754876256324e-05
mtransferencias_emitidas_rank	0.00146971126374574	0.00276126060626306	0.00205458885899848
mcaja_ahorro_rank_delta1	0.0014597173664043	0.0037196936209673	0.00256057623032405
vm_mpagominimo_rank	0.00145652754926134	0.0013741932300034	0.00154685066631884
rf_051_048	0.00145069486276838	0.00145085750799505	0.000973456672861656
vmr_Visa_mlimitecompra	0.00143707776604464	0.0015819604119948	0.0025281860352738
ctarjeta_visa_transacciones	0.00142955366113958	0.00187095393709947	0.000591777617674892
mcuentas_saldo_rank_lag1	0.00142044469713122	0.00256288580080902	0.00164008190342294
vm_fultimo_cierre_lag2	0.00141719433509082	0.00352507127308405	0.00247828762668287
ctransferencias_recibidas_avg6	0.00140676236970545	0.00284904139786552	0.00204145769884297
vm_mpagominimo_rank_lag2	0.00138468739748314	0.00147738266373495	0.00178277384377946
vmr_Visa_mlimitecompra_lag2	0.00138371170366487	0.00163277828730383	0.0023732383454388
vmr_Visa_mlimitecompra_lag1	0.00136933992706397	0.0014544620273915	0.00239424820168762
rf_017_049	0.00136913633197438	0.0014126383452222	0.00146718829470876
vmr_mpagominimo_lag2	0.00136876115028742	0.00119295678032761	0.00209091840209538
vmr_mconsumospesos	0.00136665099256809	0.00105000349402157	0.00139496691385346
mcuenta_debitos_automaticos_rank	0.00136502677327366	0.00155757473986575	0.000809754876256324
cprestamos_personales_tend6	0.00136406237575779	0.00686168378082615	0.000839956544613992
Visa_msaldototal_rank_lag2	0.00135226274957321	0.00118404070258912	0.0023421612664041
vm_fultimo_cierre_lag1	0.00134752878261186	0.00441788857875572	0.00233121863294118
e_y_ratio_delta1	0.00134566470915728	0.00166634731551065	0.00271158457211239
mcomisiones_mantenimiento_rank_lag2	0.00133732783377706	0.00274339284593933	0.00221347589688012
vmr_mpagominimo_delta1	0.00133475996435811	0.00142857388707356	0.00147200305343244
m_e_sp_rank_delta1	0.00131587004664305	0.0026274555262713	0.0025513844182152
internet_tend6	0.00131207049395883	0.00378809097219579	0.00088591560515827
vmr_mpagominimo_lag1	0.0013079721515669	0.00115107694232983	0.00184799193921849
vmr_msaldopesos2_lag2	0.00130615518190714	0.00181050850111832	0.00238680721093283
atm_ratio_c_lag2	0.0012921166977021	0.00124859140123737	0.00277067479281218
cliente_antiguedad	0.00129175405407521	0.00293959469388115	0.00213162499857746
Visa_msaldopesos_rank_lag2	0.00128531775741125	0.00121353470588263	0.00229620220585982
Visa_msaldopesos_rank_lag1	0.00127321318707176	0.00141322004274674	0.00218546275521504
vm_mpagospesos_rank_delta2	0.0012587477942709	0.00170166215142193	0.00202044784259416
mcaja_ahorro_rank_lag2	0.00125415673165519	0.00198714523656289	0.00176701645159285
rf_051_057	0.0012485987543146	0.0012656621807646	0.00255269753423075
Master_cconsumos_delta2	0.00123010927205075	0.00147110666118354	0.00269976652797244
rf_044_049	0.00121943159852509	0.001643202835996	0.000857464758154669
mcuenta_corriente_rank_delta1	0.0012163221591746	0.00232719066534436	0.00165977864365621
vmr_mpagominimo	0.00121596714807911	0.000968277527286921	0.00191890020405823
Visa_fultimo_cierre	0.00121077868916225	0.00265520927676544	0.00210973973165161
rf_011_063	0.00120703821027267	0.000705146079954636	0.00239468590702613
ctarjeta_visa_debitos_automaticos_tend6	0.00120577341873855	0.00202737467542099	0.000658308829129465
rf_049_062	0.00120428824846123	0.000820347009910458	0.00194122317632259
vm_mpagominimo_rank_lag1	0.00119072956583785	0.0017415613948754	0.00149520143637384
Master_mconsumototal_rank_delta1	0.00118610127963249	0.00175641870725752	0.00244370890494003
Visa_cconsumos_delta2	0.00118187900425619	0.00116207545213128	0.00218502504987652
m_y_sp_rank_delta2	0.00118000956206055	0.00157657438614108	0.00206159214441475
mcomisiones_mantenimiento_rank_lag1	0.00117546057414521	0.00253573252182942	0.0020292019493645
vmr_msaldopesos2_delta2	0.00117502941857597	0.00180497102644804	0.00216489060430474
vmr_pagominimo_saldo_delta1	0.00116308966145138	0.00227959646253895	0.0020655314924614
mtransferencias_recibidas_rank_lag2	0.00115148209627957	0.00168345952206082	0.00202438719064081
rf_039_056	0.00114790181095608	0.00100411225608312	0.00308363410985178
mautoservicio_rank_delta2	0.00114210954380155	0.00204513833725691	0.00206596919779992
mpayroll_sobre_edad_rank_delta2	0.00113379865742146	0.00403061223362702	0.000831202437843654
mcomisiones_mantenimiento_rank_delta1	0.00111342756376156	0.00230226230282658	0.00176351480888472
mcaja_ahorro_dolares_rank_delta2	0.00110739974655703	0.00299775506295236	0.00124702250943474
Visa_mconsumosdolares_rank_delta1	0.00110184763755126	0.000961292396677112	0.00238636950559431
ctransferencias_recibidas_tend6	0.00109609564003257	0.00293278008946673	0.00172193280172561
rf_011_045	0.00109404122154918	0.00122179230705093	0.00071477281779815
Master_mpagospesos_rank_delta1	0.00108288257291143	0.00151472496776541	0.00219334145130835
m_deb_aut_rank_delta1	0.0010802408083554	0.00153804734871353	0.00174644430068256
rf_037_055	0.00107391009424649	0.00180473312626086	0.000958574691352081
cmobile_app_trx_lag2	0.00107263429897241	0.00220871791796638	0.0014374243316896
Master_mpagospesos_rank_delta2	0.0010691177025861	0.00204026092833644	0.0021793348804758
ccomisiones_otras_avg6	0.00105103933748853	0.00244584225321649	0.00155429165707362
mtarjeta_visa_consumo_rank_lag2	0.00105025957933373	0.00131312923475436	0.00209442004480352
vmr_msaldopesos2_lag1	0.00104541683485145	0.00142330110471393	0.00196923631798768
vm_mlimitecompra_rank_lag2	0.00104458009571253	0.00111194983068264	0.0018458034125259
rf_055_068	0.00104279663184553	0.000994258988565519	0.00168998031201387
vm_mfinanciacion_limite_rank_lag2	0.00103883353295157	0.00122749434126952	0.00185149358192662
active_quarter_lag2	0.00103050871776273	0.00206773040349305	0.00194691334572331
rf_008_060	0.00102741312420943	0.00144724099029256	0.00106581249928873
vm_mlimitecompra_rank	0.00102044938433467	0.00123264151342829	0.00189044935705463
rf_046_053	0.00101932381993119	0.000547409472024275	0.000624167812725145
Master_msaldopesos_rank_delta2	0.00101496525841353	0.00172235748845575	0.00176263939820768
c_e_sp_delta2	0.0010119816867852	0.00281616187134895	0.00112490271998851
mcaja_ahorro_dolares_rank_lag2	0.00100311830360384	0.00169138226863881	0.0016571524116251
vmr_msaldototal_delta2	0.000984157484532983	0.00110193769576914	0.00153196868480926
m_deb_aut_rank_lag2	0.000973031868691191	0.00118833571330131	0.00178277384377946
rf_005_052	0.000970530437258238	0.00187096004821742	0.000892481185236024
c_e_y_ratio_delta2	0.00096893751569143	0.00162322426952979	0.00171055246292417
rf_043_063	0.000961139161544307	0.00159093531104939	0.00166152946501027
vmr_mpagospesos_delta2	0.000954475235186578	0.0019061164645925	0.00166634422373396
ctarjeta_visa_transacciones_delta2	0.000953970810143976	0.00115227670792129	0.000727466272615141
mttarjeta_visa_debitos_automaticos_rank_delta2	0.000952312472600526	0.00143501946231259	0.00135338490669435
vm_msaldopesos_rank_delta2	0.000949180265323429	0.00121436993534286	0.00162738844860595
c_e_y_ratio_lag2	0.000946115097694562	0.00160636692404734	0.00178933942385722
vmr_msaldopesos_lag2	0.000941057541876879	0.000977267718583452	0.00156173264782841
vmr_msaldopesos2	0.000937369989566166	0.000993418428130067	0.00173156231917298
m_y_sp_rank_delta1	0.000934855472497837	0.00143587394974023	0.00169304424938349
vm_mfinanciacion_limite_rank_lag1	0.00092629785467987	0.00105974061418052	0.00164095731409998
vmr_msaldopesos_delta2	0.000921740024365423	0.000923028534616041	0.00146106041996952
vmr_mconsumospesos_lag2	0.000919188639239536	0.00108678199324516	0.00165233765290142
mttarjeta_visa_debitos_automaticos_rank_lag2	0.000912466495288289	0.000991138287676901	0.00154947689834994
vm_msaldopesos_rank	0.000910197463112162	0.000795431346382443	0.000901672997344879
ctarjeta_visa_transacciones_lag2	0.00090916971348881	0.00127459036516228	0.00165496388493252
vmr_msaldototal_lag2	0.0009019121296361	0.000947950995498649	0.00154947689834994
mautoservicio_rank	0.000898417867691105	0.0018743906030117	0.0011892454047505
mtransferencias_recibidas_rank_lag1	0.000887107368223455	0.00206317222463792	0.00156786052256765
m_deb_aut_rank	0.000885734627734638	0.00102166064187062	0.00137877181632834
rf_034_041	0.000884098452728733	0.0020749315758469	0.00133718980916923
vmr_msaldopesos	0.000880670562716628	0.00103485919747304	0.00141378824340969
cproductos_avg6	0.000875380753534291	0.00245304180027302	0.000966015682106868
rf_025_047	0.000873771199687578	0.00156654058059657	0.000597030081737095
ccaja_ahorro	0.000870654937381557	0.00525682887449244	0.000289323228759692
rf_021_063	0.000870031220441019	0.00144579255421031	0.00110826991712487
c_e_y_ratio	0.000867581385140169	0.00145565547238225	0.00158668185212388
vmr_msaldototal	0.000849380065133746	0.00105430333728448	0.00140197019926973
vm_msaldototal_rank	0.000843555343404315	0.000778251260192423	0.000899922175990812
mextraccion_autoservicio_rank_delta2	0.000843330043335461	0.0023068767892046	0.00141247512739414
rf_014_046	0.000842348887536221	0.0016516206120216	0.0015433490236107
vm_mconsumospesos_rank_delta2	0.000838082879329294	0.00114944584449883	0.00140240790460825
cpagomiscuentas_tend6	0.000835050324385235	0.00277349863281677	0.000655682597098364
ctarjeta_debito_transacciones_avg6	0.000829444649226071	0.00191716368997245	0.00143917515304367
mtarjeta_visa_consumo_rank_delta1	0.000820552311662785	0.00134905699556946	0.00126015366959025
m_deb_aut_rank_lag1	0.000817626146059866	0.00102131716236918	0.00145318172387621
vmr_mpagospesos_lag2	0.000817163760000405	0.000858961647252075	0.00153984738090257
c_e_y_ratio_lag1	0.000808431907936651	0.00154989606960478	0.00155122771970401
mcaja_ahorro_dolares_rank	0.00080481951755396	0.00266373502309826	0.00107631742741314
cajas_ratio_01	0.000798860760349284	0.00255005225809172	0.000365483957661638
vmr_msaldopesos2_delta1	0.000797303320917742	0.00159807595733084	0.00159674907490977
Master_mpagominimo_rank_delta2	0.000786973419758666	0.00167241724480828	0.00141291283273266
mtransferencias_emitidas_rank_delta2	0.00078572890200552	0.0022594966561158	0.00103823706296216
Master_msaldototal_rank_delta1	0.000785551555029423	0.00255090800241596	0.00149301290968125
ctransferencias_emitidas_tend6	0.000783134602353096	0.00235928676243235	0.000993591118433435
ccomisiones_otras_lag2	0.000778932967005555	0.00175462024714326	0.00140678495799342
vmr_msaldototal_lag1	0.000778822287435901	0.000913295929171883	0.00135075867466325
mcaja_ahorro_dolares_rank_delta1	0.0007680540980504	0.00192367588073119	0.000943255004503988
cajas_ratio_01_delta2	0.000764552475353738	0.00194874881525196	0.000389995456618586
mtransferencias_recibidas_rank_delta1	0.000757995520043817	0.00129827179957199	0.0014579964825999
vmr_mconsumospesos_lag1	0.000756019376716543	0.00118698265688965	0.00139890626190011
vm_mpagominimo_rank_delta1	0.000754184358693848	0.0011445327946139	0.00141728988611783
mcaja_ahorro_dolares_rank_lag1	0.000744276921420546	0.00167984496916221	0.00125008644680436
c_e_y_ratio_delta1	0.000743168547164641	0.00187915140226673	0.00137395705760465
seguros_ratio_01_delta2	0.000732691287716352	0.00268199978215847	0.00117480112857944
mcuenta_debitos_automaticos_rank_lag2	0.000724251693978697	0.00179802309708813	0.00105530757116432
vm_mpagospesos_rank_delta1	0.000723771190263236	0.00124884023064613	0.00146106041996952
m_inversiones_rank_delta2	0.000723631244299625	0.00300507668067334	0.000378615117817146
mttarjeta_visa_debitos_automaticos_rank	0.000722993465163077	0.000863505877444375	0.00135119638000177
rf_029_057	0.000714713432012691	0.00165201110956878	0.000828138500474035
rf_041_044	0.000704499072523271	0.00194060726753624	0.00118267982467275
ccallcenter_transacciones_delta2	0.00070348545110652	0.00182480307777803	0.000488041452446379
rf_001_053	0.000702112626613259	0.00116383888528228	0.000930999255025514
mttarjeta_visa_debitos_automaticos_rank_lag1	0.000700642231573512	0.000910216041304993	0.00123607987597182
m_y_sp_rank_lag2	0.000688818792415015	0.00116182038880434	0.00116560931647059
rf_037_075	0.000687267939918353	0.000532297768104776	0.00156041953181286
rf_061_070	0.000678067163214462	0.000645800637979791	0.00113672076412847
mpagomiscuentas_rank	0.000675775827858199	0.0011830902937251	0.000776489270529037
ctarjeta_visa_debitos_automaticos_avg6	0.000675000313125333	0.00242523572242854	0.000983086190309029
vm_mconsumospesos_rank_lag2	0.000666528954601622	0.00127847080225624	0.00118836999407347
c_e_sp_delta1	0.000664747067897748	0.00235490766967186	0.000845209008676195
vmr_mpagospesos_lag1	0.000657105879569526	0.00083458348760844	0.00114591257623733
rf_041_052	0.0006554860703546	0.00111951742451262	0.00100453375189636
ctarjeta_visa_transacciones_avg6	0.000654513946108121	0.00107092948602827	0.00102641901882221
mautoservicio_rank_lag1	0.00065280846489084	0.00113164222201934	0.00121900936776966
mttarjeta_visa_debitos_automaticos_rank_delta1	0.000651098145740732	0.00122599436520319	0.00112490271998851
vmr_mconsumospesos_delta2	0.000650430821970869	0.00103997838562364	0.00118224211933423
Master_mpagominimo_rank_delta1	0.000642661098033682	0.00151538638431788	0.00122294871581631
mv_status07_rank_delta2	0.000639873557513358	0.0034776753493288	0.000795310600085265
Visa_mpagosdolares_rank_delta2	0.00063766600556092	0.00129182790741864	0.00152890474743964
vm_mconsumototal_rank_delta1	0.000637251596319624	0.00097528713126268	0.00117830277128758
vm_Fvencimiento_delta2	0.000634740439900493	0.000896228573604356	0.000528310343589937
contactos_delta2	0.000632574547071376	0.00160185249097267	0.000415820071591085
vm_fechaalta_delta2	0.000625901557354553	0.00204438401870931	0.0005221824688507
mpagomiscuentas_rank_lag2	0.000611356033841185	0.00154473472485332	0.00105705839251839
rf_023_052	0.000608520399520124	0.00167696770169522	0.0011012666317086
rf_042_044	0.000608464890050416	0.00164583585378092	0.00114153552285216
Visa_mpagado_rank_delta2	0.000600336983191111	0.00267937609719197	0.000802751590840053
ctarjeta_debito_avg6	0.000592077306263749	0.00406917875494426	0.000757667940972809
mtransferencias_emitidas_rank_delta1	0.000584989699048064	0.00213062139907738	0.000830764732505137
ccaja_ahorro_lag2	0.000583065280785658	0.00057890189034434	0.000196967402332619
mcuenta_debitos_automaticos_rank_lag1	0.000578286488812061	0.000923197283819683	0.000789620430684545
cajas_ratio_01_delta1	0.000572187366021548	0.00200993893357345	0.000340097048027656
rf_061_055	0.00056711581470759	0.00184622178047481	0.000955510753982462
ccomisiones_mantenimiento_avg6	0.000564160793330727	0.00309906890357036	0.00055632348525502
vm_msaldototal_rank_lag2	0.000562624858569631	0.000722840937537111	0.00100365834121932
rf_006_065	0.000560559635277116	0.00122510198306546	0.000635110446188068
ccaja_seguridad	0.000559313642696335	0.00399478448999755	0.000214475615873297
mautoservicio_rank_delta1	0.000557543504010833	0.00142624066802152	0.000919181210885557
vmr_mpagospesos_delta1	0.000557166818426068	0.00111478513658446	0.0011297174787122
rf_058_051	0.000553556050082563	0.001688476330927	0.000804502412194121
rf_014_056	0.000545945365696672	0.00119146310319136	0.00106537479395021
c_e_sp_lag2	0.000545666629150478	0.00133380221492052	0.000958136986013564
vm_mpagospesos_rank_lag2	0.000522732755177406	0.000784015055709378	0.000956823869998013
rf_018_059	0.000515522892463269	0.000795471581520677	0.00109645187298491
ccomisiones_otras_lag1	0.000514207135947601	0.0010558657753329	0.00082594997378145
rf_057_048	0.000511386085949212	0.00204305435213206	0.00123476675995626
m_pagos_rank	0.000510446174028519	0.000641015610959299	0.000776926975867554
ccomisiones_mantenimiento_delta1	0.00049754977080063	0.0029063358012982	0.000217539553242915
ccomisiones_otras	0.000493409461885413	0.00111180546093888	0.000743661370140267
ccallcenter_transacciones_delta1	0.000490657441625787	0.00427513228570907	0.000388682340603035
vm_mconsumosdolares_rank_lag2	0.000485713846376263	0.00204164725639023	0.000832515553859204
rf_037_071	0.000482119231712973	0.0012097702644529	0.000809754876256324
rf_056_060	0.000479702766290842	0.00101522761392695	0.000844771303337678
rf_055_050	0.000479389593439733	0.00174741917591902	0.000807566349563739
ctarjeta_debito_transacciones_delta2	0.0004695643469778	0.00206672064599425	0.000779115502560139
mv_status07_rank_lag2	0.000458570316511417	0.00258432449105114	0.000909989398776701
mtarjeta_visa_consumo_rank_lag1	0.000457052758387796	0.00103702277882557	0.000799249948131917
vm_mconsumospesos_rank	0.000453772935454034	0.000793264406082108	0.000754166298264673
vmr_mconsumospesos_delta1	0.000452438458931773	0.00096552770480088	0.000904736934714498
vm_mconsumospesos_rank_lag1	0.000451277915806616	0.000649974090899125	0.00081456963498001
rf_025_055	0.000446346879273293	0.000976039925642558	0.000727903977953658
mpayroll_sobre_edad_rank_lag1	0.00044405752215182	0.00148385659860642	0.000513428362080361
rf_018_063	0.000434215870973177	0.0012814468516829	0.000371611832400875
vm_mpagospesos_rank_lag1	0.0004327431391778	0.000673809336224173	0.000713897407121116
rf_026_051	0.000427699663413307	0.00102665580899998	0.000793997484069714
Visa_mpagado_rank_lag1	0.000424494247409224	0.0011464151778585	0.000622854696709594
atm_ratio_c_delta2	0.00042201051467283	0.00113364486281893	0.00067187769462349
rf_066_015	0.000414917235778506	0.00163298465672289	0.000495920148539684
ccomisiones_mantenimiento_delta2	0.00041187963782896	0.00212631568307347	0.000226731365351771
mv_status07_rank_lag1	0.00040987220901325	0.00287176186259037	0.000796186010762299
rf_006_053	0.000408119483645614	0.00230613083552057	0.000752415476910606
mv_status07_rank	0.00040765875610806	0.00193684870607106	0.000709958059074463
rf_044_071	0.000404426242443622	0.000355770375440716	0.000564202181348325
vm_cconsumos_lag2	0.00039432276247142	0.000738765521272724	0.000509051308695192
mcajeros_propios_descuentos_rank_delta1	0.000393759285155917	0.000270725190390348	0.000368985600369774
rf_052_051	0.000393702441303338	0.000959775936484133	0.00067056457860794
matm_rank	0.000381409014517232	0.00132321676901667	0.000689823613502684
rf_016_065	0.000379621180292332	0.00115386764284949	0.000468344712213117
ccuenta_debitos_automaticos_tend6	0.000366246666577856	0.00214166905786995	0.0003851806978949
rf_062_059	0.000351600745069542	0.00132486510944641	0.000373362653754943
Visa_mpagado_rank_delta1	0.000338115760442473	0.000891067250523536	0.000522620174189217
ctarjeta_visa_transacciones_lag1	0.000335249559823573	0.000532471450988744	0.000512552951403327
Visa_mpagado_rank	0.000332867135558261	0.00074312302286119	0.000540128387729894
rf_033_052	0.00032937542504504	0.000720224259407969	0.000244239578892448
vmr_Master_mlimitecompra_delta2	0.000327206166177226	0.0019573720794243	0.000606659599184467
rf_065_056	0.000326462581045537	0.000643850310083446	0.000518680826142564
rf_054_027	0.000325153417734308	0.000752794430443388	0.000111177155983301
rf_019_064	0.000323476995423804	0.000498368140598016	0.000541879209083962
ctarjeta_visa_transacciones_delta1	0.000323183270126814	0.00201092131384175	0.000248616632277617
atm_ratio_c_delta1	0.000322099141798104	0.00109287658372087	0.000516054594111463
vm_cconsumos_delta2	0.000321489591734177	0.000543121497043619	0.000212724794519229
mpagomiscuentas_rank_delta1	0.000319593727847032	0.00124562862146044	0.000448647971979855
mtarjeta_master_consumo_rank_lag1	0.000319261383758506	0.0025406853300987	0.000552821842546885
rf_012_059	0.000317263975263975	0.000823381765076507	0.000467031596197566
Master_mpagado_rank	0.000315377950056136	0.00113558348135099	0.000554134958562436
ccuenta_debitos_automaticos_avg6	0.000309641098455504	0.00131149021269595	0.000478849640337523
Visa_msaldodolares_rank_lag1	0.000308563666748957	0.00121376830083779	0.000473159470936803
mtarjeta_master_consumo_rank_delta1	0.000297716739965882	0.00196929244342165	0.000303767504930751
rf_049_059	0.000271974645410256	0.000620435092152096	0.000692887550872303
rf_035_038	0.000267311452267666	0.00115170143935061	0.000194341170301518
cpayroll_trx_avg6	0.000265056751538617	0.000950699806688576	0.00021535102655033
rf_062_066	0.000263311568253884	0.000695452264939978	0.000411880723544433
mv_status07_rank_delta1	0.00026096031351154	0.00316329061314578	0.000596154671060061
rf_048_063	0.000257371477671458	0.000797492230614636	0.000147506699080206
cpayroll_trx	0.000253665310954064	0.00184942168029621	9.97968171818605e-05
rf_011_043	0.000253053017467851	0.00025109719694546	8.66656570263525e-05
cmobile_app_trx	0.000252241007287417	0.00250975275808358	0.000336157699981004
vmr_mconsumosdolares_delta2	0.000245547433281756	0.00127872228270552	0.000374675769770494
matm_rank_delta1	0.00024393248482285	0.00186994390510601	0.000444270918594686
rf_026_012	0.000241390696782055	0.00061993171951155	0.000122557494784741
Visa_msaldodolares_rank_delta2	0.000225558086060757	0.000912181704784547	0.00035804296690685
mtarjeta_visa_descuentos_rank_lag2	0.000213195431184074	0.000578244995730205	0.000337908521335071
vm_mconsumosdolares_rank_delta2	0.000205616006174321	0.000857548794345935	0.000314272433055157
rf_052_045	0.000203408470246452	0.000746938267473543	0.000405315143466679
rf_051_047	0.00019857660883052	0.00160953913602585	0.000307269147638886
vm_status02_lag1	0.000188384747831337	0.0019991306196768	0.000428951231746593
cextraccion_autoservicio_delta2	0.000181176220280014	0.00060578166429002	0.000323464245164013
rf_039_044	0.000180377691558637	0.00111343509239052	0.000351915092167613
cproductos	0.000173096125245939	0.000444698265777757	4.63967658827948e-05
ctransferencias_recibidas_delta2	0.000169362024371906	0.00139216910510521	0.000194341170301518
rf_026_052	0.000166770150078016	0.000470030576081033	0.00028538388071304
rf_040_012	0.00016651662445104	0.000760619521934525	0.000160200153897197
vmr_mpagado	0.000165466912915961	0.00050702966788117	0.000255182212355371
rf_023_064	0.000159360914353274	0.00058906095213606	0.00025255598032427
mcaja_ahorro_adicional_rank_lag2	0.000142325821274379	0.00192735821936358	0.000228482186705838
mttarjeta_master_debitos_automaticos_rank_lag1	0.000138621177131575	0.00103761693696294	0.000207034625118509
vm_msaldodolares_rank_lag2	0.000137006099743514	0.00220483929398187	0.000262623203110159
visitas_delta2	0.000136640294537338	0.00174639514469793	0.00025824614972499
c_y_sp_delta2	0.000133451146761112	0.00175945018293474	0.000221041195951051
cajas_ratio_01_lag2	0.000132198875805633	0.002020172982972	0.000272252720557532
rf_019_016	0.000130576708659503	0.00115286761546401	0.000244239578892448
rf_029_061	0.000126075038541221	0.000904487901199586	0.000257808444386473
rf_037_059	0.000116650166659477	0.000359476595108478	0.000184711652854145
Master_msaldodolares_rank_delta1	0.000114659087575011	0.000338363852827317	0.000204408393087407
vm_mconsumosdolares_rank_delta1	0.000113118066847802	0.000511100279209295	0.000186462474208213
ctransferencias_emitidas_delta2	0.000108837383234166	0.000918433327876073	0.000140065708325418
rf_016_067	0.000108157286154974	0.000626167848101907	0.000372924948416426
mttarjeta_master_debitos_automaticos_rank_delta1	0.000107894992841678	0.00102558839317561	0.000150570636449825
hb_cajas_delta2	0.000105526218188971	0.00130171446102546	0.000188651000900798
rf_044_064	0.000104724902090318	0.000428043685166084	0.000172893608714188
rf_048_059	0.00010244886618957	0.00056126768885805	0.000178583778114908
rf_017_055	0.000101079597408623	0.000312475676391655	0.000113803388014402
vmr_msaldodolares_delta2	9.9346921494422e-05	0.00140756650740035	0.000193465759624484
cextraccion_autoservicio_lag1	9.52441042606534e-05	0.00114300675600202	0.000153634573819443
ccajeros_propios_descuentos_tend6	9.35239755966988e-05	0.00159192151257228	0.00012693454816991
rf_035_061	9.30650124231825e-05	0.000305986030312705	0.000129123074862495
rf_033_056	9.17331667267877e-05	0.000235198805779189	0.000135250949601732
rf_059_044	8.702240541944e-05	0.000834274045444765	0.000152321457803892
rf_045_062	8.11133884624623e-05	0.00056411702288167	9.10427104115218e-05
c_ganchos_liviano_lag1	7.62846085903087e-05	0.00127297602595259	9.6295174473725e-05
m_p_sp_rank_delta2	7.13685958246752e-05	0.000870292288367861	9.49820584581742e-05
c_deb_aut_lag1	6.93093069159655e-05	0.000427432948995992	9.89214065048266e-05
rf_058_041	6.55713465901266e-05	0.000457596502552152	0.000127809958846944
c_y_sp_lag1	6.46156755332889e-05	0.000311897438944528	0.000101109933197411
rf_049_057	6.44255123363477e-05	0.000613544019304395	0.000120806673430673
ctarjeta_visa_debitos_automaticos_lag2	6.23729678991266e-05	0.000421853324948411	8.84164783804202e-05
rf_050_050	5.56537441555017e-05	0.00038799521052397	9.54197637966911e-05
vmr_mpagosdolares_delta2	5.46100717870679e-05	0.000916963055021311	0.000105924691921097
cextraccion_autoservicio_delta1	5.3905700077991e-05	0.00111078269383793	0.000108113218613682
ctransferencias_recibidas_delta1	5.36714574977619e-05	0.000599260126265773	9.54197637966911e-05
p_e_ratio_lag2	5.28234159199135e-05	0.000352579172765893	6.82820328086414e-05
contactos	4.31307474165175e-05	0.000365773683183855	6.47803901005059e-05
rf_012_067	3.63125961238102e-05	0.000136973203444557	3.2390195050253e-05
catm_trx_other_delta1	3.21172528380508e-05	0.000539824259971284	4.98984085909302e-05
rf_030_068	2.60572056670183e-05	0.000291891690283491	4.28951231746593e-05
c_deb_aut_delta1	2.50193893488779e-05	0.000518366882421694	6.12787473923705e-05
ccajeros_propios_descuentos_avg6	2.36614161105692e-05	0.000602576455164023	5.55885779916503e-05
cpayroll_trx_lag1	1.93984621128636e-05	0.000271358442346055	3.80803644509731e-05
ccajas_consultas	1.78139701648397e-05	0.00107728096738747	5.90902206997858e-05
ccuenta_debitos_automaticos_delta1	1.69473442389935e-05	0.000270155361148051	3.2390195050253e-05
rf_029_076	1.00266173494302e-05	5.67925838540157e-05	1.75082135406773e-05
catm_trx	6.94559147102865e-06	0.000397130609495328	2.31983829413974e-05
