Feature	Gain	Cover	Frequency
rf_020_015	0.125508059424116	0.00382898908917353	0.00408029265547322
rf_002_016	0.04522386994762	0.00191567416298769	0.00253259544132821
rf_001_023	0.0350573666331213	0.00255871785671722	0.00384579307757246
m_e_sp_rank	0.0306069730130066	0.00129529852200117	0.000750398649282431
ctrx_quarter_normalizado	0.0265471199567669	0.00205685931905665	0.000984898227183191
rf_005_023	0.0228485732722365	0.00222650698197089	0.00103179814276334
c_e_sp	0.0226531754774739	0.0020047041766287	0.000797298564862583
rm_y_sp	0.0206636087690269	0.00177210954808715	0.000984898227183191
m_y_sp_rank	0.016697795353855	0.000941362446648008	0.000422099240221368
ccomisiones_mantenimiento_tend6	0.0157859209743868	0.0017922641710516	0.000703498733702279
rf_016_029	0.0136654731733973	0.00190674360910808	0.000797298564862583
mcuentas_saldo_rank	0.0111552781519704	0.00495399874140109	0.00276709501922897
rf_015_029	0.01027960576524	0.00214654991900218	0.00300159459712973
rf_013_015	0.00985652624205719	0.00100509301592737	0.00121939780508395
mcaja_ahorro_rank	0.00936184457738939	0.00396805683021282	0.00201669636994653
rf_018_022	0.00912335991103794	0.00213826394232022	0.00356439358409155
vm_status01	0.00813292239831475	0.0029692663468847	0.00136009755182441
vm_status06	0.00720583174174224	0.000818624837200443	0.000515899071381672
thomebanking	0.00643948539067195	0.00309570290260375	0.00661288809680143
mpasivos_margen_rank	0.00634790985819341	0.0025127632941553	0.00168839696088547
rf_013_023	0.00631013900231849	0.00284684217889795	0.00562798986961824
rf_019_021	0.0058309351057846	0.00241354222011483	0.00572178970077854
mpasivos_margen_rank_lag1	0.00567839108842797	0.00248393173526744	0.00150079729856486
rf_002_024	0.00554233284498935	0.000364224875562982	0.00023449957790076
rf_008_023	0.00513451721519874	0.00257841327108988	0.00534659037613732
mcuenta_corriente_rank	0.00441106435576671	0.00303342242137297	0.00365819341525185
mcuentas_saldo_rank_delta2	0.00432094644361988	0.00362967570864505	0.00417409248663352
cdescubierto_preacordado	0.00430139254984423	0.00304111858885446	0.00196979645436638
tcallcenter_delta2	0.00414120663440619	0.00158023955966854	0.000703498733702279
m_anclaje_pesado_rank	0.00409842541688543	0.00182486124039214	0.000844198480442735
cproductos_tend6	0.00340545514396684	0.00243780949837567	0.000797298564862583
mrentabilidad_annual_rank_delta1	0.00338204928254012	0.00322251356587281	0.00412719257105337
rf_018_023	0.00318079157271881	0.000619281123627375	0.00023449957790076
mrentabilidad_annual_rank_lag2	0.00312794648442094	0.00346898977523959	0.00300159459712973
vmr_mpagominimo	0.00299274559368075	0.00198725425014066	0.00201669636994653
Master_fechaalta_lag1	0.00293376480592221	0.00366658428324099	0.00600318919425945
mprestamos_personales_rank	0.00290597082242263	0.00266821087927606	0.00121939780508395
mcomisiones_otras_rank_delta2	0.00290449530165259	0.00265812177160983	0.00389269299315261
Master_mfinanciacion_limite_rank_delta2	0.00287507265320021	0.004508228530951	0.00745708657724416
m_anclaje_pesado_rank_delta2	0.00286512051579175	0.00260325856236717	0.0012662977206641
Visa_mconsumospesos_rank_lag2	0.0027845158129966	0.00270726130385426	0.00511209079823656
Visa_mfinanciacion_limite_rank_delta1	0.00278002319026997	0.00554270078573809	0.00773848607072507
mrentabilidad_annual_rank_delta2	0.00273932348241546	0.0043429033268916	0.00403339273989307
r_time_alta_master_lag2	0.00268330883746947	0.00418544449239724	0.00651908826564112
r_time_alta_master_lag1	0.00264950978343569	0.00330043494451535	0.00670668792796173
rf_012_023	0.00260087679398685	0.00137858884953708	0.000891098396022887
Master_fechaalta_lag2	0.0025949514255265	0.00318976314614015	0.00544039020729763
rm_anclaje_pesado	0.00259175594645023	0.00247232934570972	0.000797298564862583
Master_mfinanciacion_limite_rank_delta1	0.00258171235009619	0.00372147361260538	0.00684738767470219
r_time_alta_master	0.0025619287640838	0.00357776744349673	0.00670668792796173
r_time_alta_visa_lag2	0.00256188915769973	0.00305343549012931	0.00553419003845793
r_time_alta_master_delta2	0.00253947152318487	0.00297166687033059	0.00586248944751899
Master_mlimitecompra_rank_delta2	0.00253011588928699	0.00350577448990343	0.00675358784354188
mpayroll_rank	0.00251667380527054	0.000809850161466672	0.000328299409061064
m_anclaje_pesado_rank_delta1	0.00247744001558948	0.00322906887384369	0.00136009755182441
Visa_mfinanciacion_limite_rank_delta2	0.00244362831147964	0.00437990711354418	0.00647218835006097
Master_Fvencimiento	0.00241763328826495	0.00301377587690549	0.00506519088265641
Master_Fvencimiento_lag2	0.00238946250214293	0.00388386830752305	0.00544039020729763
thomebanking_lag1	0.00238628446054397	0.00278041955191076	0.00562798986961824
mcuentas_saldo_rank_delta1	0.00236024815070395	0.00438062668076875	0.00417409248663352
mcuenta_corriente_rank_lag2	0.00235676179283783	0.00364773482377871	0.00356439358409155
mtarjeta_visa_consumo_rank	0.0023512531633427	0.000973769091875257	0.00121939780508395
Visa_mconsumospesos_rank_delta1	0.00232357897793179	0.00353578229685393	0.00548729012287778
Visa_mpagospesos_rank_delta2	0.00230467872122507	0.00393910899465401	0.0059562892786793
cliente_edad	0.00227660477272104	0.00371496801712426	0.00403339273989307
Visa_mlimitecompra_rank_delta1	0.00227403088090693	0.00354357367639207	0.00637838851890067
Visa_mpagominimo_rank	0.00227021669799046	0.0023070016138966	0.00384579307757246
cproductos	0.00226671654377722	0.000582734860397437	0.000187599662320608
mrentabilidad_rank_delta1	0.00226563346841761	0.00338713436922995	0.00408029265547322
c_e_sp_delta2	0.0022527343737911	0.00161899170930821	0.000984898227183191
Visa_cconsumos_lag2	0.00222885636734193	0.00188798936170245	0.00347059375293125
ctrx_quarter_delta2	0.00222025252286363	0.00181338018301281	0.00131319763624425
mcomisiones_mantenimiento_rank_lag2	0.00221786454406382	0.00205322019628978	0.00215739611668699
numero_de_cliente	0.00221691732110474	0.00453843434527594	0.00445549198011444
r_time_alta_master_delta1	0.00221329629612797	0.00259116157566564	0.00586248944751899
thomebanking_lag2	0.00220254328840327	0.00243991343205218	0.00520589062939687
Master_Fvencimiento_lag1	0.00218362522296407	0.00309364446849413	0.00459619172685489
r_time_alta_visa_delta1	0.00218346445144161	0.00258009844023407	0.00473689147359535
Visa_mpagospesos_rank_delta1	0.00214476862709531	0.00292656500335563	0.00497139105149611
r_time_alta_visa_lag1	0.00214242787600725	0.00285201227783231	0.00529969046055717
vm_msaldopesos_rank	0.00213195317574532	0.000935581473898882	0.000609698902541975
Visa_mconsumospesos_rank_delta2	0.00212288461753574	0.00241297010519038	0.00483069130475565
Visa_mlimitecompra_rank_delta2	0.00210699573973459	0.00400290697069913	0.00544039020729763
mpayroll_sobre_edad_rank	0.00209668927836304	0.00200712155176603	0.000656598818122127
ctarjeta_visa_transacciones_tend6	0.00206616434253724	0.00467240950516151	0.00281399493480912
Visa_mpagospesos_rank_lag2	0.00206008502113775	0.00383132641877651	0.00515899071381672
cproductos_delta2	0.00204444299410814	0.00117938163466469	0.000328299409061064
Visa_Fvencimiento_lag2	0.00202779245629062	0.00239606785867421	0.00431479223337398
mactivos_margen_rank_delta2	0.0020212977458328	0.00429732876997169	0.00445549198011444
mcuenta_corriente_rank_delta2	0.00201953002435194	0.00239737639251467	0.00173529687646562
mcomisiones_mantenimiento_rank	0.00201799052631414	0.00285863246481524	0.00314229434387018
e_y_ratio_lag1	0.00200864419630648	0.00305115461369265	0.00464309164243504
r_time_alta_visa_delta2	0.00199211219741179	0.00365581268207136	0.00492449113591596
Visa_mpagominimo_rank_lag1	0.00198301460186624	0.00187080906227749	0.00309539442829003
Visa_mlimitecompra_rank	0.00197956329800698	0.00316452858079055	0.0048775912203358
rm_e_sp_delta2	0.0019603303322088	0.00399158094888106	0.0046899915580152
Master_fechaalta	0.00195569314547236	0.00301114532787141	0.00459619172685489
Visa_fechaalta_lag2	0.00195523403086143	0.00241559559871702	0.00408029265547322
Master_mlimitecompra_rank_delta1	0.00194396766041729	0.00335962061261284	0.00590938936309915
Visa_cconsumos	0.001943765776881	0.002667590737031	0.00375199324641216
rm_e_sp	0.00193248373074466	0.00470937958843121	0.00417409248663352
Visa_fechaalta	0.00192906139175216	0.00314514745046328	0.0047837913891755
rf_008_025	0.00189866280769876	0.000685638029017945	0.00046899915580152
cliente_edad_lag2	0.00189287032398217	0.00362891401219188	0.00290779476596942
Visa_mconsumospesos_rank	0.00187339407657401	0.00245656037544301	0.00450239189569459
Visa_msaldopesos_rank_delta2	0.00187049521282234	0.00220298286330264	0.00347059375293125
Master_mlimitecompra_rank_lag2	0.00184490957943299	0.00230336080596059	0.00389269299315261
mcomisiones_otras_rank_lag2	0.00184236180643461	0.0021593445657294	0.00300159459712973
vm_fechaalta	0.00183577803155644	0.00197457925042268	0.00356439358409155
Master_mlimitecompra_rank_lag1	0.00181343853223254	0.00222421767968852	0.00450239189569459
rf_009_027	0.00178656382685339	0.0018631609221166	0.00440859206453428
m_anclaje_pesado_rank_lag2	0.00177884041937298	0.00148829588857724	0.000797298564862583
cliente_edad_lag1	0.00175957593871872	0.0023041241875829	0.00257949535690836
Visa_Fvencimiento_lag1	0.00174692479182378	0.00250805493156644	0.003705093330832
vm_Fvencimiento_lag1	0.00171691281957993	0.0030037154171147	0.00398649282431292
cliente_antiguedad	0.0017025616331805	0.00251399852313798	0.00295469468154957
Master_mfinanciacion_limite_rank_lag1	0.00169025973819261	0.0023864489131992	0.00398649282431292
e_y_ratio	0.00169015640243343	0.0023665917225887	0.00408029265547322
mcomisiones_rank_delta2	0.00168965677055908	0.00253002279653004	0.00337679392177094
rf_017_021	0.00168779326055295	0.00188608259281581	0.00365819341525185
Visa_fechaalta_lag1	0.00167969340349239	0.00255431198198975	0.00365819341525185
vm_fechaalta_lag1	0.00167412918418793	0.00236226168047271	0.00365819341525185
vm_mpagominimo_rank_lag2	0.00167307167238469	0.00107554741009202	0.000891098396022887
m_deb_aut_rank	0.00166373115869453	0.000898142071022525	0.000984898227183191
mcaja_ahorro_dolares_rank_delta2	0.00165551791758723	0.00222925802059877	0.0012662977206641
Visa_msaldototal_rank	0.00164785152709065	0.00112236562184034	0.00201669636994653
e_y_ratio_lag2	0.00164379765960837	0.00238161669067825	0.00417409248663352
Visa_mlimitecompra_rank_lag1	0.00163939821207538	0.00207279259331492	0.00365819341525185
rf_005_022	0.00163022870764427	0.000489603145059485	0.000562798986961824
Visa_mpagospesos_rank_lag1	0.0016160211055985	0.00233127984575687	0.00431479223337398
Visa_Fvencimiento	0.00161513925336221	0.00199561521684954	0.00337679392177094
mpasivos_margen_rank_delta2	0.00160977221672422	0.00296584461093743	0.00332989400619079
Visa_cconsumos_lag1	0.00159410431389185	0.00267317201723654	0.003705093330832
ccaja_seguridad_lag2	0.00157704237172751	0.00184594607672418	0.000515899071381672
r_time_alta_visa	0.001576067243604	0.00301351973119557	0.00431479223337398
vmr_Master_mlimitecompra_lag1	0.00156994209807947	0.00213357748693024	0.0035174936685114
Visa_mfinanciacion_limite_rank	0.00156631448041617	0.00210962027979194	0.0036112934996717
vm_mfinanciacion_limite_rank_delta2	0.00155969927959423	0.0026879433673699	0.00323609417503049
mcomisiones_rank_lag2	0.00155453832573688	0.00175169456648992	0.00239189569458775
Visa_mpagominimo_rank_delta2	0.00154375935983165	0.00273791790092527	0.00375199324641216
rm_e_sp_delta1	0.00153930809941804	0.00461470257298804	0.00426789231779383
Visa_mpagospesos_rank	0.00153344362615792	0.00222215840299432	0.00379889316199231
Master_mfinanciacion_limite_rank	0.00152999908813599	0.00253557711402927	0.0036112934996717
mactivos_margen_rank_delta1	0.00152379075593026	0.00300934051171799	0.00328299409061064
mcomisiones_rank	0.00152112292755753	0.00145636951655608	0.00262639527248851
ctrx_quarter_delta1	0.00151701796582409	0.00163887586262503	0.00121939780508395
vm_fechaalta_lag2	0.00151222899694602	0.00221144409757559	0.0036112934996717
ccajas_transacciones_delta2	0.00151161014969605	0.001784070036088	0.000609698902541975
Visa_msaldototal_rank_delta2	0.00150667044595602	0.00322524438247096	0.003705093330832
rm_e_sp_lag2	0.00148524690087764	0.00368212912601153	0.00286089485038927
mcomisiones_rank_delta1	0.0014844347536623	0.00255177243208946	0.00248569552574805
cajas_visitas_delta2	0.00145703028697515	0.000338542055221031	9.37998311603039e-05
mrentabilidad_annual_rank	0.00145031805439999	0.00275541669731849	0.0024387956101679
mrentabilidad_rank_delta2	0.0014326587278645	0.00225709954261442	0.00286089485038927
Master_mlimitecompra_rank	0.00143256401555135	0.00183517447555455	0.00379889316199231
Visa_msaldopesos_rank_delta1	0.00142644954898394	0.00167086711365823	0.00281399493480912
Visa_mconsumospesos_rank_lag1	0.00142339588430479	0.00191205526225056	0.00398649282431292
vm_mlimitecompra_rank_delta1	0.00142229999295993	0.00291685590133141	0.00332989400619079
Visa_mpagominimo_rank_delta1	0.00141615417796954	0.00209699246480999	0.00318919425945033
rf_014_025	0.00139340880251957	0.00142891474085902	0.00281399493480912
Visa_mlimitecompra_rank_lag2	0.00139241612219359	0.00231553194010446	0.00332989400619079
mrentabilidad_annual_rank_lag1	0.00138992362039178	0.00383873863525721	0.00276709501922897
e_y_ratio_delta2	0.00136914640089148	0.00310700364688466	0.00253259544132821
vmr_pagominimo_saldo_lag1	0.00136906654476727	0.00321925781908625	0.00281399493480912
vm_Fvencimiento	0.00136545172584848	0.00208664973918755	0.00318919425945033
Master_mfinanciacion_limite_rank_lag2	0.00134841411780569	0.00178000035260479	0.0035174936685114
rf_010_023	0.00132883529928443	0.00135155536612607	0.00318919425945033
mcaja_ahorro_rank_delta2	0.00132643187639681	0.00217585585300413	0.00206359628552669
mrentabilidad_rank	0.00131182778622844	0.00329499858885621	0.00253259544132821
Visa_mfinanciacion_limite_rank_lag1	0.00130742863680367	0.00177310632563593	0.00309539442829003
thomebanking_delta2	0.00130460365229944	0.00221030155289584	0.00136009755182441
ctrx_quarter_normalizado_delta2	0.00130457763619417	0.00302873091047555	0.00187599662320608
vm_Fvencimiento_lag2	0.00130099817457653	0.00236165923250367	0.0035174936685114
Visa_mconsumosdolares_rank	0.00129944608275419	0.00153218611893753	0.00267329518806866
vmr_pagominimo_saldo_lag2	0.00129207643116353	0.00144061149988881	0.00225119594784729
Visa_mpagominimo_rank_lag2	0.00128021396949201	0.00197815770710035	0.00281399493480912
vm_mlimitecompra_rank_delta2	0.00127171337300522	0.00431282305766789	0.0036112934996717
mtarjeta_master_consumo_rank	0.00125843601681254	0.000909366140107369	0.000422099240221368
vmr_Master_mlimitecompra	0.00125731218803047	0.00200349254001403	0.00281399493480912
vmr_Master_mlimitecompra_lag2	0.00125501696246566	0.00214488581447229	0.00276709501922897
mcaja_ahorro_rank_delta1	0.00125425982155462	0.00170734428495326	0.00154769721414501
rm_e_sp_lag1	0.00125197744601695	0.00385033091380006	0.00295469468154957
mcomisiones_otras_rank	0.00124823637979865	0.00202570138416524	0.00281399493480912
Visa_msaldopesos_rank_lag2	0.00123923559979229	0.0016425057169616	0.00225119594784729
tcallcenter_lag2	0.00123099344193565	0.00228396113877273	0.00136009755182441
m_anclaje_pesado_rank_lag1	0.00122980441045279	0.00102768018055145	0.000562798986961824
chomebanking_transacciones_delta2	0.00121222204707065	0.00336787457108106	0.00225119594784729
c_e_sp_delta1	0.00120393353176887	0.00255543598980892	0.00131319763624425
mactivos_margen_rank	0.0011994642219181	0.0022061240185874	0.00196979645436638
vm_mfinanciacion_limite_rank_delta1	0.00119652667278076	0.00249768355806856	0.00281399493480912
Master_msaldopesos_rank	0.00118742034814304	0.00104496496046335	0.00145389738298471
mtarjeta_visa_consumo_rank_delta2	0.00117253358804398	0.00158617135505607	0.0012662977206641
mcuenta_corriente_rank_lag1	0.00117066182319406	0.00197090305393464	0.00220429603226714
mprestamos_personales_rank_delta2	0.00116455410489458	0.00196490553695048	0.000797298564862583
rf_007_026	0.00115728127643106	0.000897156247073177	0.00164149704530532
mpasivos_margen_rank_delta1	0.00114265747962122	0.0018650087100832	0.00201669636994653
ccomisiones_otras_tend6	0.00114086046216125	0.0035076382869769	0.00267329518806866
rm_deb_aut	0.0011303129876368	0.00171258937391453	0.00187599662320608
rf_020_019	0.00113024121259681	0.00122663546263678	0.000422099240221368
Visa_mfinanciacion_limite_rank_lag2	0.00112277890351575	0.002467786129697	0.00300159459712973
chomebanking_transacciones	0.00112008200985311	0.00220030512953253	0.00182909670762593
rf_011_025	0.00111210894330206	0.00149531040513991	0.00281399493480912
rm_deb_aut_lag1	0.00110509317923933	0.0017865337533768	0.00220429603226714
seguros_ratio_01	0.00110309132363608	0.00179340924348507	0.00173529687646562
Master_cconsumos	0.00110091655317327	0.000961897917839046	0.00154769721414501
Visa_msaldototal_rank_delta1	0.00110056026827862	0.00154477011952173	0.00239189569458775
Visa_mconsumosdolares_rank_lag2	0.00109885321477771	0.00191682513351317	0.00276709501922897
rf_004_027	0.00108961729327633	0.00165616317029065	0.00272019510364881
chomebanking_transacciones_lag2	0.0010883873668429	0.00148610938161266	0.00182909670762593
Master_mpagominimo_rank_lag2	0.00107027178200643	0.000936208356820519	0.0012662977206641
rf_009_023	0.00106970006848871	0.000708750123830442	0.000656598818122127
mcuenta_debitos_automaticos_rank	0.00106943100621344	0.00180440918507374	0.000937998311603039
vmr_mpagominimo_lag2	0.00106354160298566	0.00161998932944157	0.00164149704530532
Visa_msaldopesos_rank	0.00106159575027421	0.00124314169440407	0.00220429603226714
mcaja_ahorro_dolares_rank	0.00105652544852703	0.00379580473838624	0.00168839696088547
Master_msaldototal_rank	0.00104692197481009	0.0015051349412505	0.00140699746740456
cliente_antiguedad_lag2	0.00103169808809772	0.00204315468099157	0.00211049620110684
Visa_msaldopesos_rank_lag1	0.00103014433716742	0.000957239267739947	0.00215739611668699
mactivos_margen_rank_lag1	0.00102751831695321	0.00369059710096106	0.0024387956101679
vmr_Visa_mlimitecompra	0.00102364236026723	0.00152966342072869	0.00253259544132821
Visa_mconsumosdolares_rank_lag1	0.00101938979800047	0.00128646233759364	0.0023449957790076
mcomisiones_rank_lag1	0.00101474538184254	0.00214713214494149	0.00253259544132821
vmr_Visa_mlimitecompra_lag1	0.00101341099063826	0.00251128708598499	0.00257949535690836
mpasivos_margen_rank_lag2	0.00100727707207646	0.00272474661889432	0.00187599662320608
mcomisiones_otras_rank_delta1	0.0010044586529416	0.00273252535966388	0.00248569552574805
m_e_sp_rank_lag2	0.00099758370194335	0.00310749908661305	0.00196979645436638
chomebanking_transacciones_lag1	0.000976633614222216	0.00219185990436645	0.00164149704530532
mrentabilidad_rank_lag1	0.00097208610753637	0.00218948465845772	0.00196979645436638
cplazo_fijo_tend6	0.000962016339300223	0.00203125233132619	0.000562798986961824
vmr_mconsumospesos_delta2	0.000957514012008565	0.00110983470408418	0.00103179814276334
mcomisiones_mantenimiento_rank_lag1	0.000952526238461233	0.00316084143070308	0.0023449957790076
mcomisiones_otras_rank_lag1	0.000946479810113988	0.00242634529268778	0.00220429603226714
Master_mpagospesos_rank	0.000934933459292713	0.00176314107790179	0.00150079729856486
m_e_sp_rank_delta2	0.000930154862066066	0.00248741582247304	0.00220429603226714
vmr_pagominimo_saldo	0.000926813203513725	0.00177391267907142	0.00220429603226714
mcuentas_saldo_rank_lag1	0.000900806575506068	0.000757503752340856	0.00136009755182441
vmr_pagominimo_saldo_delta2	0.000898284569933006	0.00305483165276526	0.00239189569458775
vmr_msaldopesos2_delta2	0.000875428351760633	0.00163749065358851	0.00173529687646562
mcuentas_saldo_rank_lag2	0.000873602356975585	0.00168637319753845	0.00154769721414501
vm_mfinanciacion_limite_rank	0.000859904153015986	0.00194748762867619	0.00192289653878623
vmr_mpagominimo_delta2	0.000852577624793429	0.00353618336711025	0.00211049620110684
m_e_sp_rank_delta1	0.000840832882575176	0.00147813347605323	0.00173529687646562
cliente_antiguedad_lag1	0.000836039883755617	0.00172285289658719	0.00178219679204577
seguros_ratio_01_lag2	0.000829856522265498	0.00226960012732599	0.00168839696088547
rm_deb_aut_lag2	0.000816219556823686	0.000954944909950139	0.00164149704530532
rf_006_026	0.00081474894113211	0.00094890105081452	0.00178219679204577
rf_007_025	0.000810034321301117	0.000977534602327938	0.00168839696088547
rf_013_019	0.000802871031327032	0.00142230887781382	0.00136009755182441
mtransferencias_emitidas_rank_lag2	0.000801906163650012	0.00121928812516814	0.00131319763624425
vm_fultimo_cierre_lag1	0.00080033066870633	0.00182478793553437	0.00187599662320608
ctarjeta_visa_debitos_automaticos_tend6	0.000800266420744749	0.00163307551043074	0.000656598818122127
m_y_sp_rank_delta2	0.00079334675741903	0.000969211551924808	0.00140699746740456
Visa_cconsumos_delta2	0.000790239854729604	0.000915889429864509	0.00154769721414501
rf_006_017	0.000787681268952478	0.00108914251216273	0.00206359628552669
rf_018_012	0.000783605367463722	0.00131831708992616	0.00046899915580152
vmr_mconsumospesos	0.000773935530451596	0.0010102909201526	0.0012662977206641
Master_msaldopesos_rank_lag2	0.000755423329388534	0.00195480126276195	0.00173529687646562
vmr_msaldopesos2	0.000755138352491137	0.00127660831102301	0.00159459712972517
vmr_Visa_mlimitecompra_lag2	0.000754990296915115	0.00136505104321727	0.00178219679204577
m_deb_aut_rank_delta2	0.000754063112331967	0.00194139826997368	0.00150079729856486
mprestamos_personales_rank_lag2	0.000745452759052908	0.00171332579283054	0.000797298564862583
vm_mconsumototal_rank_delta2	0.00074501808992633	0.00068917519905159	0.0010786980583435
rf_005_021	0.000740445998679189	0.00108214484729151	0.00187599662320608
Visa_fultimo_cierre_lag2	0.000737430714911124	0.000583971774549269	0.000703498733702279
rm_y_sp_lag2	0.000736472908633904	0.00330769802352679	0.00187599662320608
foto_mes	0.000719282103724314	0.00176334414078367	0.00159459712972517
Master_msaldopesos_rank_lag1	0.000717733938027988	0.00217895993456771	0.00182909670762593
cdescubierto_preacordado_delta2	0.000711815900808672	0.00400162118664212	0.00121939780508395
rf_010_021	0.000702559574727383	0.00166755744145905	0.00121939780508395
vmr_msaldopesos2_delta1	0.000702513944020534	0.00214296387906335	0.00164149704530532
ccajas_transacciones	0.000701943976584477	0.00154759362042282	0.000750398649282431
Visa_mconsumosdolares_rank_delta1	0.000693594240999448	0.000798612611028675	0.00136009755182441
mtransferencias_emitidas_rank_delta2	0.000691406407833689	0.0017605897318175	0.00121939780508395
vm_msaldototal_rank_lag1	0.000683972353453111	0.00040282873031797	0.00046899915580152
contactos_delta2	0.000682615802315463	0.00232973538823623	0.000797298564862583
vm_mpagominimo_rank_lag1	0.000682317963923748	0.00100502392399245	0.000797298564862583
ccaja_seguridad_lag1	0.000680928121283713	0.000667469377889916	0.000187599662320608
vmr_pagominimo_saldo_delta1	0.000678198802274946	0.00228197095401345	0.00178219679204577
vmr_mpagominimo_lag1	0.000677110025890486	0.0019386531294378	0.00164149704530532
vmr_msaldototal_lag2	0.000673622090241789	0.000648570205937882	0.00136009755182441
Master_mconsumospesos_rank	0.000670400209865076	0.00156683740946484	0.00136009755182441
m_inversiones_rank	0.000670238156434898	0.000952722171848959	0.000281399493480912
ccaja_ahorro	0.000649552313979313	0.00236979438654722	0.000656598818122127
e_y_ratio_delta1	0.000645198491658034	0.00129718675402723	0.00164149704530532
Master_mpagominimo_rank	0.00064393334218332	0.00108457064827456	0.00136009755182441
Visa_msaldototal_rank_lag1	0.000637947526089379	0.00082329444089898	0.00178219679204577
vm_msaldopesos_rank_delta2	0.000629928802614673	0.000890008602148117	0.00121939780508395
rm_ganchos_liviano	0.000629315614541911	0.00158171155491598	0.00046899915580152
vm_mpagominimo_rank	0.000628685168566276	0.00119765392369509	0.0012662977206641
ctarjeta_debito_transacciones_tend6	0.000627757488677394	0.00165168567587455	0.0010786980583435
m_ganchos_liviano_rank	0.000626446917974476	0.00156949576378979	0.00046899915580152
c_e_y_ratio	0.000622401095336475	0.00118150916070923	0.00136009755182441
mautoservicio_rank	0.00061986888030114	0.00132518499677329	0.0012662977206641
mcomisiones_mantenimiento_rank_delta2	0.000619354218296694	0.00220155046953008	0.00154769721414501
atm_ratio_c_lag1	0.000616310997115401	0.000837102716866431	0.00140699746740456
mprestamos_personales_rank_lag1	0.00061574510705286	0.00215747824090222	0.000937998311603039
Master_fultimo_cierre_delta2	0.000612025992749329	0.000710002204504571	0.00150079729856486
vm_fultimo_cierre_lag2	0.000610899742024951	0.00127636901700454	0.00136009755182441
Master_fultimo_cierre_delta1	0.00060763239079994	0.000683302384584105	0.00164149704530532
mcaja_ahorro_rank_lag1	0.000606605878596387	0.000745701670239557	0.000984898227183191
vmr_msaldopesos	0.000599683119727058	0.00185799082318224	0.00150079729856486
mprestamos_personales_rank_delta1	0.000599157522545147	0.00246067218815482	0.000844198480442735
mcaja_ahorro_dolares_rank_delta1	0.000587126739197837	0.00217937027325432	0.000937998311603039
Master_msaldototal_rank_delta1	0.000586858374118993	0.000832087653493337	0.00103179814276334
vm_msaldopesos_rank_lag2	0.000586534151904707	0.00106085947583131	0.00131319763624425
c_e_y_ratio_lag1	0.000586284951180498	0.000938796776625987	0.00131319763624425
m_deb_aut_rank_lag2	0.000583419004691688	0.00105664402521713	0.00131319763624425
rf_012_015	0.000574865736688031	0.000646831111381083	0.00140699746740456
c_e_y_ratio_delta1	0.000574126897577509	0.00238669916081711	0.00145389738298471
cpayroll_trx	0.000570449999828469	0.00118489719327361	0.000328299409061064
Master_mpagospesos_rank_lag2	0.000569879948583902	0.00197932637190185	0.00136009755182441
c_e_y_ratio_lag2	0.000569664933376357	0.00117449127380827	0.00140699746740456
mttarjeta_visa_debitos_automaticos_rank_lag2	0.000569326239082195	0.000780513051835557	0.00131319763624425
cpayroll_trx_tend6	0.000564412294629352	0.0024863120366836	0.000797298564862583
rf_018_019	0.00056332698994633	0.00110213348109526	0.000797298564862583
vm_mconsumospesos_rank_delta2	0.000559220011309526	0.00108721889158465	0.000891098396022887
Master_cconsumos_lag2	0.000558225469025749	0.000686644917581596	0.00131319763624425
mrentabilidad_rank_lag2	0.000557384455746891	0.00137363866517604	0.00145389738298471
ctransferencias_emitidas_tend6	0.000557034806985666	0.00280838156352022	0.00131319763624425
ctrx_quarter	0.00055332641735786	0.00246087946395956	0.0010786980583435
atm_ratio_eme_lag1	0.000551943956993201	0.000880577553032686	0.00140699746740456
c_e_y_ratio_delta2	0.000551306695238265	0.00196202642546764	0.00136009755182441
vmr_msaldopesos_delta2	0.000549432621480689	0.00129701402418995	0.0010786980583435
Visa_fultimo_cierre_delta2	0.000548558818783179	0.000611488058920092	0.00103179814276334
vmr_msaldopesos_lag2	0.000546916140960179	0.000831458242817983	0.0010786980583435
vmr_mpagospesos_lag2	0.000546353473304993	0.00173297065212888	0.00154769721414501
rm_deb_aut_delta2	0.000542461775795105	0.0019752609013415	0.0012662977206641
rf_020_017	0.000542335125193799	0.000940021052009237	0.000422099240221368
vmr_mconsumospesos_lag2	0.00054202013342539	0.00139143068100034	0.00136009755182441
mautoservicio_rank_delta2	0.000540272669899507	0.00284871692957086	0.00136009755182441
vmr_msaldototal	0.000538619890209696	0.00092357295857742	0.00121939780508395
vmr_msaldopesos2_lag1	0.000537682797678817	0.00123773988471239	0.00164149704530532
vm_msaldototal_rank_delta1	0.000536398487430298	0.000940891441872209	0.00112559797392365
ccallcenter_transacciones_delta1	0.000532186618564435	0.000301632638040521	9.37998311603039e-05
mcaja_ahorro_dolares_rank_lag2	0.000528302698450224	0.000848930919089465	0.000891098396022887
Master_fultimo_cierre_lag1	0.000524954095940747	0.000631486803738707	0.000797298564862583
rf_018_021	0.000522875900675125	0.000816931242210537	0.000844198480442735
ctransferencias_recibidas_tend6	0.000522709597309454	0.00140838601034456	0.0011724978895038
Master_fultimo_cierre	0.000518180889989201	0.000994867409560452	0.0011724978895038
m_deb_aut_rank_delta1	0.000517237689241776	0.0010862027345907	0.000937998311603039
ctrx_quarter_lag2	0.00051618186690896	0.00218067038124906	0.00112559797392365
vmr_mpagospesos_delta2	0.000515125548204687	0.00131153765445911	0.000984898227183191
rf_003_013	0.000513648359193439	0.00103190574218049	0.00154769721414501
ccaja_seguridad	0.000511073913024515	0.000169271027610516	4.6899915580152e-05
m_y_sp_rank_delta1	0.000507844553399065	0.00107942666946194	0.00121939780508395
mttarjeta_visa_debitos_automaticos_rank_delta1	0.000505832403672457	0.000939131282701107	0.000703498733702279
thomebanking_delta1	0.000504897721382237	0.00163105752038058	0.000937998311603039
Master_mpagominimo_rank_delta2	0.000502259247430244	0.000787229293459706	0.00103179814276334
vmr_msaldopesos2_lag2	0.000501983922365864	0.00150896364554609	0.00145389738298471
vmr_mpagospesos	0.000500758817586052	0.000696851987087924	0.000797298564862583
Visa_cconsumos_delta1	0.000500579320561309	0.000550993856982142	0.00103179814276334
Master_cconsumos_lag1	0.000498977520019173	0.000749341635590996	0.0012662977206641
Master_fultimo_cierre_lag2	0.000496710526561508	0.000441293558618563	0.000984898227183191
Master_msaldototal_rank_delta2	0.000493081073125234	0.000787305968655766	0.0011724978895038
vm_mlimitecompra_rank_lag1	0.000484318472011626	0.000655186179997952	0.0010786980583435
vm_mfinanciacion_limite_rank_lag2	0.000480020905598273	0.000881924845763462	0.0011724978895038
mcaja_ahorro_rank_lag2	0.000479126634334811	0.000947086123646232	0.000891098396022887
vm_msaldopesos_rank_delta1	0.00047842303981451	0.000827218357251214	0.000891098396022887
atm_ratio_c_lag2	0.000476719321090864	0.000901862081908314	0.0010786980583435
mpagomiscuentas_rank_delta2	0.000475013206961432	0.00173377953331809	0.000703498733702279
rf_002_020	0.000474094239406206	0.00101562616566309	0.000937998311603039
Visa_fultimo_cierre	0.000472361857660713	0.000538354245816183	0.000844198480442735
rf_016_023	0.000470218800235643	0.000726810924133244	0.000562798986961824
Master_mconsumototal_rank_lag2	0.000469952652373586	0.00107768841748971	0.000984898227183191
vm_mlimitecompra_rank_lag2	0.000468722075912663	0.000767230548641091	0.00131319763624425
cajas_ratio_01_delta1	0.000465745176676476	0.001980432685445	0.000562798986961824
mtransferencias_emitidas_rank_lag1	0.000462688268192906	0.00180880747654006	0.0011724978895038
m_e_sp_rank_lag1	0.000462393869616176	0.00130397545792458	0.00103179814276334
ccomisiones_mantenimiento_delta2	0.000462071287507993	0.00152343924849464	0.000422099240221368
vmr_msaldopesos_lag1	0.000462060628566105	0.000568271053632898	0.000984898227183191
vm_mpagominimo_rank_delta1	0.00045728435483021	0.00130497392064251	0.00103179814276334
vm_mpagospesos_rank_delta2	0.000454990255884531	0.00104904981046886	0.000891098396022887
vm_mfinanciacion_limite_rank_lag1	0.000453255975594943	0.000713300080519741	0.000984898227183191
tcallcenter_delta1	0.000449996350120555	0.000626995827969454	0.00023449957790076
seguros_ratio_01_lag1	0.000449265282096542	0.0010757412045436	0.000937998311603039
rf_019_019	0.000446410422885279	0.000857230377124576	0.00103179814276334
Master_msaldototal_rank_lag2	0.000446304802251842	0.00131833646937132	0.00140699746740456
vmr_msaldototal_delta1	0.000445352090389553	0.00278933072634521	0.0012662977206641
chomebanking_transacciones_delta1	0.000444005136050953	0.000844046456325045	0.000562798986961824
c_e_sp_lag2	0.000443403941717665	0.00213837516348374	0.0010786980583435
rf_011_021	0.00043781987092258	0.00140816356801753	0.000984898227183191
internet_lag1	0.000436825510152859	0.000501223228893212	0.000281399493480912
vm_mpagominimo_rank_delta2	0.000435925017642198	0.00138617885136249	0.000891098396022887
vmr_mconsumospesos_lag1	0.000435847166519888	0.0011772557937893	0.00103179814276334
Master_msaldopesos_rank_delta2	0.000433017386522897	0.000709965130783399	0.000937998311603039
rf_005_018	0.000430077962734981	0.00109341357335867	0.000844198480442735
vmr_msaldototal_delta2	0.000429528774693843	0.000987882383457806	0.000844198480442735
mpayroll_rank_delta2	0.000422946479241289	0.0015433975492538	0.000515899071381672
mttarjeta_visa_debitos_automaticos_rank_lag1	0.000421698777709292	0.000393942833420683	0.000844198480442735
ctrx_quarter_lag1	0.000417401678573141	0.00117526055352259	0.000844198480442735
rf_008_021	0.000417051367187565	0.00140390261783645	0.000984898227183191
ctrx_quarter_normalizado_lag1	0.00041673554944068	0.00153638724561399	0.000844198480442735
mcomisiones_mantenimiento_rank_delta1	0.000409261235430049	0.00214265717827911	0.00112559797392365
Visa_mconsumosdolares_rank_delta2	0.000408174587423651	0.000751347829457148	0.00103179814276334
rf_015_022	0.000407953986374675	0.000992485422975146	0.000797298564862583
mautoservicio_rank_delta1	0.000407658038491498	0.00270431141526736	0.00121939780508395
mtransferencias_emitidas_rank	0.000407654980866337	0.00115855378662714	0.00103179814276334
vm_mpagospesos_rank_lag1	0.000406759583303468	0.000542046451411092	0.000562798986961824
cpagomiscuentas_tend6	0.000405863311399583	0.00158520406796731	0.000656598818122127
rm_y_sp_delta1	0.000400830597606456	0.00166266539543348	0.000891098396022887
cproductos_delta1	0.000399626300186153	0.000675995491174919	0.000187599662320608
internet	0.000398321720725951	0.000226812813207854	0.000187599662320608
mautoservicio_rank_lag2	0.000396179097220932	0.00099042109077352	0.000891098396022887
Master_cconsumos_delta1	0.000394144346862905	0.000327930545120099	0.000703498733702279
rf_017_016	0.000392077645384468	0.000817370228772598	0.00046899915580152
vm_mpagospesos_rank_delta1	0.000391887919970201	0.00118877982298181	0.000937998311603039
Visa_fultimo_cierre_lag1	0.000389765596444307	0.000599910946899542	0.000891098396022887
Master_mpagospesos_rank_delta2	0.00038562653695655	0.00152402147443396	0.00112559797392365
mtransferencias_recibidas_rank	0.000385432724257537	0.00227020510304875	0.00112559797392365
mtarjeta_visa_consumo_rank_delta1	0.000380884417412702	0.00123865577414225	0.00103179814276334
vm_fultimo_cierre	0.000373746909268854	0.000593610099469434	0.0010786980583435
Master_mpagominimo_rank_delta1	0.000372476915952159	0.00119904334565447	0.000984898227183191
rf_019_015	0.000369646953751056	0.000302037078635125	0.000515899071381672
mtransferencias_recibidas_rank_delta2	0.00036760829333813	0.000704816939047914	0.000891098396022887
Master_mconsumospesos_rank_lag1	0.000367317802386449	0.000625131188311413	0.000844198480442735
mcuenta_debitos_automaticos_rank_lag2	0.000362399006269214	0.000812034983262108	0.000656598818122127
mcuenta_corriente_rank_delta1	0.000361295608496991	0.00137015036504758	0.00103179814276334
mtransferencias_recibidas_rank_lag2	0.000360707078541771	0.000768109364349784	0.000750398649282431
ctarjeta_visa_transacciones_lag1	0.000350730472458808	0.00041016932711004	0.00046899915580152
mttarjeta_visa_debitos_automaticos_rank	0.000350727225667694	0.000844782875241054	0.000937998311603039
Master_mpagominimo_rank_lag1	0.000349918925075384	0.000556618951585431	0.000891098396022887
m_pagos_rank_lag2	0.000349824847422937	0.00086853533432834	0.000656598818122127
contactos_delta1	0.000349122735366894	0.00188035470289472	0.000562798986961824
vm_mconsumospesos_rank_delta1	0.000346049281736444	0.000877087567735079	0.000703498733702279
mtransferencias_recibidas_rank_lag1	0.000343901399609791	0.000791049571909573	0.000797298564862583
vmr_mpagospesos_delta1	0.000343519055938289	0.00162209494828723	0.00103179814276334
rm_anclaje_pesado_delta1	0.000342443216927673	0.00284881551196579	0.000937998311603039
Master_mpagospesos_rank_delta1	0.000340791870764089	0.000463675132607055	0.000656598818122127
mautoservicio_rank_lag1	0.000340586001802259	0.000835436084582832	0.000891098396022887
rf_014_015	0.000338520726994781	0.000431510309151998	0.00112559797392365
Master_mpagospesos_rank_lag1	0.000337039565818259	0.0019827514781874	0.00112559797392365
vmr_mpagospesos_lag1	0.000327255342979146	0.000653555778850953	0.000797298564862583
vm_fultimo_cierre_delta2	0.000326880698990666	0.000505633316543544	0.000984898227183191
m_y_sp_rank_lag2	0.000324535258082345	0.00140853599039839	0.000844198480442735
Master_mconsumototal_rank_delta2	0.000320782643224071	0.000674852946495162	0.000609698902541975
mtransferencias_recibidas_rank_delta1	0.000317515050463447	0.00117013848190884	0.000844198480442735
Visa_status_lag1	0.0003168842835771	0.000204149815972283	0.000140699746740456
ctarjeta_master_transacciones_tend6	0.000316258639326047	0.00178529852439411	0.000609698902541975
Visa_status	0.000315913477176227	0.000636172416544113	0.000375199324641216
vmr_mpagominimo_delta1	0.000315257615481405	0.00112074785946192	0.000750398649282431
vmr_msaldototal_lag1	0.000314200740554633	0.000724621889414947	0.000750398649282431
mcaja_ahorro_dolares_rank_lag1	0.000309731367954053	0.000813292962028242	0.000656598818122127
mcuenta_debitos_automaticos_rank_lag1	0.000309312597010813	0.000704423452052747	0.000422099240221368
m_pagos_rank	0.000306225633611663	0.000801685516963096	0.000609698902541975
rf_009_020	0.000303634450465598	0.000595823569140321	0.000515899071381672
rf_007_015	0.000302625344854684	0.000644342116555122	0.000609698902541975
vm_mconsumototal_rank_delta1	0.000299259934774615	0.00087143045491805	0.000562798986961824
vmr_msaldopesos_delta1	0.000297114049174691	0.00139141467189347	0.000937998311603039
m_deb_aut_rank_lag1	0.000296833867863307	0.00131542702484389	0.000844198480442735
mactivos_margen_rank_lag2	0.000296519107655337	0.000772405703082883	0.000797298564862583
c_e_sp_lag1	0.000296053886021468	0.000774544182726854	0.000703498733702279
Master_msaldopesos_rank_delta1	0.00029552897956521	0.000429192358994171	0.000750398649282431
rf_015_015	0.000293759134256097	0.000487734292478584	0.00103179814276334
rm_y_sp_delta2	0.000290819679690081	0.00189399698970147	0.000937998311603039
cdescubierto_preacordado_delta1	0.000290701089199543	0.0005577218947903	0.000187599662320608
Visa_mpagosdolares_rank_delta2	0.000289569847392802	0.000429142646504418	0.000984898227183191
mttarjeta_visa_debitos_automaticos_rank_delta2	0.000289436685646142	0.00162474908968932	0.000844198480442735
rf_017_015	0.000288447709338707	0.000622616915948289	0.000984898227183191
rm_pagos_lag2	0.000287248268293294	0.00151399556061063	0.000891098396022887
rf_018_016	0.000286212833339603	0.00101238137247597	0.000750398649282431
ctrx_quarter_normalizado_lag2	0.000283578986461395	0.00153891331416112	0.000891098396022887
vm_Finiciomora_lag1	0.000282684819404394	0.000760816794878323	0.00023449957790076
mtarjeta_visa_consumo_rank_lag2	0.00028173537249315	0.000473677454062365	0.000656598818122127
mextraccion_autoservicio_rank_delta2	0.000281294380470648	0.000854904843705601	0.000515899071381672
rf_008_015	0.000276165210329836	0.000417985141600769	0.000515899071381672
Master_mconsumosdolares_rank_delta2	0.000271849258371392	0.000318699188548254	0.000609698902541975
vm_mconsumospesos_rank_lag2	0.000271480217446438	0.000978208669985612	0.000797298564862583
Master_mconsumototal_rank_delta1	0.000271216342900863	0.000507754101911501	0.000703498733702279
rf_008_017	0.000268732768858093	0.000324359671703571	0.000281399493480912
vm_msaldototal_rank	0.000268689000865709	0.000673536829393553	0.000656598818122127
Visa_mpagado_rank	0.000260370160013157	0.000574517133065819	0.000656598818122127
rf_004_016	0.00025828546093436	0.000363988109298224	0.00023449957790076
rf_020_027	0.000256688723815911	0.000483543276816996	0.000609698902541975
vm_msaldopesos_rank_lag1	0.000256297327333354	0.000422680865421041	0.000562798986961824
cajas_ratio_01_delta2	0.000256030088511287	0.0021846878244888	0.000609698902541975
internet_lag2	0.000255631714181666	4.99745335553762e-05	9.37998311603039e-05
rm_pagos	0.000254449777178665	0.000913124067298901	0.000422099240221368
matm_rank_lag2	0.000254390904983066	0.00114670199203609	0.000609698902541975
rf_005_019	0.000252525698856399	0.000582685147907683	0.00023449957790076
vmr_mconsumosdolares	0.000251402664827098	0.00153687088915837	0.00046899915580152
rf_003_017	0.000251344993659448	0.000795772258436151	0.000515899071381672
Master_msaldototal_rank_lag1	0.000251069663181193	0.000324091729809646	0.000656598818122127
ccomisiones_mantenimiento_delta1	0.000250760203968031	0.00287760746937877	0.000797298564862583
mtransferencias_emitidas_rank_delta1	0.000250319317665318	0.00106218064844035	0.000609698902541975
vm_mpagospesos_rank_lag2	0.000249984420565917	0.000682114340337455	0.000515899071381672
rf_020_024	0.000245584904873238	0.000431012341669891	0.000562798986961824
Master_mconsumospesos_rank_delta1	0.000245292897268883	0.000471902970953538	0.000750398649282431
vmr_mconsumospesos_delta1	0.000243416301422948	0.00119702788335802	0.000703498733702279
m_y_sp_rank_lag1	0.000241534942623459	0.000375370584282621	0.000562798986961824
rf_016_015	0.000238446719768058	0.000517223909917248	0.000656598818122127
rf_006_022	0.000235765294210642	0.000967747982523084	0.000422099240221368
Master_cconsumos_delta2	0.000233463722099723	0.000386095843300786	0.000562798986961824
mpayroll_rank_lag1	0.00023304910645217	0.00157115565539681	0.000562798986961824
ccallcenter_transacciones_delta2	0.000231615092038365	0.00064398317552741	0.000187599662320608
ccomisiones_otras_lag2	0.00023020863178224	0.00144950498004724	0.000422099240221368
vm_mconsumospesos_rank_lag1	0.000230118189014839	0.000287467106214502	0.00046899915580152
rf_012_019	0.00022849941597063	0.000797395918906574	0.000515899071381672
vm_mconsumospesos_rank	0.000227210102447869	0.000676924861957937	0.000609698902541975
mtarjeta_visa_consumo_rank_lag1	0.000224779868471741	0.000894658826401495	0.000703498733702279
mplazo_fijo_dolares_rank_delta2	0.000215740179288395	0.00167999736008143	0.00046899915580152
internet_delta2	0.000214973747654141	0.00200255727113901	0.000609698902541975
mpayroll_sobre_edad_rank_delta1	0.000212908198521397	0.000462479505099256	0.00023449957790076
mcuenta_debitos_automaticos_rank_delta2	0.000212064813794223	0.00215473815587377	0.000750398649282431
rm_pagos_delta2	0.000210962473560915	0.000966074609562908	0.000422099240221368
ctarjeta_visa_descuentos_tend6	0.000210075858989182	0.00151378828480589	0.000422099240221368
Master_mconsumosdolares_rank_delta1	0.000209608956410679	0.000374402454609287	0.000656598818122127
rm_deb_aut_delta1	0.000206679484265164	0.000649412790509974	0.000609698902541975
c_anclaje_pesado	0.000205201967011025	0.00179441023395672	0.000515899071381672
rf_015_017	0.000204597037699923	0.000852932353222332	0.000422099240221368
ctarjeta_visa_transacciones	0.000204297432594132	0.00131657631020022	0.000515899071381672
cdescubierto_preacordado_lag1	0.000203954110309661	0.00059703099283213	0.000422099240221368
Visa_mpagado_rank_lag1	0.000203509439409041	0.00015546106647392	0.000422099240221368
Master_fechaalta_delta1	0.000203014534898398	0.000236339074379932	0.000422099240221368
atm_ratio_c_delta2	0.000202931724929202	0.000600504969022867	0.000422099240221368
mpayroll_rank_delta1	0.000202819608134487	0.0014167115885014	0.000515899071381672
seguros_ratio_01_delta2	0.00020108721131966	0.00137907839117347	0.000562798986961824
Master_mconsumospesos_rank_lag2	0.000200349309193392	0.000318670540672803	0.000422099240221368
c_anclaje_pesado_lag2	0.00019893105043837	0.00328964986199257	0.000937998311603039
cajas_ratio_01	0.000194831939229494	0.000169271027610516	4.6899915580152e-05
vm_fultimo_cierre_delta1	0.000187849154028457	0.000475459520432341	0.00046899915580152
cprestamos_personales	0.000187017938330986	0.00125277159347852	0.000375199324641216
vm_status04_delta2	0.000185554387342953	0.000653485001746897	0.000187599662320608
m_pagos_rank_lag1	0.000185279298315053	0.000659512851775646	0.000375199324641216
active_quarter	0.000183955662010419	0.000629735912997899	0.000422099240221368
rf_014_021	0.000183005830415558	0.00100512587672568	0.00046899915580152
Visa_mpagosdolares_rank	0.000182167846093895	0.000226426066889264	0.000562798986961824
vm_fechaalta_delta1	0.000178074249195078	0.000213101434466194	0.000281399493480912
ccajeros_propios_descuentos_tend6	0.000175320765711975	0.00101562616566309	0.000281399493480912
rf_020_028	0.000174988939663263	0.000381222334135803	0.000562798986961824
vmr_Visa_mlimitecompra_delta2	0.000173706281310342	0.000281686133465376	0.000281399493480912
ctrx_quarter_normalizado_delta1	0.000173602418097871	0.000470124274921851	0.000328299409061064
rf_012_021	0.000172280000640088	0.000693138716878713	0.00046899915580152
rm_y_sp_lag1	0.000171796061829236	0.000543823462273635	0.000422099240221368
ctransferencias_emitidas_delta2	0.000170972836160545	0.00151072633247091	0.000422099240221368
mextraccion_autoservicio_rank_delta1	0.000170731168909095	0.000847651033124457	0.000422099240221368
visitas_delta2	0.000169188618297657	0.00168158815975354	0.00046899915580152
Master_mconsumospesos_rank_delta2	0.000167428673506348	0.000341962105999155	0.00046899915580152
internet_tend6	0.00016714919491184	0.00134523850958909	0.000422099240221368
rm_pagos_lag1	0.000166448005346208	0.000289394097130878	0.00046899915580152
rm_status_SP_delta1	0.000166276235926448	0.000149965729894733	4.6899915580152e-05
m_pagos_rank_delta2	0.000166032806905879	0.000457821697584729	0.000187599662320608
rf_011_016	0.000164752952916956	0.000435843721606269	0.000422099240221368
Visa_mpagado_rank_delta2	0.000157815968427007	0.000362360235904941	0.000328299409061064
mextraccion_autoservicio_rank_lag1	0.000157188845292527	0.000188408650996452	0.00023449957790076
vm_msaldototal_rank_lag2	0.000155682707528258	0.000317112601799004	0.00046899915580152
matm_rank_delta2	0.000155387533562955	0.000463019601809967	0.000281399493480912
vmr_mconsumosdolares_lag2	0.000154608835704998	0.00056186151279299	0.000375199324641216
rf_008_019	0.000154412590449073	0.000743369396144005	0.00046899915580152
cextraccion_autoservicio_tend6	0.000154327032788473	0.00118992910833815	0.000562798986961824
rf_012_017	0.000153265759918505	0.000597988168906027	0.000375199324641216
rf_003_024	0.000151680848688051	0.000197332464199483	0.000281399493480912
mpagomiscuentas_rank	0.000151649012090307	0.000617232800532619	0.000328299409061064
rf_005_020	0.000151007481565378	0.000389516736663481	0.000375199324641216
mcuenta_debitos_automaticos_rank_delta1	0.000150792186285651	0.000900800425347477	0.00046899915580152
matm_rank_lag1	0.000148872207674468	0.000256096840010928	0.000281399493480912
cprestamos_personales_tend6	0.000147909498215774	0.00161617157874542	0.000562798986961824
mextraccion_autoservicio_rank_lag2	0.00014779242433528	0.000307836588244838	0.00046899915580152
ctarjeta_debito_transacciones_lag1	0.00014210287413646	0.0011521240237575	0.000422099240221368
vm_status03_delta2	0.000141376401683441	0.00265784203353189	0.000750398649282431
vm_status05_delta2	0.000139204726934755	0.00236775954480562	0.000703498733702279
rm_anclaje_pesado_delta2	0.000137743574421792	0.00233928355660718	0.000703498733702279
mextraccion_autoservicio_rank	0.000134682887308366	0.000615174366422997	0.000375199324641216
rf_007_023	0.000132508369038404	0.00035052108008247	0.000281399493480912
ctarjeta_visa_transacciones_lag2	0.000131862265280049	0.00046204220370634	0.000281399493480912
vmr_Master_mlimitecompra_delta1	0.000130142895594315	0.000345816087831906	0.000187599662320608
rf_010_015	0.000129441301565235	0.000223330411171396	0.000422099240221368
rf_001_015	0.000128767625745042	0.000183354828733041	0.000281399493480912
cmobile_app_trx_lag2	0.000127484588908426	0.00152343924849464	0.000422099240221368
contactos	0.000126379899990659	0.000832132310475658	0.00023449957790076
rm_anclaje_pesado_lag2	0.000125301652274026	0.00201283090482653	0.000609698902541975
ctarjeta_debito_transacciones_lag2	0.000123421922379885	0.000438228235945291	0.00023449957790076
matm_rank_delta1	0.000122971386247715	0.00106648288526545	0.000375199324641216
mpagomiscuentas_rank_delta1	0.000122815428415915	0.000248596152150161	0.000140699746740456
mv_status07_rank	0.000121856482411171	0.00174377090117396	0.000609698902541975
matm_other_rank_lag2	0.00012107830326224	0.0011239850693879	0.000422099240221368
mpayroll_sobre_edad_rank_lag2	0.000118303613668458	0.000447837070405433	0.00023449957790076
ccomisiones_otras_lag1	0.000117076319892222	0.000808899726069352	0.00023449957790076
Visa_mpagado_rank_delta1	0.000116173710939604	0.000546429576355117	0.000328299409061064
vm_Finiciomora	0.000113798873450517	0.00168886977562556	0.00046899915580152
ctransferencias_recibidas_delta2	0.000112863891734574	0.000696003504423827	0.00023449957790076
vm_status05_delta1	0.000111042577821043	0.00097509531999173	0.000281399493480912
ccomisiones_otras_delta1	0.000110816369189873	0.001163998568132	0.000328299409061064
ctarjeta_visa_debitos_automaticos_lag2	0.000108451782768911	0.000645920277458651	0.000187599662320608
vmr_msaldodolares2_delta2	0.000106861034846988	0.00181559365268369	0.000515899071381672
vmr_Master_mlimitecompra_delta2	0.000106195481716858	0.000269013661501105	0.000281399493480912
ccuenta_debitos_automaticos_tend6	0.000105208725951267	0.00149061720907335	0.000422099240221368
rf_007_017	0.000103892196062601	0.000395863926245054	0.000328299409061064
vm_status06_lag2	0.000103633250872674	0.000608995693755843	0.00046899915580152
ctarjeta_debito_transacciones	0.000102425355825024	0.000986903300185034	0.000328299409061064
Visa_msaldodolares_rank	0.000102266217959042	0.00018917287520334	0.000422099240221368
ctarjeta_debito	0.000100859645759302	0.00134894166878344	0.000375199324641216
Master_mpagado_rank_lag1	9.69322326945879e-05	0.000114334513510087	0.000187599662320608
rf_013_017	9.30746649427008e-05	0.000573300440943718	0.000281399493480912
mpayroll_sobre_edad_rank_lag1	9.09023967990734e-05	8.46721662341438e-05	0.000140699746740456
cprestamos_personales_lag2	9.02511850697824e-05	0.000823019758328478	0.000281399493480912
rf_017_020	8.95555833065138e-05	0.000708863030163102	0.000281399493480912
rf_015_019	8.83195416440793e-05	0.000305670303309988	0.00023449957790076
Visa_mpagado_rank_lag2	8.70007708369315e-05	0.000167810828547079	0.000187599662320608
c_anclaje_pesado_delta2	8.54038707053888e-05	0.00101562616566309	0.000281399493480912
atm_ratio_c_delta1	8.45200345179004e-05	0.000518093457195647	0.000187599662320608
visitas	8.44900680733719e-05	0.000137860317347481	0.000140699746740456
cajas_visitas_delta1	8.25535189084569e-05	0.000507813082831547	0.000140699746740456
Visa_msaldodolares_rank_lag2	8.168875133099e-05	0.000177466005158687	0.000375199324641216
cdescubierto_preacordado_lag2	8.12393407735348e-05	0.000335245021790434	0.00023449957790076
vm_mpagospesos_rank	8.0120429213846e-05	0.000516768914248318	0.000422099240221368
vm_mconsumosdolares_rank	7.97776951289136e-05	0.00034066368317356	0.000140699746740456
vm_Finiciomora_lag2	7.80994821567902e-05	0.000487291935578235	0.000140699746740456
atm_ratio_eme_delta2	7.63636454204065e-05	0.00127491303086396	0.000422099240221368
vmr_mpagado	7.62344814163897e-05	0.000368145421576928	0.000187599662320608
mv_status07_rank_lag2	7.61456403037825e-05	0.000822145155542646	0.000328299409061064
rf_004_025	7.27011712608148e-05	0.000467864463099499	0.00023449957790076
vmr_mpagado_delta2	7.23844525085079e-05	0.000859358745753681	0.000281399493480912
mv_status07_rank_lag1	7.12802161396415e-05	0.000808202066043659	0.000328299409061064
mv_status07_rank_delta2	6.95859092054128e-05	0.000586484361743248	0.000187599662320608
ctarjeta_debito_transacciones_delta2	6.62518044598376e-05	0.000460253396659788	0.000140699746740456
p_e_ratio_lag2	6.58700329114325e-05	0.000846355138052578	0.00023449957790076
mtarjeta_master_consumo_rank_delta2	6.57150139395599e-05	0.000194139911255825	0.000140699746740456
mv_status07_rank_delta1	6.4085948050859e-05	0.000843292343133022	0.000281399493480912
ctarjeta_debito_lag2	6.32048298850263e-05	0.000357283663858084	0.000140699746740456
vm_mpagado_rank_delta2	6.22229631481006e-05	0.000549101412033222	0.000187599662320608
vm_cconsumos_lag1	6.03486965797971e-05	2.91399448412458e-05	9.37998311603039e-05
vmr_Visa_mlimitecompra_delta1	6.02359303970192e-05	8.24881870232802e-05	0.000187599662320608
vm_mconsumosdolares_rank_lag2	5.89344355674169e-05	0.000581042107992103	0.000187599662320608
rf_009_022	5.73009928794776e-05	0.000158888700513192	4.6899915580152e-05
vmr_mpagado_lag2	5.62157710671281e-05	0.000544914609294495	0.000187599662320608
cproductos_lag1	5.37892809356346e-05	0.000677084110442063	0.000187599662320608
vm_status02_lag2	5.12556727863146e-05	6.70377137248207e-05	0.000140699746740456
vm_mpagado_rank_delta1	4.79121207840383e-05	0.000551159846142844	0.000187599662320608
vm_cconsumos_lag2	4.77663993560053e-05	1.45607039903299e-05	4.6899915580152e-05
rf_016_019	4.551224748494e-05	0.000209530561049666	9.37998311603039e-05
matm_rank	4.54744373141778e-05	0.000567114185015415	0.000187599662320608
Visa_msaldodolares_rank_delta2	4.53926777222333e-05	6.86756981329684e-05	9.37998311603039e-05
vm_mconsumosdolares_rank_delta1	4.49088770291695e-05	0.000796320780992584	0.00023449957790076
cseguro_vida_lag2	4.46838705343029e-05	0.000801638332227059	0.00023449957790076
mttarjeta_master_debitos_automaticos_rank_delta2	4.44213256708396e-05	0.00083690892241485	0.00023449957790076
vm_Fvencimiento_delta2	4.41643798637809e-05	0.000187801990104545	0.000187599662320608
visitas_delta1	4.39524154394515e-05	0.000810085242562286	0.00023449957790076
ctarjeta_debito_tend6	4.36885385066548e-05	0.000846355138052578	0.00023449957790076
rf_015_027	4.36830305056809e-05	0.000728302298825847	0.00023449957790076
visitas_lag1	4.34352301423791e-05	0.000832589833898304	0.00023449957790076
rf_003_015	4.2577812306909e-05	0.000756496863777205	0.00023449957790076
ctarjeta_visa_transacciones_delta2	4.15580491182324e-05	0.000425760512032039	0.000140699746740456
vm_cconsumos_delta2	4.12038622498334e-05	0.000811009557837872	0.00023449957790076
ctransferencias_recibidas	4.03134806433187e-05	0.000470308800943139	0.000140699746740456
matm_other_rank_delta2	3.89703178937735e-05	0.000755168107907016	0.00023449957790076
rf_015_025	3.78441334147789e-05	0.000229018699617592	0.000140699746740456
rf_015_023	3.76167124163587e-05	0.00029210890462216	0.000140699746740456
c_seguros_lag1	3.73517267899104e-05	0.000828082006437609	0.00023449957790076
rm_pagos_delta1	3.5617820633275e-05	0.000244592190263577	9.37998311603039e-05
mpayroll_rank_lag2	3.48524637600311e-05	0.000392088304777507	0.000187599662320608
c_deb_aut_delta2	3.40333995291386e-05	0.000191393085550803	9.37998311603039e-05
Master_msaldodolares_rank	3.35092156247052e-05	6.0270074441774e-05	0.000187599662320608
Master_delinquency_lag2	3.25789257785476e-05	6.77530680265272e-05	0.000140699746740456
rf_001_024	3.20122049630883e-05	0.000677084110442063	0.000187599662320608
seguros_ratio_01_delta1	3.1368721350327e-05	0.00033497792248108	0.000140699746740456
rm_status_SP_delta2	3.11943853269302e-05	0.000337654813666618	9.37998311603039e-05
rf_014_017	3.01452105520982e-05	0.000182213126637856	9.37998311603039e-05
Master_mpagado_rank_delta2	3.01083477670523e-05	8.22370968207966e-05	9.37998311603039e-05
rf_004_019	2.86464231586025e-05	8.78217473646255e-05	4.6899915580152e-05
mtarjeta_master_consumo_rank_lag1	2.84310514878035e-05	0.000457110556205883	0.000140699746740456
vm_mpagado_rank_lag2	2.83101810306683e-05	0.000359150831269841	0.000140699746740456
Visa_Fvencimiento_delta2	2.77739344557532e-05	2.24354994011061e-05	9.37998311603039e-05
ctarjeta_master_tend6	2.7135579616854e-05	0.000134443636907646	4.6899915580152e-05
ctransferencias_emitidas	2.65966869779456e-05	2.70486499333123e-05	4.6899915580152e-05
rf_006_009	2.52810383148704e-05	0.000247239590989092	9.37998311603039e-05
vmr_mpagado_lag1	2.45111097428427e-05	2.87885870746832e-05	4.6899915580152e-05
ctransferencias_recibidas_delta1	2.25818900285458e-05	7.77890928647205e-05	4.6899915580152e-05
vm_msaldodolares_rank	2.2500051999339e-05	0.000338542055221031	9.37998311603039e-05
hb_cajas_lag1	2.22342431226678e-05	0.000677084110442063	0.000187599662320608
ccomisiones_otras_delta2	2.17148036068821e-05	0.000166712940849643	4.6899915580152e-05
vm_mpagado_rank_lag1	2.12083921793391e-05	4.62983370673367e-05	4.6899915580152e-05
ccuenta_debitos_automaticos	2.07034171767916e-05	0.000137365720203662	4.6899915580152e-05
vmr_msaldodolares_delta1	2.06767914775755e-05	0.000633351443396747	0.000187599662320608
vm_cconsumos	1.98535855887158e-05	0.000204660422222971	9.37998311603039e-05
ccomisiones_otras	1.94590454770969e-05	0.000183989294915827	9.37998311603039e-05
cliente_edad_delta2	1.92572079853984e-05	0.00028923400606218	9.37998311603039e-05
vmr_msaldodolares2	1.92178959115781e-05	0.000109679233749276	4.6899915580152e-05
cpayroll_trx_lag2	1.91135989069432e-05	0.000507813082831547	0.000140699746740456
mtarjeta_master_consumo_rank_lag2	1.88596606573478e-05	0.000162564897001232	9.37998311603039e-05
ctarjeta_visa_transacciones_delta1	1.79540888224026e-05	2.72812032752098e-05	4.6899915580152e-05
estado_delta2	1.73749571858521e-05	0.000166546951688941	4.6899915580152e-05
ctarjeta_master_debitos_automaticos_tend6	1.67222964133973e-05	0.000507813082831547	0.000140699746740456
ccaja_ahorro_lag2	1.64312750723583e-05	0.000145922166533261	4.6899915580152e-05
vmr_mconsumosdolares_delta2	1.60584375281334e-05	6.06854686358156e-05	4.6899915580152e-05
matm_other_rank_lag1	1.59109002774772e-05	0.000122259863995189	9.37998311603039e-05
rf_012_018	1.57861749699297e-05	0.000225223698704888	9.37998311603039e-05
cpagomiscuentas_lag2	1.55509579896962e-05	0.000107230682982775	4.6899915580152e-05
rf_007_022	1.55173963903001e-05	0.000197859922141613	9.37998311603039e-05
c_seguros_lag2	1.48364463666045e-05	0.000507813082831547	0.000140699746740456
ctransferencias_recibidas_lag2	1.29395953232531e-05	0.000338542055221031	9.37998311603039e-05
c_deb_aut_lag2	1.23972088158549e-05	0.00028735757022013	9.37998311603039e-05
ctarjeta_master_transacciones	1.20443881199468e-05	0.000338542055221031	9.37998311603039e-05
ctransferencias_emitidas_lag2	1.18086913082868e-05	0.00029561237127292	9.37998311603039e-05
cextraccion_autoservicio_delta2	1.02902267339233e-05	0.000158148911258895	4.6899915580152e-05
c_pagos_lag1	9.67405634003409e-06	0.000338542055221031	9.37998311603039e-05
ctarjeta_debito_transacciones_delta1	9.43742680701544e-06	0.000111410745044926	4.6899915580152e-05
ctarjeta_master_transacciones_lag1	8.66043683518795e-06	0.000338542055221031	9.37998311603039e-05
cpagomiscuentas_delta2	7.75957601042506e-06	0.000338542055221031	9.37998311603039e-05
vmr_mpagado_delta1	6.98210654820258e-06	0.000169271027610516	4.6899915580152e-05
cpagomiscuentas_lag1	6.54963622270689e-06	0.000169271027610516	4.6899915580152e-05
rf_003_020	6.36219640205773e-06	0.000137049750989128	4.6899915580152e-05
vm_mpagosdolares_rank_delta1	5.99495927836364e-06	0.000169271027610516	4.6899915580152e-05
c_y_sp	5.29881902623751e-06	0.000169271027610516	4.6899915580152e-05
cliente_edad_tend6	5.06267478115062e-06	0.000166898309455503	4.6899915580152e-05
cpayroll_trx_lag1	5.03628098340575e-06	0.000169271027610516	4.6899915580152e-05
visitas_lag2	3.9138400080141e-06	0.000169271027610516	4.6899915580152e-05
