Feature	Gain	Cover	Frequency
rf_002_016	0.0758780350313568	0.00207804051609222	0.00230504009607562
rf_001_023	0.0720805956346311	0.00277976694779235	0.00480378104056096
rf_020_015	0.0397750860049961	0.0011569401446166	0.00174330763568744
rf_014_025	0.0331827736594067	0.00179404759334066	0.00426141866501375
mcaja_ahorro_rank	0.02409454980354	0.00291105648495129	0.0014333862782319
rf_005_023	0.0151018211220039	0.00239624618965417	0.000852283733002751
mcuentas_saldo_rank	0.0129401811710734	0.00741261972068213	0.00213070933250688
rf_002_024	0.0105231917454417	0.00145533171774948	0.000929764072366637
rf_016_029	0.00949115590077444	0.00177832653358699	0.00106535466625344
rf_012_023	0.00876910466958215	0.00114967148476787	0.00100724441173052
rf_013_023	0.00859214942366128	0.00232926615494456	0.00569480494324565
rf_019_021	0.00849208643348896	0.00210997486575483	0.00575291519776857
mpasivos_margen_rank	0.00807591547803399	0.00337299979222928	0.0015689768721187
rf_018_022	0.007758323202532	0.00182314978293082	0.00319606399876031
rf_013_015	0.0075596739765454	0.000865688663754571	0.00137527602370898
ctrx_quarter_normalizado	0.00740215979756912	0.00162146306851052	0.000891023902684694
ccomisiones_mantenimiento_tend6	0.00719248007027646	0.00628421331329354	0.000929764072366637
ctrx_quarter_normalizado_lag1	0.00712048672952882	0.00176413726468963	0.00100724441173052
vm_status01	0.00693061150632007	0.00429856696869597	0.00123968542982218
rf_015_029	0.00581430367296135	0.00219366409388801	0.00375779645914849
rm_y_sp	0.00521439014650653	0.00357531924280066	0.00122031534498121
rf_017_021	0.00508765953001088	0.00127677522892738	0.00362220586526169
rf_008_025	0.00473486029643912	0.0014283894634675	0.000832913648161779
thomebanking	0.00463285434928834	0.00262262889910314	0.00581102545229148
mtarjeta_visa_consumo_rank	0.00438593571756917	0.000485272812621896	0.000891023902684694
cdescubierto_preacordado	0.00429963484846951	0.00298241240900761	0.00211133924766591
rf_018_023	0.00410623264051148	0.00183317989068417	0.000813543563320807
mcomisiones_rank_delta2	0.00395778289061272	0.00276308071286483	0.00342850501685197
mrentabilidad_annual_rank_delta2	0.00380021201054641	0.00307784904039851	0.00362220586526169
rf_006_017	0.00364153859389223	0.0010455804187068	0.0019757486537791
mprestamos_personales_rank	0.00359741442975182	0.00328902128704591	0.00123968542982218
rf_008_023	0.00355506440656375	0.00136432699443564	0.00400960756208112
thomebanking_lag2	0.00339155933613951	0.00228349058718468	0.00643086816720257
mcuentas_saldo_rank_delta2	0.00338265935913481	0.00346504223956448	0.00366094603494363
rm_status_SP_delta1	0.0033123870288231	0.000756283165028364	0.000135590593886801
mrentabilidad_annual_rank_delta1	0.00303434716839421	0.00215117159106295	0.00350598535621586
Visa_mfinanciacion_limite_rank_delta2	0.00296764524881043	0.0043283983201206	0.00604346647038314
r_time_alta_master_lag2	0.002903838087081	0.00270779940940132	0.00608220664006508
rm_anclaje_pesado	0.00289817077388092	0.00411657129716592	0.000794173478479836
rf_010_023	0.00282103348012823	0.00159575598131591	0.00375779645914849
Visa_mconsumospesos_rank_delta1	0.0027944474085482	0.00300808919098743	0.00581102545229148
Master_mlimitecompra_rank_delta1	0.00275397863132678	0.00249796426556375	0.00629527757331577
r_time_alta_visa_delta2	0.00270366710302168	0.00277973664257757	0.00499748188897067
Master_mlimitecompra_rank_delta2	0.00270321895887314	0.0022664875250117	0.00584976562197342
cproductos_tend6	0.00263902142494038	0.00401342152944281	0.000581102545229148
Visa_Fvencimiento_lag1	0.00263497914641595	0.00212549940078234	0.00302173323519157
Master_mfinanciacion_limite_rank_delta2	0.00261581321405391	0.0028034151170614	0.00575291519776857
rf_008_021	0.00260660943501119	0.00133601825046889	0.00125905551466315
Visa_msaldototal_rank	0.00258508215195604	0.00134655528181498	0.00242126060512145
mcomisiones_otras_rank_lag2	0.00258467292453322	0.00238440695241226	0.0032735443381242
mpasivos_margen_rank_lag1	0.00258118167276571	0.00188432315482002	0.00139464610854996
Visa_mconsumospesos_rank_lag2	0.00256605005474253	0.00258150747766206	0.00548173400999496
tcallcenter_delta2	0.00255529046195085	0.00165227979858552	0.000736063223956921
Visa_mpagominimo_rank_lag2	0.00251803786934311	0.00155366020130255	0.00275055204741797
Master_fechaalta_lag2	0.00251366070316428	0.0026693393368221	0.00501685197381165
mrentabilidad_annual_rank	0.00250320764853069	0.00278880708519612	0.00216944950218882
Master_fechaalta	0.0024833846893349	0.0024535854927034	0.00478441095571999
mprestamos_personales_rank_delta1	0.00245625535843324	0.00411304762719251	0.000987874326889552
mcuentas_saldo_rank_delta1	0.00244038717207749	0.00441321986127885	0.00346724518653392
Visa_mpagospesos_rank	0.00243348569784221	0.00165642702131159	0.00462945027699221
cliente_edad_lag2	0.00242681108398096	0.00372317930406704	0.00331228450780614
r_time_alta_master_lag1	0.00242628830715338	0.00224870571065278	0.0048425212102429
Visa_mlimitecompra_rank_delta1	0.00241732260443951	0.00289055546632047	0.00548173400999496
Visa_mfinanciacion_limite_rank_delta1	0.0024156934376542	0.00405708307888662	0.00567543485840468
r_time_alta_master_delta2	0.00241397548411075	0.00218732295727961	0.00544299384031302
Visa_mconsumospesos_rank_delta2	0.00241230967253925	0.00247668357640715	0.00559795451904079
Visa_mconsumospesos_rank	0.00238346636512862	0.00229003100353877	0.00515244256769845
r_time_alta_visa_lag2	0.00233748513872577	0.00247394233197904	0.00441637934374153
Visa_fechaalta	0.00231363430725523	0.00266515538050235	0.00406771781660404
r_time_alta_master_delta1	0.00231333785035253	0.00284355391487163	0.00526866307674428
thomebanking_lag1	0.00229856513032917	0.00211826655618744	0.00575291519776857
r_time_alta_visa_lag1	0.00228647208698072	0.00188855210979202	0.00433889900437764
Visa_mpagominimo_rank	0.00227954358716791	0.00139261828994539	0.00282803238678185
Visa_mconsumospesos_rank_lag1	0.00227149013366319	0.00209226835526295	0.00490063146476582
Master_Fvencimiento	0.00224122842755312	0.00310780253102211	0.00437763917405958
Master_Fvencimiento_lag1	0.00223966243893795	0.00274905031676012	0.00449385968310541
Visa_mlimitecompra_rank_delta2	0.00222154814472001	0.00290875237028794	0.00513307248285748
Visa_mpagominimo_rank_lag1	0.00222144450136323	0.0016910631267891	0.00290551272614574
ctarjeta_visa_transacciones_tend6	0.00220964851062751	0.00329342839994724	0.0015689768721187
mcuenta_corriente_rank	0.0022023646879676	0.00261421231445203	0.00269244179289505
r_time_alta_visa	0.00219746899912756	0.00192906650859761	0.00391275713787626
Visa_fechaalta_lag2	0.00218343785883188	0.00214852401729872	0.00377716654398946
mcomisiones_rank_lag2	0.0021783648029975	0.00171544504959183	0.00249874094448534
Master_fechaalta_lag1	0.00217520086432642	0.00217855097510968	0.00472630070119707
r_time_alta_master	0.00216537447734377	0.0020899973008339	0.00486189129508387
r_time_alta_visa_delta1	0.00215936122586322	0.00226392260183324	0.00439700925890055
mcuenta_corriente_rank_lag2	0.00214729827825716	0.00302771870510828	0.00257622128384922
vmr_Master_mlimitecompra_delta1	0.0020798658423267	0.00153389569122495	0.00048425212102429
mrentabilidad_rank_delta1	0.00207326629598171	0.00266409286130526	0.00315732382907837
Visa_mpagospesos_rank_delta1	0.00206471501049036	0.00226167175088072	0.00515244256769845
Visa_mpagospesos_rank_lag1	0.00205259742119299	0.00213147503813365	0.00453259985278736
rm_e_sp_delta2	0.00204122575643916	0.00267792214098459	0.00360283578042072
rf_005_022	0.00203368759385253	0.000960714797236137	0.00193700848409716
Master_mfinanciacion_limite_rank	0.00200889399558457	0.00264435314640339	0.00420330841049084
mcomisiones_mantenimiento_rank	0.00199264396603686	0.00315248068267092	0.0032735443381242
Master_mfinanciacion_limite_rank_lag1	0.00197666777875242	0.00196314150843171	0.00404834773176307
rm_e_sp	0.00197115164463228	0.00366036945057955	0.00294425289582768
Master_mfinanciacion_limite_rank_delta1	0.00196806162131342	0.00213987784768713	0.0052492929919033
Visa_mpagospesos_rank_delta2	0.00195708399164078	0.00369684131740104	0.00478441095571999
Master_Fvencimiento_lag2	0.00195190342523943	0.00265148038191645	0.00420330841049084
cliente_edad_lag1	0.00193664884712814	0.00268424766581568	0.00220818967187076
Visa_mlimitecompra_rank	0.0019030374431921	0.00224005678602166	0.00375779645914849
tcallcenter_delta1	0.001890647744211	0.0014412342828363	0.000697323054274978
ctrx_quarter_delta2	0.00188322427013503	0.00199143923232035	0.00189826831441522
Visa_cconsumos_lag1	0.00186222752234991	0.00185240625361441	0.00302173323519157
Visa_cconsumos_lag2	0.00185711736815134	0.0015864476886783	0.0030023631503506
Visa_Fvencimiento	0.00185648795516749	0.00286273895250899	0.00331228450780614
Visa_mpagospesos_rank_lag2	0.00184636694948407	0.00284766991404308	0.00414519815596792
mcomisiones_otras_rank_delta2	0.00184209542548955	0.00186664327618356	0.002731181962577
mcuenta_corriente_rank_delta2	0.00183302999205749	0.00311689042209766	0.00226629992639368
mactivos_margen_rank_delta2	0.00180962039249249	0.00253065900061546	0.00311858365939643
rm_anclaje_pesado_lag2	0.00180732254684483	0.00213574715507822	0.000658582884593035
mactivos_margen_rank_delta1	0.00180055514268304	0.00218583341005604	0.00315732382907837
Visa_mfinanciacion_limite_rank	0.00179620024458773	0.00195659099033936	0.00333165459264712
Master_mlimitecompra_rank	0.00178860769596838	0.00176107827467622	0.00389338705303529
Visa_fechaalta_lag1	0.00177451260047854	0.00214426292043226	0.00356409561073877
vmr_Visa_mlimitecompra	0.00177356465818717	0.0020531415679585	0.0028667725564638
m_anclaje_pesado_rank_delta2	0.0017632687430271	0.00234870649105798	0.000910393987525665
vm_mpagominimo_rank	0.00176197325631228	0.0013030434217654	0.00141401619339093
vm_msaldopesos_rank	0.00175377636613839	0.000827585825373848	0.000987874326889552
ctrx_quarter_normalizado_delta2	0.00174904692048566	0.00210689475392506	0.00213070933250688
Master_mlimitecompra_rank_lag1	0.00173466308043344	0.00158652391088518	0.00346724518653392
rm_status_SP_delta2	0.00172638324709699	0.000837198088499128	0.000135590593886801
mrentabilidad_annual_rank_lag1	0.00172606331133468	0.00224861663168811	0.00222755975671173
vmr_Master_mlimitecompra	0.00172316205683591	0.00187476323706573	0.00335102467748809
mcomisiones_rank	0.00171451769926261	0.00123808097968847	0.00247937085964437
Visa_msaldopesos_rank	0.00171012726240982	0.00150087127216999	0.00234378026575756
rf_009_027	0.00170618094121297	0.00166327967321193	0.00468756053151513
Master_mfinanciacion_limite_rank_lag2	0.00168728012173797	0.00149245927921809	0.00360283578042072
mcomisiones_otras_rank_lag1	0.00168529877616824	0.00121138484048412	0.00205322899314299
Master_mlimitecompra_rank_lag2	0.00167679048247242	0.00192134786222634	0.00371905628946655
mcomisiones_mantenimiento_rank_lag2	0.00167128758236421	0.00239383922092853	0.00230504009607562
mcuentas_saldo_rank_lag1	0.00167110606333982	0.00147786318577076	0.00147212644791384
e_y_ratio_lag2	0.00166874187393572	0.00143594189032737	0.00377716654398946
vm_fechaalta_lag1	0.00166812640501632	0.00170567758703327	0.00306047340487351
mpasivos_margen_rank_delta2	0.00166723514896519	0.00240093615122681	0.00323480416844226
numero_de_cliente	0.00166304103964594	0.0046518660809767	0.00304110332003254
Visa_Fvencimiento_lag2	0.00166004380227805	0.00126145181032526	0.00282803238678185
e_y_ratio_lag1	0.00165954591671422	0.00152612745450223	0.00329291442296517
rm_e_sp_delta1	0.00163803510774698	0.00269354861173455	0.00315732382907837
mcaja_ahorro_rank_delta2	0.00162167947395544	0.00185815414268493	0.00205322899314299
vm_Fvencimiento_lag1	0.001618806250397	0.00180279294365518	0.00302173323519157
mcomisiones_mantenimiento_rank_lag1	0.00161781142753608	0.00389006277515861	0.00253748111416728
Visa_mlimitecompra_rank_lag2	0.00161614653173206	0.00208800909507617	0.00335102467748809
cliente_edad	0.00160848358688377	0.00256231233828644	0.00224692984155271
rf_011_025	0.00159852505440733	0.0015211858678129	0.00387401696819432
vm_status06	0.00159144091947093	0.000554296153479757	0.000522992290706233
mcuenta_corriente_rank_lag1	0.00158912033555601	0.0013967315340973	0.00187889822957425
m_anclaje_pesado_rank_delta1	0.00157672824283334	0.00391305065808132	0.000987874326889552
vm_Fvencimiento	0.00157098314051251	0.00213144381457902	0.00317669391391934
Visa_msaldototal_rank_delta2	0.00156869584358888	0.00251692981997889	0.00309921357455546
vm_fechaalta_lag2	0.00156650576936049	0.00163257498059764	0.00290551272614574
Visa_mfinanciacion_limite_rank_lag1	0.00156041047078015	0.00160333320335151	0.0030023631503506
vm_Fvencimiento_lag2	0.00154536078852382	0.00195303517847148	0.0031379537442374
vm_fechaalta	0.00153778924812978	0.00140098803926456	0.00311858365939643
Visa_mfinanciacion_limite_rank_lag2	0.00148556854228095	0.00178937875358439	0.003409134932011
vmr_Visa_mlimitecompra_lag1	0.00148120710215562	0.00160275556759095	0.00265370162321311
e_y_ratio_delta2	0.00147763046577722	0.00286968986677242	0.00271181187773602
e_y_ratio	0.00147536622348385	0.00187672848432742	0.00331228450780614
Visa_mpagominimo_rank_delta1	0.0014685872153728	0.00207600731168223	0.00317669391391934
Visa_msaldopesos_rank_lag2	0.00146237326152401	0.0013684631970836	0.00265370162321311
rf_017_016	0.00145821116641865	0.00116170724673595	0.000658582884593035
rf_019_015	0.00144374385370032	0.000408798980626613	0.0010266144965715
Visa_mpagominimo_rank_delta2	0.00143307641364844	0.00177984179432614	0.00311858365939643
vm_mlimitecompra_rank_delta2	0.00142531658186477	0.00261313969351668	0.00309921357455546
mpayroll_sobre_edad_rank	0.0014092609834757	0.00210185857823202	0.000542362375547205
Visa_msaldopesos_rank_delta2	0.00140924458125062	0.00148128492002172	0.002731181962577
rf_004_027	0.00140619321956619	0.00126858547421722	0.0032735443381242
mautoservicio_rank	0.0014052722982986	0.00227197368722727	0.00147212644791384
rf_007_026	0.00137384593686342	0.000892536329032834	0.00220818967187076
mcomisiones_rank_delta1	0.00136519730681808	0.00212436616941742	0.00247937085964437
Master_msaldototal_rank_lag2	0.00135894751848449	0.000837922658634396	0.00135590593886801
vm_mfinanciacion_limite_rank_delta2	0.00135303516996434	0.00183129453898873	0.00275055204741797
rf_006_026	0.00134829828408765	0.00138729926558104	0.00422267849533181
mrentabilidad_annual_rank_lag2	0.00134684196047478	0.002243929425135	0.00201448882346105
mactivos_margen_rank_lag2	0.00134626498705416	0.00128396123819034	0.00122031534498121
Visa_msaldototal_rank_lag1	0.00133860926545108	0.000824450613153564	0.00205322899314299
chomebanking_transacciones_lag2	0.00133792691254141	0.00183000059815147	0.00203385890830202
Master_mpagominimo_rank	0.00133647257869386	0.000709980470199219	0.0015689768721187
mrentabilidad_rank_delta2	0.00133609400581984	0.00154434639862589	0.00276992213225894
c_e_sp_delta2	0.0013313685068111	0.00156357367989598	0.00114283500561732
mcaja_ahorro_dolares_rank_delta2	0.00132834992237405	0.00315385819243378	0.00108472475109441
thomebanking_delta2	0.00132163567790677	0.00207430379127549	0.0011622050904583
vm_mfinanciacion_limite_rank_delta1	0.00132027495564623	0.00166617979043268	0.00249874094448534
mcomisiones_otras_rank	0.00131940661696976	0.00138820107530579	0.00253748111416728
vmr_Master_mlimitecompra_lag1	0.0013193190320082	0.00154689662836688	0.00275055204741797
rf_020_019	0.00130410218568638	0.000274332905954501	0.00011622050904583
vm_mlimitecompra_rank_delta1	0.00129691377894816	0.00155450599229695	0.00265370162321311
mpasivos_margen_rank_delta1	0.00128349322881837	0.00184173238963188	0.00224692984155271
Visa_msaldopesos_rank_delta1	0.00127464421971493	0.00153479933762939	0.00224692984155271
vmr_pagominimo_saldo_lag1	0.00127202919131081	0.00236822304937826	0.00253748111416728
mcomisiones_otras_rank_delta1	0.00126352201541586	0.0022627866154488	0.0017045674660055
rf_016_023	0.0012634228272268	0.00114163968451052	0.000697323054274978
rf_005_019	0.001261765582669	0.000525521811213165	0.000309921357455546
Visa_mlimitecompra_rank_lag1	0.00124943196930151	0.00192689004317228	0.00251811102932631
mcomisiones_rank_lag1	0.00124354078135393	0.00121494248903168	0.00216944950218882
ccajas_transacciones	0.00124232116334977	0.000900076817474764	0.000542362375547205
Visa_mconsumosdolares_rank_lag1	0.00124137556467752	0.0024185113391213	0.00292488281098671
Visa_mconsumosdolares_rank	0.0012328000617358	0.00238948353505834	0.00247937085964437
mrentabilidad_rank	0.00123093336683889	0.00234505609018638	0.00207259907798396
chomebanking_transacciones	0.00122822948715003	0.00224823184729435	0.00209196916282493
vmr_mpagominimo_delta2	0.00122638494268459	0.0022818586972856	0.00141401619339093
vmr_pagominimo_saldo_lag2	0.00122371035782552	0.00151961458834339	0.00234378026575756
rf_018_012	0.0012227059472749	0.000837481855510279	0.000368031611978461
ccajas_transacciones_delta2	0.00121613465130362	0.00128174161079244	0.000522992290706233
rm_deb_aut_lag2	0.00120423121267018	0.00160058920390388	0.00230504009607562
m_anclaje_pesado_rank_lag2	0.0012012352711667	0.000744961871457287	0.000445511951342347
Master_cconsumos	0.00119801662233627	0.00178055626272315	0.00236315035059854
mactivos_margen_rank_lag1	0.00119011892847069	0.00181937356950088	0.0014333862782319
rf_005_018	0.00118135619716375	0.00134453401582293	0.00120094526014024
ccomisiones_otras_tend6	0.00117861948484858	0.00247697377179719	0.00187889822957425
mactivos_margen_rank	0.00115578662176084	0.00280984074093525	0.00176267772052842
mcaja_ahorro_dolares_rank_delta1	0.00115102352007003	0.00295682286931276	0.000949134157207609
m_anclaje_pesado_rank	0.00114680247732051	0.00191101653900485	0.000639212799752063
Master_msaldototal_rank	0.00114650108090744	0.00142539016554382	0.00178204780536939
rm_e_sp_lag1	0.00113655461944788	0.00235645268762449	0.00213070933250688
rf_007_025	0.0011290014234011	0.00104488523544648	0.00271181187773602
chomebanking_transacciones_delta2	0.00112860914901918	0.00235283167362784	0.00172393755084647
e_y_ratio_delta1	0.00112094644230445	0.0013920378991653	0.00238252043543951
m_e_sp_rank_delta2	0.00111224514199894	0.00245769965519516	0.00218881958702979
mcomisiones_mantenimiento_rank_delta2	0.00110713776036776	0.0024299602819304	0.00174330763568744
ccaja_seguridad	0.00110265691796857	0.00229898849035676	0.000251811102932631
Visa_cconsumos	0.00110015825741639	0.00233067672494174	0.00280866230194088
vmr_mpagominimo	0.00110009682330742	0.00112266494669696	0.00135590593886801
vmr_mpagominimo_lag2	0.00109707573295968	0.00138536432353413	0.0018401580598923
vmr_pagominimo_saldo	0.00109386689568099	0.00122087771942995	0.00164645721148259
rf_011_021	0.00108503110787288	0.000966320343631161	0.00120094526014024
rm_e_sp_lag2	0.00107232290601397	0.0021348637121503	0.00224692984155271
rm_deb_aut_lag1	0.00106624518165789	0.00176482234621169	0.00205322899314299
rf_013_019	0.00106302671723402	0.00143813488586985	0.00162708712664161
cproductos_delta2	0.00105779555939872	0.00203939310218525	0.000251811102932631
vmr_msaldopesos_delta2	0.00105486580852055	0.00106552033169421	0.00123968542982218
rm_deb_aut	0.00105327015804982	0.00123251767692617	0.00226629992639368
vm_mpagominimo_rank_lag2	0.00105308729775703	0.000854136866883174	0.00151086661759579
Visa_cconsumos_delta2	0.00105076265770975	0.00107588563348986	0.00205322899314299
mcuenta_debitos_automaticos_rank	0.0010462608225925	0.0025794246829006	0.00100724441173052
seguros_ratio_01	0.00103148951068503	0.00153560196665122	0.00141401619339093
vmr_msaldototal	0.00102667201009137	0.00146243415808682	0.00139464610854996
vmr_Master_mlimitecompra_lag2	0.00102582235930764	0.00145397441146313	0.00232441018091659
rf_018_021	0.00102221762400141	0.00120211144476051	0.00125905551466315
rf_014_015	0.00101670486801402	0.000702875274842355	0.00166582729632356
vmr_Visa_mlimitecompra_lag2	0.00101563610574746	0.00109791936131683	0.00191763839925619
mrentabilidad_rank_lag1	0.00101241763574923	0.0017972167841351	0.00187889822957425
vm_msaldototal_rank	0.00101162684587099	0.000488146297987235	0.000561732460388177
Master_mconsumospesos_rank	0.0010026826213609	0.00114646464203992	0.00164645721148259
mcomisiones_mantenimiento_rank_delta1	0.00100242782056183	0.0023460359587977	0.00151086661759579
m_e_sp_rank_delta1	0.00100024074865567	0.00128014094444799	0.00207259907798396
atm_ratio_c_lag2	0.00099357651491661	0.00109106854609617	0.00218881958702979
rf_007_015	0.000985888208388771	0.000887181489414652	0.00110409483593538
Visa_cconsumos_delta1	0.000984830194823749	0.000642943498419411	0.00174330763568744
Master_mconsumosdolares_rank_delta1	0.000971799281263894	0.000452075745676661	0.00145275636307287
cliente_antiguedad_lag1	0.000970554917047411	0.00167685089939568	0.00172393755084647
vmr_mpagominimo_lag1	0.000963785582617799	0.000763920079153695	0.0012977956843451
mrentabilidad_rank_lag2	0.000960445901023468	0.0012342515025477	0.00174330763568744
cliente_antiguedad	0.000957198096635655	0.0018766403237026	0.00178204780536939
internet_lag2	0.000956797575557045	0.00297832947007047	0.000677952969434006
Visa_msaldopesos_rank_lag1	0.000956267725265685	0.000999177624834889	0.00187889822957425
vmr_mpagospesos	0.000953636567357758	0.00121790689004137	0.00141401619339093
rf_019_019	0.000945773091323487	0.00102303793060742	0.00176267772052842
tcallcenter_lag2	0.000939682878554023	0.00236992840646469	0.0011622050904583
mcaja_ahorro_rank_delta1	0.000929181410269635	0.00138741589474096	0.00180141789021036
cliente_antiguedad_lag2	0.000928329363949275	0.00168758996550699	0.0017045674660055
m_anclaje_pesado_rank_lag1	0.000923937346575256	0.000817895503362005	0.000406771781660404
m_y_sp_rank_delta2	0.000914658059842214	0.0011330587170277	0.00158834695695967
Master_mpagospesos_rank_lag1	0.000912535417697641	0.00178208713523962	0.00180141789021036
c_e_sp	0.000910265464633057	0.00165594764791411	0.000581102545229148
vm_mlimitecompra_rank_lag2	0.000908463599606578	0.000695343051459002	0.00137527602370898
Master_cconsumos_lag2	0.00090048999240155	0.000856671484846848	0.00207259907798396
Visa_msaldototal_rank_delta1	0.000898563590453825	0.000929775009622319	0.00191763839925619
mcaja_ahorro_rank_lag1	0.000897415352680302	0.00146793317706018	0.00112346492077635
rf_017_015	0.000896467502363202	0.000858188582265685	0.00182078797505133
mprestamos_personales_rank_delta2	0.000895598013919731	0.00204861782589724	0.000774803393638864
ccaja_seguridad_lag2	0.000886927660230308	0.00240772911103743	0.000271181187773602
vm_msaldopesos_rank_lag1	0.000884050441153347	0.000260252919498324	0.000581102545229148
mcuentas_saldo_rank_lag2	0.00087884389402614	0.00153537238169074	0.00158834695695967
Master_mpagospesos_rank	0.000873124129168	0.000930891710870083	0.00158834695695967
m_ganchos_liviano_rank	0.00087229746092092	0.00262397885867075	0.00048425212102429
mcaja_ahorro_rank_lag2	0.00087058395363085	0.00114404848991585	0.00123968542982218
rm_anclaje_pesado_delta1	0.000869685657330076	0.00283894476720508	0.000716693139115949
rf_018_019	0.000868438100640404	0.00119310069423168	0.00141401619339093
mcaja_ahorro_dolares_rank	0.00086737217564341	0.00354180902196934	0.00104598458141247
rm_ganchos_liviano	0.000862199772054696	0.00253253057721327	0.000368031611978461
vmr_pagominimo_saldo_delta1	0.000861145252655822	0.00160382451516693	0.00166582729632356
Master_msaldopesos_rank_lag2	0.000860627914689515	0.00154249410716476	0.00168519738116453
Master_mpagospesos_rank_lag2	0.000859931742684927	0.00214721997472321	0.00185952814473327
rf_003_017	0.000857611359544349	0.000823049226554808	0.00060047263007012
vm_mconsumospesos_rank_delta1	0.000856984826737197	0.000962317300260272	0.0011622050904583
vmr_msaldopesos2_delta2	0.000855801406014611	0.0011949483939936	0.00174330763568744
vm_mconsumospesos_rank_delta2	0.000846978250495549	0.00104896725604377	0.00127842559950413
mtransferencias_recibidas_rank_delta2	0.000843233547762933	0.000860064750562709	0.00149149653275481
m_deb_aut_rank_delta1	0.000842336426266908	0.0015058541841522	0.00149149653275481
rm_deb_aut_delta2	0.00084096126184443	0.00161918191234321	0.0012977956843451
mpasivos_margen_rank_lag2	0.000834010132524782	0.00311675726282058	0.00154960678727773
mtransferencias_recibidas_rank_lag2	0.000824939957260606	0.000860075770640812	0.00160771704180064
c_e_y_ratio_lag2	0.000824841805236428	0.00168924481390211	0.0017045674660055
m_deb_aut_rank	0.000820495614497006	0.000934824960412987	0.00118157517529927
Visa_mconsumosdolares_rank_lag2	0.000817630725524386	0.00104619019636183	0.0018401580598923
ctrx_quarter	0.000809859382451684	0.00372321236430135	0.0010266144965715
rf_005_021	0.000807805542681685	0.00104895715430551	0.00211133924766591
rf_012_015	0.000807739275912378	0.000825127429617052	0.00147212644791384
Visa_status	0.000795705619070392	0.00191587914846777	0.00060047263007012
Visa_mconsumosdolares_rank_delta2	0.000795024284612777	0.000791879853980512	0.00166582729632356
chomebanking_transacciones_lag1	0.000794983605748496	0.00207020248554152	0.00160771704180064
mtransferencias_emitidas_rank_lag2	0.000793885937386566	0.000950412860889581	0.0014333862782319
mttarjeta_visa_debitos_automaticos_rank_delta2	0.000790315236682468	0.00182034884641299	0.00120094526014024
mtarjeta_visa_consumo_rank_delta2	0.000786635650137751	0.00155045886861365	0.0014333862782319
atm_ratio_c_lag1	0.000785363935318461	0.000990850119148442	0.00193700848409716
m_deb_aut_rank_lag2	0.00077998874766668	0.00133079932514731	0.00149149653275481
vmr_mconsumospesos	0.000775928526111319	0.000783724996184344	0.00127842559950413
atm_ratio_eme_lag1	0.000774232101639374	0.00111992278392901	0.00220818967187076
seguros_ratio_01_lag2	0.00077233340842682	0.00147048248846132	0.0012977956843451
chomebanking_transacciones_delta1	0.000770527509399824	0.00160283087145799	0.00104598458141247
Visa_mconsumosdolares_rank_delta1	0.000765413184640404	0.000782255652437287	0.00176267772052842
rm_y_sp_delta2	0.000761776642276089	0.00127864588718536	0.00131716576918607
Master_msaldopesos_rank_lag1	0.000760207174369415	0.000911095977237852	0.00127842559950413
rf_005_020	0.000758798738821687	0.000543595657641812	0.000929764072366637
ctarjeta_debito_transacciones_tend6	0.000757217906302882	0.00259902389180667	0.00106535466625344
vmr_msaldopesos2	0.000756513203306386	0.00114457837200463	0.00151086661759579
c_e_y_ratio	0.000756148925025991	0.00121351447057751	0.00151086661759579
vmr_msaldopesos_lag1	0.0007560321813878	0.000750863123281406	0.00118157517529927
Master_mconsumospesos_rank_lag1	0.000754984756197823	0.0010930236916196	0.00149149653275481
c_e_y_ratio_delta2	0.000754619938190484	0.00166265152876006	0.0014333862782319
Master_mpagominimo_rank_lag2	0.000754201219762697	0.000830714609215238	0.00147212644791384
vm_msaldopesos_rank_delta2	0.000752152643617803	0.000662337917540727	0.0010266144965715
vm_mconsumototal_rank_delta2	0.000746648714534777	0.00099904354721797	0.00137527602370898
vmr_msaldototal_delta2	0.000737351508214422	0.000963341249184002	0.00141401619339093
mttarjeta_visa_debitos_automaticos_rank_lag2	0.000737023254662138	0.000673654619412594	0.00141401619339093
m_deb_aut_rank_lag1	0.000731267637729501	0.00106738639825298	0.00147212644791384
mtransferencias_recibidas_rank_delta1	0.000730712354869491	0.000942377387272862	0.00145275636307287
cdescubierto_preacordado_delta2	0.000722473295313679	0.00345513151599058	0.000522992290706233
thomebanking_delta1	0.000720282707609931	0.00132251681811312	0.000736063223956921
m_deb_aut_rank_delta2	0.000720080650103471	0.00114896160807007	0.00125905551466315
rm_y_sp_lag2	0.00071958615799901	0.00190336676812173	0.00158834695695967
vmr_mconsumospesos_delta2	0.00071685831388573	0.00137230369430248	0.00120094526014024
Master_msaldopesos_rank	0.00071631544354997	0.00112396256089358	0.00158834695695967
ccomisiones_mantenimiento_delta2	0.000714478706546374	0.00131782134650143	0.000213070933250688
mautoservicio_rank_lag1	0.000713117879865554	0.000942876964146861	0.00125905551466315
Master_mconsumospesos_rank_lag2	0.000712653677679136	0.000799887777401975	0.00182078797505133
rf_009_023	0.000709962305993679	0.000778980852561033	0.000871653817843722
c_e_sp_delta1	0.000707923748415298	0.00233153169933456	0.000639212799752063
mtransferencias_emitidas_rank_lag1	0.000705710797823921	0.0011730542538226	0.0012977956843451
mtransferencias_emitidas_rank_delta2	0.000704305477886159	0.00189659860348685	0.00096850424204858
Master_fultimo_cierre_lag2	0.000699190188579714	0.000841821011263308	0.00122031534498121
Visa_mpagosdolares_rank	0.000691901866477138	0.000596463564000778	0.00137527602370898
vm_mpagominimo_rank_lag1	0.000689749172585157	0.00109763651264552	0.00125905551466315
vm_mpagominimo_rank_delta2	0.000684507338267735	0.00123138628224094	0.00125905551466315
rf_010_021	0.000684464289357122	0.00153982357490448	0.00118157517529927
Master_mconsumototal_rank_lag2	0.000681875316828562	0.000909764384467082	0.00133653585402704
cdescubierto_preacordado_lag2	0.000681477093165532	0.000826650037074941	0.00112346492077635
cplazo_fijo_tend6	0.000680864248960552	0.002235721303628	0.000271181187773602
c_e_y_ratio_delta1	0.000679650532206086	0.00171804395134444	0.0012977956843451
vmr_msaldopesos_lag2	0.000679077517958767	0.00089645580347811	0.00137527602370898
ctrx_quarter_delta1	0.000678369400318517	0.000956931237087464	0.000987874326889552
vm_msaldopesos_rank_lag2	0.000676875202614685	0.000704302374956685	0.000949134157207609
rf_020_027	0.000673909129761825	0.000750695067090337	0.00139464610854996
vm_mlimitecompra_rank_lag1	0.00067388890492575	0.000707486259188589	0.00137527602370898
vmr_msaldopesos2_lag2	0.000672804409327636	0.000811506613081831	0.00168519738116453
ctransferencias_recibidas_tend6	0.000671707265790839	0.00148199296003983	0.00118157517529927
rf_003_013	0.000671345510917621	0.000657358678917886	0.00139464610854996
c_e_y_ratio_lag1	0.000670969826462643	0.000888177888143125	0.00145275636307287
vmr_mpagospesos_delta2	0.000670061023443203	0.00097088081928609	0.00133653585402704
Master_mpagospesos_rank_delta2	0.000667125894814509	0.00115981454832178	0.0014333862782319
m_e_sp_rank_lag2	0.00066686619023405	0.00133269845194039	0.00122031534498121
vmr_pagominimo_saldo_delta2	0.00066259356705232	0.00258860716297987	0.00154960678727773
rf_015_015	0.000661043438061866	0.00086114655489648	0.00164645721148259
ctrx_quarter_normalizado_delta1	0.000658377828125435	0.00100600272653997	0.000929764072366637
vmr_mconsumospesos_lag1	0.000655898307107349	0.000927548035505685	0.00110409483593538
mtransferencias_recibidas_rank	0.000652003051656305	0.00161378391075246	0.00125905551466315
Master_msaldopesos_rank_delta1	0.000651571429439195	0.00166340273075074	0.0014333862782319
vmr_msaldototal_delta1	0.000650435386337508	0.00147371137134548	0.00122031534498121
vmr_mpagospesos_lag2	0.000650371979491155	0.00114589618967778	0.00139464610854996
vmr_msaldopesos2_delta1	0.000648931328931018	0.00135269162863863	0.00135590593886801
mtransferencias_recibidas_rank_lag1	0.0006470656777157	0.000741728396873919	0.00125905551466315
seguros_ratio_01_lag1	0.00064658439841628	0.00186458711327752	0.00106535466625344
vm_mfinanciacion_limite_rank	0.000646138431802476	0.00136066098178673	0.00133653585402704
Master_fultimo_cierre_delta1	0.000645055076851305	0.000655343841304733	0.00160771704180064
m_y_sp_rank_delta1	0.000642992176532589	0.000991205516667261	0.0012977956843451
ctransferencias_emitidas_tend6	0.000642170505374434	0.00203757019759906	0.000891023902684694
Master_mpagospesos_rank_delta1	0.000634812179609327	0.00193463440305911	0.00139464610854996
Master_fultimo_cierre_delta2	0.000626357481031658	0.000760088765333243	0.00131716576918607
rf_005_024	0.000626353024547314	0.00179250478240625	0.000348661527137489
vm_mfinanciacion_limite_rank_lag2	0.000626030395176691	0.000671334892971927	0.0014333862782319
Master_msaldopesos_rank_delta2	0.000622394167445541	0.00132887172981914	0.00135590593886801
Master_mpagominimo_rank_lag1	0.000619820776610958	0.000888455226775382	0.00141401619339093
vm_mpagospesos_rank_delta2	0.000618109957867376	0.00109241115894505	0.00123968542982218
mpagomiscuentas_rank_delta2	0.000615455469397024	0.0017038005003964	0.000658582884593035
vm_fultimo_cierre_lag1	0.000613529787213822	0.000950358678838909	0.00110409483593538
ccaja_ahorro_tend6	0.000612398177665464	0.002690653086213	0.000290551272614574
cajas_ratio_01	0.000612311929865503	0.000926313786758157	0.000193700848409716
internet	0.000611597328999851	0.00102237121588219	0.000251811102932631
mprestamos_personales_rank_lag2	0.000610768662814442	0.00183304581306725	0.000697323054274978
vmr_mconsumospesos_lag2	0.000610337659446037	0.000795119756942774	0.0011622050904583
vmr_msaldototal_lag2	0.000609385335578361	0.000660397465454769	0.00118157517529927
vm_msaldototal_rank_lag1	0.000606579081978625	0.000654917731618087	0.000619842714911091
vm_mfinanciacion_limite_rank_lag1	0.000598476667158706	0.000862633347100533	0.00118157517529927
mttarjeta_visa_debitos_automaticos_rank	0.000595620771442806	0.000739221329105502	0.00125905551466315
cajas_ratio_01_delta2	0.00059549061119833	0.00277642143574827	0.00048425212102429
rf_012_021	0.00059159112648701	0.0006410829418997	0.000716693139115949
mpayroll_rank	0.000589684210647045	0.0014414840712733	0.000329291442296517
mcuenta_debitos_automaticos_rank_lag1	0.000589135732425473	0.0011819502118712	0.000755433308797893
vm_msaldopesos_rank_delta1	0.0005876893409325	0.00112899138986788	0.00141401619339093
cajas_ratio_01_delta1	0.000586183975729204	0.00263868607123895	0.000426141866501375
rf_012_019	0.000583769351219663	0.000888236661893008	0.000736063223956921
vmr_msaldopesos2_lag1	0.00058330942599661	0.000984868971758076	0.00123968542982218
vmr_msaldopesos	0.000583028730026886	0.000870591680170533	0.00112346492077635
contactos_delta1	0.000581425591399047	0.00219792702743416	0.000329291442296517
Master_msaldototal_rank_delta1	0.000580414647086191	0.00118471900649456	0.00110409483593538
Master_msaldototal_rank_lag1	0.000579606357818528	0.0015725798387256	0.0011622050904583
vm_msaldototal_rank_delta1	0.000575938287997767	0.000967826420971895	0.00110409483593538
mpayroll_rank_delta1	0.000574474803492097	0.0024663687833028	0.000755433308797893
mpayroll_sobre_edad_rank_lag2	0.00057152861252112	0.00111385163923414	0.000716693139115949
mautoservicio_rank_lag2	0.000568107756902639	0.000852817212530348	0.00133653585402704
Master_cconsumos_delta2	0.00056678205453091	0.000537632877048285	0.00137527602370898
rm_deb_aut_delta1	0.00056451123108515	0.00129113898239471	0.00100724441173052
rf_008_015	0.000549439842937526	0.000980879703484816	0.00100724441173052
mcuenta_debitos_automaticos_rank_lag2	0.000547593949896727	0.000849298134256146	0.000929764072366637
Master_mconsumototal_rank_delta2	0.000535739338819198	0.000894527289810097	0.00147212644791384
vm_fultimo_cierre_lag2	0.000534913537223586	0.000776728164928825	0.00100724441173052
cpagomiscuentas_tend6	0.000532939966034791	0.00168389272930346	0.000774803393638864
rf_020_017	0.000532626669350591	0.000399423649180545	0.000309921357455546
mautoservicio_rank_delta2	0.00053180026773813	0.00186257043898468	0.00106535466625344
mtransferencias_emitidas_rank	0.000527302304706502	0.00103524634046578	0.00131716576918607
rf_002_020	0.000525481707695524	0.000605161160643515	0.00108472475109441
mcaja_ahorro_dolares_rank_lag2	0.000522843472978282	0.000886267741271951	0.00096850424204858
Master_mpagominimo_rank_delta2	0.000521320978346524	0.000793787245832161	0.00106535466625344
vmr_msaldopesos_delta1	0.000519331257126404	0.000645605765621111	0.00114283500561732
Master_fultimo_cierre	0.000519075763465448	0.000580983109285687	0.000949134157207609
ctarjeta_visa_debitos_automaticos_tend6	0.000516324263706022	0.00225315414884699	0.000658582884593035
mtarjeta_visa_consumo_rank_lag2	0.000513730402645272	0.000616512759429375	0.000929764072366637
mtarjeta_visa_consumo_rank_delta1	0.000513235456023625	0.000646366151010213	0.0010266144965715
Master_mconsumospesos_rank_delta1	0.000512378562689496	0.000758346674653138	0.00096850424204858
Master_cconsumos_lag1	0.000508095803080808	0.000610418656238455	0.00127842559950413
Master_mconsumosdolares_rank_delta2	0.000505940244030499	0.000371660399079896	0.00147212644791384
ctrx_quarter_lag1	0.000504730887818369	0.00206824917669777	0.000949134157207609
rf_001_015	0.000503592904789885	0.000813578387765182	0.00106535466625344
Master_mconsumospesos_rank_delta2	0.000502024236877911	0.000708809586900783	0.00120094526014024
seguros_ratio_01_delta2	0.000500307991314813	0.00129983015065856	0.000755433308797893
m_pagos_rank_lag2	0.000499982460071995	0.000699445275532818	0.0010266144965715
rm_y_sp_delta1	0.00049985904947437	0.00151779994881578	0.000910393987525665
mpayroll_rank_delta2	0.000499100629803743	0.00176483612130932	0.000581102545229148
vm_status05_delta2	0.000492118881287832	0.00152487116559849	0.000290551272614574
rf_010_015	0.000491918011658346	0.000859531195114558	0.000987874326889552
rf_009_020	0.000488849644693721	0.000594937283183522	0.000794173478479836
m_y_sp_rank_lag2	0.000485630192415925	0.0011423624179661	0.00104598458141247
ctrx_quarter_lag2	0.000481795068115804	0.00137242675184129	0.000949134157207609
Master_fultimo_cierre_lag1	0.00048062702259893	0.000497719072499314	0.000813543563320807
Master_mpagominimo_rank_delta1	0.000480306434511897	0.000608553508019534	0.000891023902684694
vm_msaldototal_rank_lag2	0.000479180498330202	0.000813420433312373	0.000929764072366637
cdescubierto_preacordado_lag1	0.000477048616991249	0.000948507305717616	0.00096850424204858
vmr_msaldototal_lag1	0.000476851450113745	0.000703013944158484	0.00096850424204858
mprestamos_personales_rank_lag1	0.000470659433161981	0.00109449119868697	0.00048425212102429
vm_mpagospesos_rank_delta1	0.000467852427654974	0.00125125548306052	0.000871653817843722
mcuenta_debitos_automaticos_rank_delta2	0.000464000616731847	0.00240168827155734	0.000929764072366637
Master_mconsumototal_rank_delta1	0.000463602701459891	0.000627504368997206	0.00112346492077635
rf_015_017	0.000463463320842082	0.000839343330369832	0.000464882036183319
vm_mconsumospesos_rank	0.000460281019161118	0.000512547505926649	0.000794173478479836
mtransferencias_emitidas_rank_delta1	0.00045735099687564	0.000779600731954322	0.000677952969434006
Visa_mpagado_rank_lag2	0.000452172986053029	0.000759976727872529	0.000658582884593035
c_anclaje_pesado_lag2	0.000451342299455621	0.0029150117746504	0.000522992290706233
ctrx_quarter_normalizado_lag2	0.00045091841462655	0.00109581268971948	0.000871653817843722
ccaja_seguridad_lag1	0.000448228314284208	0.00165903786148214	0.000174330763568744
internet_tend6	0.000442279162960816	0.00351545634186586	0.000677952969434006
rf_020_024	0.000442086893862476	0.000656537683099218	0.000987874326889552
vmr_mpagominimo_delta1	0.000440186803185645	0.000468390052968208	0.000949134157207609
mttarjeta_visa_debitos_automaticos_rank_lag1	0.000438272761104221	0.00046997235251582	0.00096850424204858
mttarjeta_visa_debitos_automaticos_rank_delta1	0.000437220232642407	0.000499091990562971	0.00060047263007012
mcuenta_corriente_rank_delta1	0.000436115966069896	0.000969700752589235	0.000891023902684694
Visa_fultimo_cierre_lag2	0.000436048885457764	0.000690308712445647	0.000891023902684694
Visa_fultimo_cierre	0.000431361511372604	0.000439927946247865	0.000677952969434006
m_e_sp_rank_lag1	0.000429115382458322	0.000969349028429783	0.000755433308797893
rf_016_015	0.000425753304725653	0.000403344041965662	0.000774803393638864
rm_pagos_delta2	0.000425714626254515	0.00108116792426053	0.00048425212102429
rf_020_028	0.000424476849558317	0.000517653475447673	0.00120094526014024
Master_msaldototal_rank_delta2	0.0004244263537682	0.00156781916498514	0.0010266144965715
vm_mconsumospesos_rank_lag1	0.000420468599730026	0.000496251565431941	0.000697323054274978
vm_mconsumospesos_rank_lag2	0.000418967270354392	0.000973928789221392	0.000987874326889552
mautoservicio_rank_delta1	0.00041741039995971	0.00162800899490366	0.000755433308797893
vmr_mpagospesos_delta1	0.000416652912605129	0.00116652210252709	0.000929764072366637
rm_anclaje_pesado_delta2	0.000416152117615444	0.00237454581918982	0.000581102545229148
rm_pagos	0.000416000239211783	0.00122949633884629	0.000794173478479836
vm_mpagominimo_rank_delta1	0.000415641975297136	0.00105332018689443	0.00110409483593538
vm_mconsumototal_rank_delta1	0.000412281584247269	0.000929332369818518	0.00104598458141247
ctarjeta_master_transacciones_tend6	0.000408676881358046	0.0024367155898075	0.000542362375547205
cpayroll_trx_tend6	0.000406893965782178	0.00150931448867652	0.000309921357455546
Visa_mpagado_rank_delta1	0.000405989080924138	0.000394523387784109	0.000522992290706233
vmr_Visa_mlimitecompra_delta2	0.000402425613544226	0.000707947265789229	0.000445511951342347
cprestamos_personales_tend6	0.000402241548631046	0.0051229422779825	0.000755433308797893
ctarjeta_debito_transacciones_lag2	0.00040170836439097	0.000915571047287484	0.000774803393638864
mcaja_ahorro_dolares_rank_lag1	0.000398435240825507	0.00109992960723077	0.000794173478479836
c_e_sp_lag2	0.000396114534037072	0.00194611181440331	0.000891023902684694
cproductos_delta1	0.00039251310709636	0.00202195842028657	0.000213070933250688
mplazo_fijo_dolares_rank_delta2	0.000390404531032091	0.00195155573298616	0.000290551272614574
vmr_mpagospesos_lag1	0.000382417230316299	0.00054600721806667	0.000910393987525665
rf_011_016	0.000380024789790641	0.000628249142608996	0.000697323054274978
rf_012_017	0.000379038602025859	0.000898789305016405	0.000561732460388177
cextraccion_autoservicio_tend6	0.000378036768977502	0.00085143419272843	0.000716693139115949
mextraccion_autoservicio_rank_lag2	0.000374931830132307	0.000626447359839167	0.000813543563320807
ctarjeta_visa_transacciones_lag2	0.000373243997072728	0.0006368824554628	0.000581102545229148
rf_015_022	0.000372760416564658	0.000640845091880645	0.000677952969434006
vm_fultimo_cierre_delta1	0.000369270811034062	0.000530967566475696	0.000716693139115949
vm_mpagospesos_rank_lag2	0.000368647698726245	0.000944299472561981	0.000794173478479836
Visa_fultimo_cierre_lag1	0.000366389120356831	0.000393113736126776	0.000619842714911091
rf_007_023	0.000365158771874733	0.000930629984015138	0.000774803393638864
active_quarter	0.000363943339553771	0.000755563186592306	0.000677952969434006
Visa_fultimo_cierre_delta2	0.000361307052028008	0.000539400681243964	0.000716693139115949
mextraccion_autoservicio_rank_delta2	0.000356878077902519	0.0008257463906705	0.000503622205865262
m_e_sp_rank	0.000356308417909869	0.000577366686988242	0.000619842714911091
mv_status07_rank	0.000355471990971064	0.001586095046179	0.000542362375547205
Visa_mpagosdolares_rank_delta2	0.000354468546165669	0.000444954938542485	0.000813543563320807
rf_007_017	0.000350177413028227	0.000683173211874	0.000503622205865262
ccomisiones_otras_lag2	0.000346462343268425	0.00148398759417646	0.000290551272614574
rm_pagos_lag2	0.000343554578276274	0.000427416484241671	0.000677952969434006
m_pagos_rank_lag1	0.000342100952226451	0.000535671303145964	0.000658582884593035
vm_mconsumosdolares_rank_lag2	0.000341253590103188	0.00124523484705696	0.000639212799752063
ctarjeta_debito_tend6	0.000340732627406371	0.00420817018635747	0.000522992290706233
rf_014_021	0.000336733992924188	0.000616618368511195	0.000406771781660404
ccallcenter_transacciones_delta2	0.000336728425662845	0.000716126000421287	0.00011622050904583
vmr_mconsumospesos_delta1	0.000335130159372262	0.000833663398447614	0.000581102545229148
m_pagos_rank	0.000327655813779994	0.000352003334763795	0.000639212799752063
m_y_sp_rank	0.000327146031593693	0.000329770327191133	0.000522992290706233
rm_y_sp_lag1	0.000325402713419576	0.000358462018871954	0.000755433308797893
contactos_delta2	0.000323795101921512	0.00157025092888652	0.000329291442296517
m_inversiones_rank	0.000322975804077109	0.00110801375285911	0.000154960678727773
vmr_mconsumosdolares	0.000322876602378351	0.00128331564528147	0.000387401696819432
m_y_sp_rank_lag1	0.000320602021081008	0.000553132616900057	0.000716693139115949
Visa_status_lag1	0.000318226102392339	0.000184037140998617	0.000213070933250688
mpagomiscuentas_rank	0.0003136597323352	0.00064184240894896	0.000542362375547205
vm_fultimo_cierre_delta2	0.000311411084061182	0.000305299325423735	0.000697323054274978
mextraccion_autoservicio_rank	0.000310441667970856	0.000493199922137271	0.000871653817843722
Visa_mpagado_rank_lag1	0.000308725516526739	0.000791560271715527	0.000619842714911091
rf_008_019	0.000303380897086231	0.00104866420389594	0.000639212799752063
vm_Finiciomora	0.00030318794653982	0.00179470696134716	0.000290551272614574
Visa_mpagado_rank	0.000300437164562159	0.000624359055038662	0.000639212799752063
ctarjeta_debito_transacciones_delta2	0.000296026870772504	0.00120803381840099	0.000368031611978461
rf_015_027	0.000286436356480562	0.000714063409136355	0.000271181187773602
vm_fultimo_cierre	0.000284826805995295	0.000480865699720566	0.000774803393638864
rf_018_016	0.000284751958277881	0.000724755639915723	0.000542362375547205
cajas_ratio_03	0.000283756115302139	0.00398671345182052	0.00048425212102429
rf_008_017	0.000283362716116871	0.000342006287244753	0.000445511951342347
ctarjeta_debito_transacciones	0.00028242227408758	0.00131787920191147	0.000406771781660404
Visa_mpagado_rank_delta2	0.000282397177451296	0.000536263632343996	0.000445511951342347
internet_delta2	0.000275756660511156	0.0026635372657009	0.000426141866501375
rf_006_022	0.000273134842224781	0.000953808881624968	0.000426141866501375
cajas_visitas_delta2	0.000272480394969905	0.0005534228122901	7.74803393638864e-05
mpayroll_rank_lag1	0.000271917628372062	0.00232285063280898	0.00060047263007012
ctarjeta_visa_transacciones	0.000271338264295432	0.000607406501556987	0.000406771781660404
vm_Finiciomora_lag1	0.00027121843652197	0.000647797842823752	0.000193700848409716
Master_fechaalta_delta1	0.000268412707153525	0.000206465754957606	0.000426141866501375
Master_mpagado_rank_lag1	0.000259672286764167	0.000737157819480729	0.000406771781660404
cprestamos_personales_lag2	0.00025431128801106	0.0024700981614008	0.000522992290706233
c_e_sp_lag1	0.000249592963077042	0.000567019751989432	0.000426141866501375
m_pagos_rank_delta2	0.000249125370612396	0.00095181057412897	0.000464882036183319
atm_ratio_c_delta2	0.000244790716468298	0.000744414540911508	0.000406771781660404
vm_mconsumosdolares_rank	0.000242745910083486	0.00104770453876114	0.000309921357455546
atm_ratio_eme_delta2	0.000242461291182628	0.00080062061259582	0.00048425212102429
internet_lag1	0.000241302182895763	0.00130214895875938	0.000290551272614574
seguros_ratio_01_delta1	0.00024124233876785	0.000918394023961518	0.000406771781660404
mextraccion_autoservicio_rank_lag1	0.000239032213084759	0.000665620982475558	0.000677952969434006
Visa_msaldodolares_rank_lag2	0.00023864653696352	0.000228231327550735	0.000464882036183319
matm_rank_lag2	0.000236931948521352	0.000868901934861417	0.000464882036183319
mtarjeta_master_consumo_rank	0.000235162763492228	0.000739568461565745	0.000348661527137489
vmr_mconsumosdolares_lag2	0.000234449679340637	0.000709466199887749	0.000426141866501375
vmr_Master_mlimitecompra_delta2	0.00023384388906386	0.000450318043219244	0.00048425212102429
cproductos	0.000230716405911746	0.000674932030132692	9.6850424204858e-05
mv_status07_rank_delta2	0.000229706459974223	0.0022894882646922	0.000503622205865262
ctarjeta_debito_transacciones_lag1	0.000228269415558685	0.000763196427358269	0.000426141866501375
Master_cconsumos_delta1	0.00022673920195723	0.000313425714684804	0.000910393987525665
ccaja_ahorro	0.000225111457370773	0.00166040894286611	0.000174330763568744
mpayroll_sobre_edad_rank_delta1	0.000224778763996258	0.0017602297286623	0.000522992290706233
ccuenta_debitos_automaticos_tend6	0.000220481359426451	0.00287739381970621	0.000406771781660404
mextraccion_autoservicio_rank_delta1	0.000216703001489735	0.00057694792402033	0.000368031611978461
rf_015_023	0.000215243904172952	0.000342061387635268	0.000329291442296517
rf_004_025	0.000214623633282976	0.000877729935761706	0.000445511951342347
rf_015_019	0.000214042936092597	0.000579499990441001	0.00048425212102429
atm_ratio_c_delta1	0.00021262868252344	0.000653181150977034	0.000368031611978461
vm_status06_lag2	0.000212441764165198	0.000226370771031023	0.000464882036183319
mpayroll_rank_lag2	0.000211762002831708	0.000787374478716098	0.000871653817843722
rf_003_024	0.000211184262845877	0.000249071213583217	0.000464882036183319
p_e_ratio_lag2	0.000210470387294405	0.00106104985334379	0.000174330763568744
mtarjeta_visa_consumo_rank_lag1	0.000209762718519738	0.000338409150083988	0.000697323054274978
ctarjeta_visa_transacciones_lag1	0.000209172950191513	0.000360058093517195	0.000426141866501375
mtarjeta_master_consumo_rank_delta2	0.000206965608198189	0.00049269483522422	0.000213070933250688
rf_013_017	0.00020684311050606	0.00062021091397275	0.000406771781660404
Master_delinquency_lag2	0.000202428783557692	0.000825636189889471	0.000309921357455546
vm_Finiciomora_lag2	0.00019974821135202	0.00102033525645267	0.000251811102932631
Visa_msaldodolares_rank	0.000198340238313945	0.000517139205136203	0.000445511951342347
rm_pagos_lag1	0.000196537829901415	0.000234504507010828	0.00048425212102429
vm_fechaalta_delta1	0.000195610198713485	0.000284954424566042	0.00048425212102429
Visa_msaldodolares_rank_delta1	0.000195573810868006	0.000721883072890226	0.000309921357455546
rf_015_025	0.000194112847629988	0.000508043967341918	0.000348661527137489
cdescubierto_preacordado_delta1	0.000192602347502559	0.00192756869631545	0.000309921357455546
mtarjeta_master_consumo_rank_lag1	0.00019062395424772	0.00115531927479562	0.000368031611978461
rf_003_015	0.000188802118950959	0.000706891174971031	0.000309921357455546
rf_012_018	0.000187668665577066	0.000527730418532961	0.000348661527137489
vm_mpagospesos_rank	0.000181558463780993	0.000525816598302418	0.000503622205865262
mcuenta_debitos_automaticos_rank_delta1	0.000180334000768798	0.000591634933112011	0.000309921357455546
mtarjeta_visa_descuentos_rank_delta1	0.000174984477730768	0.00110597503841007	0.000232441018091659
rf_007_022	0.000174741586903863	0.00041076790124767	0.000251811102932631
contactos	0.000173684452969801	0.00181591969335545	0.000213070933250688
rf_017_020	0.000173449624054067	0.000929803478157418	0.000368031611978461
mv_status07_rank_lag2	0.00017314511254782	0.00217696316552302	0.00048425212102429
rf_020_025	0.000172375537140061	0.000502018739639141	0.000174330763568744
matm_rank_delta1	0.000171385956541747	0.000780364790702792	0.000290551272614574
ctarjeta_debito_lag2	0.000171009012377466	0.0011762335463553	0.000232441018091659
Visa_msaldodolares_rank_delta2	0.00017084948935772	0.000269447337995535	0.000290551272614574
Visa_Finiciomora_lag1	0.000170452337115537	0.00099256006793408	0.000213070933250688
ctarjeta_visa_descuentos_tend6	0.000169244124038449	0.0025360918991202	0.000271181187773602
rf_004_016	0.000168716960602193	0.000511801813975017	0.000387401696819432
cprestamos_personales	0.000166089999871091	0.000559282738821333	0.000174330763568744
vmr_msaldodolares2_delta2	0.000163465339060213	0.00105348732474565	0.000251811102932631
mtarjeta_master_consumo_rank_delta1	0.000162285374757754	0.000390865640193778	0.000193700848409716
ctarjeta_visa_transacciones_delta2	0.000161809961373554	0.000573888934006925	0.000251811102932631
mv_status07_rank_lag1	0.000161470972067312	0.00212448004355781	0.000464882036183319
mv_status07_rank_delta1	0.000161466972563987	0.000901264230890355	0.000329291442296517
foto_mes	0.0001613372860248	0.000260623010454614	0.000290551272614574
vm_cconsumos_lag2	0.0001546399859067	0.000199871156552844	0.000290551272614574
cseguro_vida_lag2	0.000154370119147965	0.00119409709296015	0.000251811102932631
vm_cconsumos_lag1	0.000152451745401432	0.000114791561899014	0.00011622050904583
matm_rank_lag1	0.000150213947230451	0.00062725641723989	0.000464882036183319
rf_004_019	0.000150014192043249	0.000204539996309119	0.000193700848409716
rf_016_019	0.000147841919239302	0.000278179831552266	0.000290551272614574
mtarjeta_master_consumo_rank_lag2	0.000146691120312692	0.000176596751599456	0.000232441018091659
vmr_mpagado_delta1	0.000143886091073695	0.000761750960447101	0.000193700848409716
vm_cconsumos_delta2	0.000143083361833197	0.000840931139956496	0.000174330763568744
ctarjeta_visa_debitos_automaticos_lag2	0.000142937026898462	0.000946298698397821	0.000174330763568744
p_y_ratio_delta2	0.000136210280051761	0.00145257486154406	0.000193700848409716
vmr_mpagado_delta2	0.000133502854989953	0.000433252533937015	0.000213070933250688
vm_mpagospesos_rank_lag1	0.000130748758044216	0.000257111278899147	0.000348661527137489
vm_status05_delta1	0.00012887882527395	0.000713499548473422	9.6850424204858e-05
ccomisiones_otras_lag1	0.000127469136187831	0.00102317108988449	0.000154960678727773
Master_Fvencimiento_delta2	0.000124410193107006	0.000246852504525161	0.000213070933250688
m_pagos_rank_delta1	0.000123814199827034	0.000379332210119219	0.000271181187773602
matm_other_rank_lag1	0.000121805470401175	0.000464330990866962	0.000213070933250688
vm_mconsumosdolares_rank_delta1	0.000120435122490138	0.00153160351497954	0.000251811102932631
vm_mconsumosdolares_rank_delta2	0.000120158622494482	0.000242158869593155	0.000154960678727773
rm_pagos_delta1	0.0001166024246504	0.000765360036025811	0.000232441018091659
vm_status04_delta2	0.000116244907851346	0.000703925855621501	0.000135590593886801
rm_ganchos_liviano_lag2	0.00011556201434808	0.000705701924875757	0.000213070933250688
cmobile_app_trx_lag2	0.000115422450215669	0.00167770495544866	0.000232441018091659
c_seguros_lag2	0.000113360649785573	0.00037432450296128	0.00011622050904583
matm_rank	0.000111701141762787	0.000807105928559394	0.000329291442296517
vmr_Visa_mlimitecompra_delta1	0.000108457142610765	0.000528712123823963	0.000193700848409716
mcaja_ahorro_adicional_rank_delta2	0.000108089252687056	0.00238634005777948	0.000290551272614574
Master_mpagado_rank_delta2	0.000106892246325094	0.000424660546376097	0.000232441018091659
matm_other_rank_lag2	0.000104494080425054	0.000325792078995975	0.000193700848409716
vmr_mpagado_lag2	0.000103177097406917	0.000526518209941638	0.000193700848409716
vm_mpagado_rank_lag2	9.97158254427642e-05	0.000411860725659543	0.000154960678727773
matm_rank_delta2	9.8689043996327e-05	0.00041411800499096	0.000193700848409716
tcuentas_tend6	9.77132764290492e-05	0.00209797124568122	0.000232441018091659
vmr_mpagado	9.40052990486327e-05	0.000362196907009005	0.000174330763568744
mpagomiscuentas_rank_delta1	9.37948109640583e-05	0.000527749703669641	0.000213070933250688
visitas_lag1	9.35491899647709e-05	0.00234320471706509	0.000251811102932631
c_anclaje_pesado_delta2	9.18996976505818e-05	0.00191869018672385	0.000213070933250688
rf_014_017	8.8795751027757e-05	0.000345710870167021	0.000213070933250688
ctransferencias_emitidas_lag2	8.8047312595054e-05	0.000208163765325299	0.000154960678727773
cpagomiscuentas_delta2	8.73124425412339e-05	0.00149082096094012	0.000174330763568744
Master_msaldodolares_rank	8.67699879232041e-05	6.50873362954311e-05	0.000193700848409716
cextraccion_autoservicio_delta2	8.62817561593451e-05	0.000875851930784998	0.000135590593886801
rf_006_009	8.32753902828302e-05	0.000536521685839573	0.000154960678727773
c_anclaje_pesado	8.31380025835761e-05	0.00126456773740886	0.000193700848409716
visitas_delta2	8.25038502697274e-05	0.00116670760717516	0.000174330763568744
ctransferencias_emitidas_delta2	8.11147837347666e-05	0.000877650040195459	0.000135590593886801
rf_009_022	7.97922820057567e-05	0.00031818638842527	0.000135590593886801
rf_011_018	7.94696067130492e-05	0.0008559276295749	0.000154960678727773
rf_019_023	7.90111522192843e-05	0.00043352436253022	0.000135590593886801
rf_003_020	7.89965533038928e-05	0.000415531330007661	0.000154960678727773
ccomisiones_mantenimiento_delta1	7.88531499902542e-05	0.00110693929524408	0.00011622050904583
ccaja_ahorro_lag2	7.80626052121062e-05	0.00016567493585961	7.74803393638864e-05
cextraccion_autoservicio_lag2	7.59281924872354e-05	0.000277562707178502	0.00011622050904583
vm_Fvencimiento_delta2	7.470650306607e-05	9.87004111890519e-05	7.74803393638864e-05
ccajeros_propios_descuentos_tend6	7.46298285745371e-05	0.000880686990052659	9.6850424204858e-05
mcheques_emitidos_rank	7.18206282696288e-05	0.00129142917778475	0.000135590593886801
vm_mpagado_rank_delta2	7.09275664288546e-05	0.000128402276695974	9.6850424204858e-05
mttarjeta_master_debitos_automaticos_rank_delta2	7.065121630639e-05	0.00033235453550627	0.00011622050904583
rf_004_020	7.05418109874444e-05	0.000453571721279134	0.00011622050904583
matm_other_rank_delta2	6.99774896596776e-05	0.000502464134462467	0.000174330763568744
cforex_tend6	6.92488564415161e-05	0.00164016965109024	0.000193700848409716
vmr_msaldodolares2	6.61294167302866e-05	0.000315243109231945	0.00011622050904583
rf_013_024	6.3939628816382e-05	0.00029290724759699	9.6850424204858e-05
vmr_mpagado_lag1	6.31737759631762e-05	0.000183339202718765	7.74803393638864e-05
ctarjeta_debito_transacciones_delta1	6.07528031629829e-05	0.000746365094735727	0.00011622050904583
ccomisiones_otras	6.06554554589314e-05	0.000184489882540679	1.93700848409716e-05
cliente_edad_delta2	5.99982847337498e-05	0.000402380703471498	0.000135590593886801
mpayroll_sobre_edad_rank_lag1	5.91016447917739e-05	0.00032395356263247	0.000309921357455546
vm_mpagado_rank_delta1	5.73947340896243e-05	0.000185656174139906	7.74803393638864e-05
hb_cajas_delta2	5.67957082522742e-05	0.000216776874702581	9.6850424204858e-05
cajas_visitas_delta1	5.62549813977274e-05	0.000424115970849844	5.81102545229148e-05
ctarjeta_master_transacciones_lag2	5.54312048779643e-05	0.000380271671777494	0.00011622050904583
vmr_msaldodolares2_lag1	5.40457969375895e-05	0.000247657888566517	7.74803393638864e-05
rf_006_021	5.34172644462461e-05	0.000483815407292784	0.000135590593886801
p_y_ratio_delta1	5.05663700527141e-05	0.00132079952260875	0.000154960678727773
c_y_sp_lag2	4.76987922398939e-05	3.6700533442125e-05	5.81102545229148e-05
ccomisiones_mantenimiento	4.75142550678433e-05	0.00128976239097169	0.000135590593886801
ccomisiones_otras_delta2	4.61810804677936e-05	0.000213511258224746	7.74803393638864e-05
hb_cajas_lag1	4.49432298615314e-05	0.00060047303575056	0.00011622050904583
vmr_msaldodolares_delta1	4.41814109191575e-05	0.000419045816582654	9.6850424204858e-05
ctarjeta_debito	4.25217512920888e-05	0.000730299657541339	7.74803393638864e-05
rf_001_024	4.09824873328649e-05	0.000142878067624015	7.74803393638864e-05
rf_016_021	4.02939627138318e-05	0.000103802707350709	9.6850424204858e-05
contactos_lag2	3.98151423531355e-05	0.000179207591770008	5.81102545229148e-05
rf_012_013	3.8887846942342e-05	0.000258983773836803	5.81102545229148e-05
ctransferencias_emitidas_delta1	3.84661508541517e-05	0.000885649698558345	9.6850424204858e-05
vm_cconsumos	3.84351435684418e-05	8.28526205371964e-05	7.74803393638864e-05
c_ganchos_liviano_lag1	3.50258157526811e-05	0.000732878355817424	7.74803393638864e-05
ctransferencias_recibidas_delta2	3.47804425191101e-05	0.000724539830052874	7.74803393638864e-05
ctarjeta_visa_transacciones_delta1	3.39223123196854e-05	0.000660254204439431	7.74803393638864e-05
vmr_mpagosdolares_delta1	3.36633755622786e-05	0.000608105358176682	9.6850424204858e-05
ctarjeta_visa_delta1	3.36095917732323e-05	0.000231822954672448	3.87401696819432e-05
visitas_lag2	3.35245685005737e-05	0.000354431425305807	7.74803393638864e-05
vm_status02_lag2	3.3435581187543e-05	0.000121031681124798	9.6850424204858e-05
c_y_sp_lag1	3.07510354821877e-05	4.86453797658594e-05	5.81102545229148e-05
ccomisiones_otras_delta1	3.07091799104773e-05	0.00046162923505206	5.81102545229148e-05
catm_trx_other_delta2	3.06694981333114e-05	0.000760878537597286	9.6850424204858e-05
cpayroll_trx	3.06597048701437e-05	0.000737959530162717	7.74803393638864e-05
vm_status03_delta2	2.9396273443151e-05	0.00046107180276802	5.81102545229148e-05
vm_msaldodolares_rank	2.87618085064901e-05	0.000450048051305722	9.6850424204858e-05
ccallcenter_transacciones_lag1	2.81438680390987e-05	0.000498989136500677	5.81102545229148e-05
matm_other_rank	2.75395742646099e-05	0.000177985281440425	7.74803393638864e-05
vmr_msaldodolares_lag1	2.69255839057166e-05	0.000165925642636451	5.81102545229148e-05
vm_mpagado_rank_lag1	2.39744032381335e-05	0.000444900756491812	7.74803393638864e-05
visitas_delta1	2.28438736580094e-05	4.65763601020342e-05	3.87401696819432e-05
cprestamos_personales_delta1	2.26764570705705e-05	0.000737959530162717	7.74803393638864e-05
c_ganchos_liviano	2.21028794900576e-05	0.000553469647622038	5.81102545229148e-05
c_y_sp_delta2	2.18370969052208e-05	0.000186083202166395	7.74803393638864e-05
Visa_Fvencimiento_delta2	2.0762679425837e-05	0.000142478589792784	7.74803393638864e-05
ccuenta_debitos_automaticos	2.05069199800912e-05	1.43683451665371e-05	1.93700848409716e-05
vmr_mconsumosdolares_delta2	1.97064939146615e-05	0.000114649219223518	5.81102545229148e-05
cplazo_fijo_delta2	1.89382162820876e-05	0.000179084534231192	1.93700848409716e-05
ctransferencias_recibidas	1.87616867713352e-05	4.88676180076018e-05	1.93700848409716e-05
cpayroll_trx_lag2	1.84689337668663e-05	0.000374652350284842	5.81102545229148e-05
vm_status03_delta1	1.77469388756458e-05	0.00031505301288467	3.87401696819432e-05
catm_trx_delta2	1.75587758278047e-05	0.000360394205899334	3.87401696819432e-05
cpagomiscuentas_lag2	1.66388795087159e-05	2.19593422997721e-05	1.93700848409716e-05
Master_msaldodolares_rank_delta1	1.6308113280099e-05	9.59261065266392e-05	5.81102545229148e-05
visitas	1.61865972573751e-05	0.000363349423510603	3.87401696819432e-05
ctransferencias_emitidas_lag1	1.58395610272808e-05	0.000171865464733931	3.87401696819432e-05
ctarjeta_master_transacciones_lag1	1.42581495602563e-05	5.07566430624124e-05	3.87401696819432e-05
c_pagos_lag2	1.42436222040365e-05	4.92505657216786e-06	1.93700848409716e-05
cproductos_lag1	1.41485586940777e-05	0.000229276398290829	3.87401696819432e-05
vm_mpagosdolares_rank_delta1	1.35779648566108e-05	6.68367736942713e-06	1.93700848409716e-05
vmr_mpagosdolares_lag2	1.2844283233873e-05	0.000259423658621079	3.87401696819432e-05
ctransferencias_recibidas_delta1	1.21025369558065e-05	0.000188050286107768	3.87401696819432e-05
catm_trx_lag1	1.20030426876917e-05	9.26513066503852e-06	3.87401696819432e-05
ctarjeta_master_debitos_automaticos_tend6	1.04333297731687e-05	5.59819967628851e-06	1.93700848409716e-05
mtarjeta_visa_descuentos_rank_lag2	1.02529635219055e-05	7.72397274234374e-05	3.87401696819432e-05
c_deb_aut_lag1	9.85108408983122e-06	1.51507707118451e-05	3.87401696819432e-05
vmr_mpagosdolares	9.7787242015417e-06	2.82113999435012e-06	1.93700848409716e-05
ccheques_emitidos	8.74764983806688e-06	0.000184489882540679	1.93700848409716e-05
c_seguros_lag1	8.37154158623478e-06	8.85959179085069e-05	1.93700848409716e-05
ctarjeta_visa_debitos_automaticos_delta2	7.67566642596742e-06	2.54481153591914e-05	1.93700848409716e-05
vm_cconsumos_delta1	7.14042999636752e-06	1.9395337461157e-05	1.93700848409716e-05
cliente_edad_tend6	4.03392180850116e-06	0.000149547969895814	1.93700848409716e-05
c_ganchos_liviano_delta2	3.46073368719732e-06	0.000155317899122539	1.93700848409716e-05
c_y_sp_delta1	3.41744693205199e-06	7.66997435963938e-06	1.93700848409716e-05
ccallcenter_transacciones_delta1	3.39986258490246e-06	0.000183204206762004	1.93700848409716e-05
ctarjeta_visa_debitos_automaticos_delta1	3.37286894548026e-06	9.98768045265397e-05	1.93700848409716e-05
ctarjeta_master_descuentos_tend6	2.53771240652012e-06	0.000176004422401423	1.93700848409716e-05
c_deb_aut_delta1	2.44587201453579e-06	0.000179191979992696	1.93700848409716e-05
vmr_msaldodolares_lag2	1.661759646007e-06	1.20357619680835e-05	1.93700848409716e-05
estado_delta2	6.83190185766568e-07	2.76080506673657e-05	5.81102545229148e-05
