Feature	Gain	Cover	Frequency
rf_020_015	0.0647040256111653	0.00163287574781869	0.00405846780713385
rf_001_023	0.0407328222025247	0.00101517422484315	0.0012935355560586
rf_002_016	0.024841480293346	0.00211643012969421	0.00606249678993934
rf_019_021	0.0167471452052041	0.000550109459432393	0.00175578429153248
ctrx_quarter	0.0152573255951858	0.00158018245844888	0.000740929557477682
rf_014_025	0.0143601103989014	0.000597415822148809	0.00105289989746828
rf_005_023	0.013655991687185	0.00125169078445138	0.000392816312244265
ctrx_quarter_normalizado	0.0123190248193966	0.00171257406612362	0.000701933264978856
rf_016_029	0.0110090133829978	0.000895935995650642	0.000302459049137231
m_y_sp_rank	0.00905756859601928	0.000638156628182663	0.000486978091692648
mcaja_ahorro_rank	0.00817474993524582	0.00507628876096565	0.000900719243814332
c_e_sp	0.00790664008350385	0.00108834801112811	0.000494587124375346
mcuentas_saldo_rank	0.00775341596406423	0.00614294543178852	0.00168254735196151
rf_013_015	0.00706501363710314	0.00181725820410471	0.00459966025669072
m_e_sp_rank	0.00704402933585836	0.00066207779628022	0.000601113581933113
mpasivos_margen_rank	0.00615315702528698	0.00256155804602803	0.00148946814763806
ccomisiones_mantenimiento_tend6	0.0057087629815301	0.0127632833032334	0.00168920525555887
rf_013_023	0.00537018864373862	0.000812063488985988	0.00131350926685068
vm_status01	0.0048127933284848	0.00836912269234955	0.00143715604794452
mcuentas_saldo_rank_delta2	0.00443017015494973	0.00311384816050474	0.00389011795902916
rf_018_022	0.00417805528508791	0.000430917086906611	0.000976809570641308
thomebanking	0.00417120824797969	0.00170573270622443	0.00602920727195254
rf_015_029	0.00414172578937371	0.000743735918616766	0.000892159082046297
cdescubierto_preacordado	0.00409446060711126	0.00303468155214544	0.00389011795902916
mrentabilidad_annual_rank_delta2	0.00398036370823779	0.00471141730678739	0.00502386382875111
rf_012_023	0.00351632776435413	0.000351073429496797	0.00050695180248473
mrentabilidad_annual_rank_delta1	0.00339782094994182	0.00392371024525217	0.00473376945772326
rf_018_012	0.00330882412365017	0.00103149313450741	0.00105670441380963
Master_mfinanciacion_limite_rank_delta2	0.00320628582532572	0.00305550682676767	0.00610624872786485
rf_008_023	0.00319282011719019	0.000476141045329537	0.00154938928001431
rf_018_023	0.00313557022069602	0.00104328009801532	0.000178812268043394
Master_mlimitecompra_rank_delta2	0.00311522937656559	0.00219104612709685	0.00612527130957159
mpayroll_rank	0.00310923605657516	0.00126129946154445	0.000210199527859522
rf_002_024	0.00308236818056571	0.000647626598333396	0.000644865519858624
Visa_mfinanciacion_limite_rank_delta2	0.00293494043745748	0.0029909412084835	0.00617853453835048
Master_mlimitecompra_rank_delta1	0.00292959767439955	0.002390334652935	0.00624606470340942
r_time_alta_master	0.00287244774219663	0.00186368239445765	0.00486026962607311
Visa_mlimitecompra_rank_delta1	0.00284167090769172	0.00272877447600262	0.00605203437000063
thomebanking_lag2	0.00283129742888245	0.00117291177862016	0.00549467272599303
mcomisiones_mantenimiento_rank	0.00281528141420596	0.00334260357401416	0.00344403841800601
Visa_mfinanciacion_limite_rank_delta1	0.00280653190976482	0.0024856364600561	0.00611290663146221
thomebanking_lag1	0.0027956800176976	0.00116617416469219	0.00515892415886899
r_time_alta_visa_delta2	0.00276764472196143	0.00184016616725597	0.00428293427127343
r_time_alta_master_delta1	0.00276421767549709	0.00229146805844674	0.00447886686285289
Visa_mlimitecompra_rank_delta2	0.00275787288662887	0.0028645442230415	0.00623560228347071
mprestamos_personales_rank	0.00274460176214404	0.00279917317598901	0.0015722163780624
rm_anclaje_pesado	0.00274358927017793	0.00362984547087518	0.000875989887595565
rf_008_025	0.00273353354100625	0.000518823274830242	0.000308165823649254
mcuenta_corriente_rank	0.00271151309108677	0.00350285973888967	0.00307785372015119
Master_mfinanciacion_limite_rank_delta1	0.00270492006865016	0.00220440803971849	0.00589414694183465
r_time_alta_master_lag2	0.00268700593601238	0.00155259967341104	0.00430481024023618
tcallcenter_delta2	0.0026675111482013	0.00404498767493646	0.00114515941874599
m_anclaje_pesado_rank_delta2	0.0026659507687325	0.0050782228890537	0.00138103943190962
cliente_edad_lag2	0.00263520999388318	0.00459683286605167	0.0044893292827916
mcuentas_saldo_rank_delta1	0.00263148168132071	0.00397006555585984	0.00352678664843035
cliente_edad_lag1	0.00259568354545369	0.00412651552265161	0.00427342298042006
Master_mfinanciacion_limite_rank	0.00255135683693559	0.00603004243374795	0.00387965553909045
mpasivos_margen_rank_lag1	0.00253988180450032	0.00297004686462564	0.00128687765246124
r_time_alta_master_lag1	0.00253642711962412	0.00162430481467332	0.00416594539377695
r_time_alta_master_delta2	0.00253445239191956	0.00161834809051226	0.00413360700487549
rf_019_015	0.0025156044552587	0.00154153874221129	0.00427342298042006
mactivos_margen_rank_delta2	0.00247410403400128	0.00401744136679261	0.00418306571731302
mcuenta_corriente_rank_delta2	0.00246977659543401	0.00465966748991198	0.00278966160729402
m_anclaje_pesado_rank	0.00246692848437203	0.00211817448318834	0.00140671991721372
mrentabilidad_annual_rank_lag2	0.00243288518699501	0.00277465445004628	0.00326617727904796
mcomisiones_rank_delta2	0.00241037295455988	0.00197271363075049	0.00327663969898667
rm_e_sp_delta2	0.00240229052555856	0.00207952337682677	0.00493065317838807
cliente_edad	0.00239678533108054	0.00356182004288241	0.00372367036909515
Master_fechaalta	0.00238928561518511	0.00137900111342081	0.0033260984114242
Master_Fvencimiento_lag1	0.00238605768774963	0.00242989616572343	0.00362094842787874
Master_Fvencimiento	0.00238416721252098	0.00323203320228534	0.00398713312573356
rf_004_027	0.00235823507734528	0.000279315704660059	0.000806557464365949
Master_Fvencimiento_lag2	0.00234860437085764	0.00193707958987515	0.00377312908153269
mcomisiones_otras_rank_delta2	0.00234170712302035	0.00235803696879978	0.00325000808459723
Master_fechaalta_lag2	0.00234125316998788	0.0014493829487653	0.00322718098654913
r_time_alta_visa_lag1	0.00230139595684482	0.00146552487443483	0.00377503133970336
Visa_Fvencimiento	0.00228529797314095	0.00255255687502395	0.00360097471708665
mrentabilidad_annual_rank_lag1	0.0022575961505714	0.004436871642919	0.00313016581984474
rm_e_sp	0.00225728763461024	0.00263101062065499	0.00438280282523384
Master_fechaalta_lag1	0.00225624312359925	0.00148252670735071	0.00321766969569576
rf_007_015	0.00224473965865263	0.0030039203505812	0.006470531167549
rf_011_021	0.0022312549120696	0.00125374684958506	0.00265079676083479
r_time_alta_visa_lag2	0.00222993279380825	0.00155647105617806	0.0039471857041494
mcuenta_corriente_rank_lag2	0.0022287622744513	0.003145652032766	0.00338126389837376
r_time_alta_visa	0.00221530587970248	0.0017905213040267	0.00461297606388544
rm_e_sp_delta1	0.00219775205879399	0.00177563702586579	0.00423537781700657
mrentabilidad_rank_delta1	0.00219327409509272	0.00290994791306936	0.00316060195057553
rf_012_015	0.00218462661499409	0.00138761354495466	0.00409080619603531
Visa_Fvencimiento_lag1	0.00218112430980005	0.00208881010980095	0.00331944050782684
active_quarter	0.00218031067791846	0.00385814800242806	0.0072399945975868
vm_mfinanciacion_limite_rank_delta2	0.00215580703982286	0.00230904291020639	0.00382829456848225
rf_016_023	0.00214181108075309	0.00101048358051165	0.00207536366420578
r_time_alta_visa_delta1	0.00210601944165488	0.00127889989450248	0.00389677586262652
Visa_status	0.00207539208818416	0.00121660759204788	0.000741880686563019
Visa_Fvencimiento_lag2	0.00207219466286715	0.00156979630241535	0.00332229389508285
Visa_mpagospesos_rank_delta2	0.00205320413711306	0.00176848755464386	0.00280773305991543
mactivos_margen_rank_delta1	0.00203335260859337	0.00229875756304352	0.00362665520239076
mtarjeta_visa_consumo_rank	0.00202345581300276	0.000674094327357311	0.00046605325181523
mrentabilidad_annual_rank	0.00202206425406987	0.00271789621350835	0.00298178968253213
mrentabilidad_rank_delta2	0.00201364370271304	0.00182004399660853	0.0031368237234421
mcomisiones_mantenimiento_rank_lag1	0.00201333493271481	0.00429459631289598	0.00331468486240016
numero_de_cliente	0.00200587289613974	0.00623201186917655	0.00408605055060863
mcomisiones_otras_rank_lag2	0.00200470667654191	0.00129874872530795	0.00252619885065561
ccajas_transacciones	0.00200105873838214	0.000868684629249618	0.00114420828966066
cproductos_tend6	0.00198804191219053	0.00478054708458884	0.000787534882659205
thomebanking_delta2	0.00198573785212836	0.00635912759154792	0.00261560498467731
mactivos_margen_rank	0.00197524457748001	0.00318088113274546	0.00270120660235766
mprestamos_personales_rank_delta2	0.00196368533747302	0.00384827583899165	0.00127356184526652
Visa_fechaalta	0.0019437343516762	0.00151295923788833	0.00299986113515354
vm_mlimitecompra_rank_delta2	0.00193619043572096	0.00269311494867408	0.004095561841462
Master_mlimitecompra_rank_lag2	0.00191685962607956	0.00122385711417904	0.00306548904204181
vm_mlimitecompra_rank_delta1	0.00190662015881365	0.00262731887474773	0.00451596089718104
Master_mlimitecompra_rank	0.00189188270495852	0.00152655138129541	0.00363616649324413
mpasivos_margen_rank_delta2	0.00189044965379832	0.00154996443099695	0.00242252578035386
rf_006_017	0.00187823919960811	0.00124281221370917	0.00404324974176845
vm_Fvencimiento	0.00187580386614021	0.00183823071273541	0.00320720727575705
Master_mfinanciacion_limite_rank_lag2	0.00187045905125603	0.00127511529831961	0.00301793258777495
mcuenta_corriente_rank_lag1	0.00186453050567101	0.00255311265024509	0.00290855274296117
Visa_mconsumospesos_rank_delta2	0.00185081538330597	0.000787127600019271	0.0024415483620606
mcomisiones_rank_lag2	0.00184498091937217	0.00130802427835098	0.00264699224449344
ccomisiones_otras_tend6	0.00184354149398351	0.0034857904474062	0.00308356049466321
mcomisiones_rank_delta1	0.00183359001956258	0.00189029082007267	0.00268884192424828
vm_Fvencimiento_lag2	0.00183203095287037	0.00257303680346802	0.00319674485581834
mpayroll_sobre_edad_rank	0.00182286016035099	0.00175732818320293	0.000258707111211719
mcaja_ahorro_rank_lag1	0.00182231352761253	0.00112477251103346	0.000895012469302309
Visa_fechaalta_lag1	0.00181743293175014	0.00131212286005771	0.00259563127388523
Visa_mlimitecompra_rank_lag1	0.0018147495367449	0.00112938489584695	0.00270310886052833
Visa_mfinanciacion_limite_rank_lag1	0.00180941020056435	0.00154221313839679	0.0028020262854034
ctrx_quarter_delta2	0.00180557301212901	0.00174849717454067	0.00154558476367296
Visa_mlimitecompra_rank	0.00178788213568948	0.00176291644336211	0.00342691809446995
Visa_mfinanciacion_limite_rank_lag2	0.00178680285402988	0.00239162991427975	0.00301222581326292
Visa_mpagospesos_rank_delta1	0.00178021554289677	0.000855705866132639	0.00255568385230107
Master_mlimitecompra_rank_lag1	0.00177531834623708	0.00114126290947206	0.0028581429014383
mcomisiones_mantenimiento_rank_delta2	0.0017688843134576	0.00374260218235907	0.00351156858306496
vm_fechaalta_lag1	0.0017618238262978	0.00116293501650592	0.00254046578693567
mcomisiones_mantenimiento_rank_lag2	0.00175354891117349	0.0032882771619906	0.00353724906836906
vm_fechaalta_lag2	0.00175222461807422	0.0011372792536677	0.00282865789979284
Visa_mlimitecompra_rank_lag2	0.00175123308007636	0.00116717249464535	0.00287240983771836
Visa_mconsumospesos_rank_delta1	0.00174936903401466	0.00101361434021291	0.00231219480645474
rf_004_016	0.00174859806083776	0.00291171491066131	0.00369989214196172
m_y_sp_rank_lag1	0.00174847854502337	0.000245174279337737	0.000412790023036346
rm_e_sp_lag2	0.00174735084712451	0.00231733889284174	0.0032262298574638
ctrx_quarter_normalizado_delta2	0.00174552251226285	0.00164730070135088	0.00153036669830756
rf_016_015	0.00174433155136402	0.00230737643724956	0.00510661205917545
Visa_mfinanciacion_limite_rank	0.00174208957509088	0.00245678693197245	0.00353344455202771
mcomisiones_otras_rank	0.00174029015924796	0.00109504052635079	0.00250051836535151
vm_fechaalta	0.00173550270862836	0.00118094986487775	0.00284197370698757
Visa_fechaalta_lag2	0.00173103456678869	0.00132364652671263	0.00279727063997672
Master_mfinanciacion_limite_rank_lag1	0.00172655185261035	0.00154824167940368	0.00289713919393712
vm_status04_delta2	0.00172201579966918	0.00150987338740201	0.000266316143894417
mcomisiones_rank	0.00171840914508985	0.0010436508359015	0.00242823255486588
mcaja_ahorro_dolares_rank_delta2	0.00171070245612007	0.00598960045400927	0.00173105493531371
mcomisiones_otras_rank_delta1	0.00170685426564745	0.00165274390664071	0.00254427030327702
Visa_mconsumospesos_rank	0.00170108082135174	0.000930078557915113	0.00228461206297996
rf_017_021	0.00168950798652855	0.000428572427957114	0.000901670372899669
vm_Fvencimiento_lag1	0.00168764951271353	0.00138919162065931	0.00289523693576645
ctarjeta_visa_transacciones_tend6	0.00168279779286195	0.00275951758123763	0.00138008830282428
Visa_mpagospesos_rank_lag2	0.00168037313363431	0.00140682985694383	0.00255853723955708
Visa_mconsumospesos_rank_lag2	0.00167188633752409	0.00103873223466886	0.00247293562187673
rf_013_019	0.00167009354758718	0.00119770621303434	0.00252714997974095
m_anclaje_pesado_rank_delta1	0.00166308883464669	0.00477091604763348	0.00143144927343249
vmr_Master_mlimitecompra	0.00166059973293928	0.00145429046481198	0.00297703403710545
Visa_mconsumospesos_rank_lag1	0.00165855220787206	0.00103304458681671	0.00219996157438495
rf_001_015	0.00164960704076611	0.00223815210375927	0.0051693865788077
rf_005_022	0.00164332091342956	0.000205364723670174	0.000374744859622858
seguros_ratio_01	0.00163272955919293	0.00118639809166208	0.00235689787346559
vmr_Visa_mlimitecompra_lag1	0.00162942568559045	0.0010433038790553	0.0021704765727395
e_y_ratio_delta2	0.00162789952735555	0.00264012747552287	0.00228461206297996
cliente_antiguedad_lag2	0.00160898082837141	0.00236573615155139	0.00303029726588433
rf_003_017	0.00160725208844188	0.000963242876204414	0.00197454398116004
mcuentas_saldo_rank_lag1	0.00160712063088567	0.00121797561769025	0.00123266329459702
Visa_msaldototal_rank_delta2	0.00160324932342267	0.000878841122968786	0.00196693494847734
vm_mfinanciacion_limite_rank_delta1	0.00160318205952375	0.00159194403024876	0.00375600875799662
vmr_Master_mlimitecompra_lag1	0.00160145794705996	0.0013858192607511	0.00262321401736001
vmr_Master_mlimitecompra_lag2	0.00158194839875903	0.00123802597149186	0.00269645095693097
rf_017_016	0.00157811147471672	0.00111020799785232	0.0017767091314099
rf_011_016	0.00157483135695896	0.00216043500189645	0.00467670171260303
mcaja_ahorro_rank_delta2	0.00157343208952874	0.00114053356108263	0.00182902123110344
rf_014_015	0.00157186948013454	0.00110466805773453	0.00417260329737431
rf_005_019	0.00157153277970641	0.000613000267183964	0.000784681495403193
rf_005_018	0.00156955797955082	0.00123729169635311	0.00301032355509225
mpasivos_margen_rank_delta1	0.0015556926969957	0.00149988677178913	0.00211911560213129
cliente_antiguedad_lag1	0.00154704447970615	0.00226824677298789	0.00286289854686498
rf_008_019	0.00153661802955907	0.00185818831100659	0.00371130569098577
mprestamos_personales_rank_delta1	0.00153515465656408	0.00498937862911088	0.00145047185513924
Visa_cconsumos_lag2	0.00153356711087885	0.000733502207576555	0.00178431816409259
chomebanking_transacciones	0.00152809076764227	0.00160562030737496	0.00159504347611049
Visa_msaldopesos_rank	0.00152746784448281	0.000782812336087731	0.00146664104958997
rf_017_015	0.00152702430286813	0.00148874672836476	0.00374364407988723
rm_e_sp_lag1	0.00151390127216778	0.00188716413441411	0.00274686079845384
rf_015_015	0.00149796836542712	0.00127604986476717	0.00411458442316874
rf_003_013	0.00149365066413647	0.00195331701868531	0.00468431074528573
mcaja_ahorro_rank_delta1	0.00149253733404646	0.000942306939212881	0.00146283653324862
chomebanking_transacciones_delta2	0.00149147803767651	0.00370970172939383	0.00169776541732691
mcomisiones_otras_rank_lag1	0.00148045716527626	0.00137617638064834	0.00222849544694507
rf_010_015	0.00147958606404092	0.00238287830207766	0.00443131040858603
mrentabilidad_rank	0.00147386410968881	0.00192362729035256	0.00273830063668581
rf_008_015	0.00146772270124761	0.00315440184480969	0.00499532995619099
Visa_mpagominimo_rank_lag1	0.00146472718538912	0.00138387291053493	0.00149993056757677
vmr_Visa_mlimitecompra	0.00145930851899718	0.00127678319245413	0.00254046578693567
Visa_mpagominimo_rank_lag2	0.00144121056617259	0.000951437721622102	0.0016949120300709
vmr_Visa_mlimitecompra_lag2	0.00144101161733057	0.00103069935939613	0.00224371351231046
vm_mpagominimo_rank	0.0014383746028828	0.000511167295880345	0.000708591168576217
Visa_msaldopesos_rank_delta2	0.00143415397828135	0.000835341337316822	0.00182141219842075
mcuentas_saldo_rank_lag2	0.00141583976862239	0.0017144862133301	0.00151229524568615
e_y_ratio_lag1	0.00139831306496023	0.00101995175050398	0.00201068688640285
vm_msaldototal_rank	0.00138696020255883	0.000392072226653595	0.000520267609679451
Visa_mpagospesos_rank	0.00138549823153528	0.000604705232000407	0.00206490124426707
mcomisiones_rank_lag1	0.00138370271961527	0.00165179692857468	0.00238448061694037
m_e_sp_rank_delta2	0.00137778931821764	0.00102229726216009	0.00188799123439435
rf_007_017	0.00137742978286414	0.00169325978761916	0.0030398085567377
e_y_ratio_lag2	0.00137738136173272	0.000830831561532398	0.00211911560213129
Visa_mpagominimo_rank_delta1	0.00137642252995708	0.000771281279308826	0.0016873029973882
tcallcenter_delta1	0.00137113370005643	0.000974890280063368	0.000947324568995855
Visa_mpagominimo_rank	0.00136715631802218	0.00100228774353071	0.00170727670818028
cliente_antiguedad	0.0013568844367674	0.00197510471483779	0.00239399190779374
mactivos_margen_rank_lag1	0.00135540597015648	0.00260696922092504	0.00185945736183423
mcaja_ahorro_dolares_rank_delta1	0.00134509702905216	0.00236991394022792	0.00152465992379554
mcomisiones_mantenimiento_rank_delta1	0.00133487761344552	0.00281514797116244	0.00340409099642185
thomebanking_delta1	0.00133165190521844	0.00235206195881913	0.00202590495176824
rf_008_017	0.00133034069225446	0.00172922998439027	0.0035305911647717
rf_018_021	0.00131819153899607	0.000358068655567	0.000815117626133984
rf_005_021	0.00131612123023598	0.000315104938138911	0.00086742972582753
e_y_ratio	0.00131153157644905	0.000665289847345232	0.00175673542061782
mrentabilidad_rank_lag2	0.00131023216395012	0.00152549895184493	0.00219235254170226
e_y_ratio_delta1	0.00129641192548459	0.000919007110000475	0.00202780720993892
Visa_cconsumos	0.00129514147145157	0.000966558862731002	0.00164450218854803
mcuenta_corriente_rank_delta1	0.0012809626365146	0.00203377235097199	0.00214860060377674
seguros_ratio_01_lag2	0.00125857521369951	0.00146581905821622	0.0023597512607216
seguros_ratio_01_lag1	0.00124629022859483	0.00167277066889271	0.00218379237993422
mrentabilidad_rank_lag1	0.00124455665749658	0.00170484030138161	0.00218949915444624
mpasivos_margen_rank_lag2	0.00123791391091	0.00484142522049881	0.00151229524568615
rf_018_019	0.00122630440155013	0.000558125849043942	0.00154463363458762
rf_009_023	0.00122041845720607	0.000936555906835845	0.00237592045517234
vmr_pagominimo_saldo_lag2	0.00121980548654529	0.000693349863850671	0.00156365621629436
chomebanking_transacciones_lag2	0.00121861976467773	0.00199031719029943	0.00136296797928821
internet_tend6	0.00121727943327224	0.0082363768324498	0.00218664576719023
rf_008_021	0.00120725973331356	0.000631072815369915	0.00172439703171635
m_deb_aut_rank_delta2	0.00120368592178392	0.000878386251363479	0.00140291540087238
Visa_mpagominimo_rank_delta2	0.00120182988312379	0.000731232681554158	0.00173866396799641
vmr_pagominimo_saldo_lag1	0.00119723711601543	0.000877154374543607	0.00152941556922222
rf_011_025	0.00118140595257428	0.000443790019658432	0.00140576878812839
rf_007_026	0.00117729672559314	0.000265657713353442	0.000604918098274462
Visa_msaldototal_rank	0.00117298194509885	0.00082325194719693	0.00140767104629906
rm_deb_aut_lag2	0.00116831606377229	0.000762297825653251	0.00132967846130141
mprestamos_personales_rank_lag2	0.00116784894689784	0.0020901263098303	0.00162452847775594
cdescubierto_preacordado_lag1	0.00116435699105481	0.00136693597806679	0.00278205257461132
tcallcenter_lag2	0.0011625100279979	0.00169538880654082	0.00132016717044804
rm_deb_aut	0.00115388541234649	0.000688893050621416	0.00114801280600201
Visa_mpagospesos_rank_lag1	0.00114506341996768	0.000634375063845519	0.00190320929975975
mcuenta_debitos_automaticos_rank	0.0011434399214641	0.0012895465997788	0.000586846645653055
ctarjeta_debito_transacciones_tend6	0.00114197967115195	0.00301781709973938	0.00118320458215948
cdescubierto_preacordado_lag2	0.00113610665769701	0.00141513322970316	0.00255568385230107
Visa_msaldopesos_rank_delta1	0.00113606616901624	0.00061274104437369	0.00164069767220668
m_deb_aut_rank	0.00113581089207387	0.000437275909608173	0.000633451970834578
Visa_cconsumos_lag1	0.00112547992345769	0.000741305894260815	0.00151895314928351
Visa_msaldototal_rank_delta1	0.00111472647048612	0.000713491173024308	0.00170727670818028
rm_y_sp	0.00109664074496202	0.00240507624485605	0.000886452307534274
mv_status07_rank_lag2	0.00109515397151848	0.00715900230272104	0.00393577215512535
mprestamos_personales_rank_lag1	0.00109067046320737	0.00217611220246204	0.00137343039922692
rf_018_016	0.00109005198757632	0.00136175265880348	0.00265650353534681
mactivos_margen_rank_lag2	0.00108392230594656	0.00146596771340238	0.00172725041897236
rf_019_019	0.00108256805567303	0.000535203389880263	0.00187752881445564
vm_mpagominimo_rank_lag2	0.00108176384767134	0.000465195608503226	0.000787534882659205
m_anclaje_pesado_rank_lag2	0.00107615549025899	0.00150536304314651	0.00124693023087707
ctransferencias_recibidas_tend6	0.00106370833857097	0.00142159892496685	0.00167113380293747
cproductos_delta2	0.00105919616283472	0.00247183521403855	0.000256804853041045
mv_status07_rank_delta2	0.0010554191512754	0.00833658842950188	0.00353724906836906
mv_status07_rank_delta1	0.00105538942596854	0.00665632360642534	0.00343642938532332
m_e_sp_rank_delta1	0.00105150931859532	0.000896467137125199	0.00151324637477149
mtransferencias_recibidas_rank_delta2	0.00105047860963707	0.000730052535602126	0.00138103943190962
Visa_msaldopesos_rank_lag2	0.00104678185947864	0.000915138664334011	0.00145617862965126
Visa_msaldopesos_rank_lag1	0.001037935683925	0.000463762303432389	0.00117559554947678
vm_msaldopesos_rank	0.00103575564988998	0.000434665869411754	0.000519316480594113
rf_020_019	0.00103511369293581	0.000876737211519619	0.00136962588288557
vm_status06	0.001029887974566	0.000517593198168775	0.000564970676690299
mv_status07_rank_lag1	0.00102364877539587	0.0109725399165066	0.00381022311586084
vmr_pagominimo_saldo_delta2	0.00102327162307739	0.00146251121977505	0.00157697202348908
c_e_sp_delta2	0.00102206261013946	0.00128391068279448	0.000877892145766239
mv_status07_rank	0.00101306716299393	0.00520801535222763	0.00339648196373916
Master_mpagospesos_rank_lag2	0.00101021315606514	0.000954487663685515	0.0011299413533806
Master_msaldopesos_rank	0.00100432538383354	0.00042684039133628	0.000951129085337204
vmr_msaldopesos2_delta2	0.0010026878530263	0.000763286681088492	0.001475201211358
chomebanking_transacciones_delta1	0.00100240426631106	0.00246236287525833	0.00146759217867531
ctrx_quarter_normalizado_delta1	0.00100145144848136	0.000669223856675698	0.000983467474238669
vmr_pagominimo_saldo	0.00100019117320271	0.000617123672127637	0.00133158071947209
m_y_sp_rank_delta2	0.000996892552340704	0.000649027311062591	0.00124883248904775
c_anclaje_pesado_delta2	0.000996696540876174	0.00227019776571784	0.000293898887369196
ctarjeta_visa_debitos_automaticos_tend6	0.000996425069823924	0.00361388829830508	0.000913083921923716
rf_014_021	0.000995299153438079	0.00103816490053585	0.00127926861977854
mtransferencias_emitidas_rank_delta2	0.000984863467390344	0.000942797624495924	0.000976809570641308
Visa_mconsumosdolares_rank_lag1	0.000980123478737104	0.000988303639317308	0.00139815975544569
mttarjeta_visa_debitos_automaticos_rank_delta2	0.000979470948261284	0.000812140043090776	0.00104529086478559
rm_anclaje_pesado_lag2	0.000977092741499962	0.00164543204218165	0.000880745533022251
Visa_msaldototal_rank_lag1	0.000976218224391241	0.000421115603373881	0.0011784489367328
rf_010_023	0.000973808082753753	0.000298594927448216	0.00126214829624247
cdescubierto_preacordado_delta2	0.000972637937560198	0.00614758254509378	0.000647718907114636
internet_lag2	0.000968948617687891	0.00411068919317398	0.00115847522594071
Master_mpagospesos_rank	0.000968395419414062	0.000678835091888609	0.0010557532847243
chomebanking_transacciones_lag1	0.000967165944396846	0.00167101191413134	0.00132777620313074
rf_009_027	0.000966669341389944	0.000376962833946916	0.00117654667856212
c_e_y_ratio_delta2	0.000966455746351261	0.000758722805806748	0.00134014088124012
mtarjeta_visa_consumo_rank_delta2	0.000964435075295995	0.000746078019446425	0.000903572631070344
Visa_mconsumosdolares_rank	0.000964153548518178	0.000594047536283306	0.00135631007569085
vmr_msaldopesos2	0.000963675200711607	0.000742615367382446	0.00133918975215478
mtransferencias_recibidas_rank_delta1	0.000961009065805946	0.000847572466224786	0.00124597910179174
rm_deb_aut_delta2	0.000959896292677917	0.000792652096672856	0.00102531715399351
rm_deb_aut_lag1	0.000953700632063361	0.000679495181552049	0.0011223323206979
vmr_mpagominimo	0.0009457048357462	0.000507426566715433	0.000881696662107588
rf_012_018	0.000936429333126363	0.00103077922958219	0.00128212200703455
ctrx_quarter_delta1	0.000933484990557633	0.000665660869466954	0.000998685539604064
rf_002_020	0.000929102775666498	0.000492070362816955	0.00119271587301285
vm_status05_delta1	0.000924017947713785	0.00112198037060263	0.000212101786030196
rf_007_025	0.000913629362618501	0.00034075823760248	0.00111567441710054
Master_cconsumos	0.000913559037019486	0.00053294267515953	0.000729516008453635
ccaja_seguridad_lag2	0.000913399745531464	0.00107582194047732	0.000127451297435185
m_deb_aut_rank_delta1	0.000890210537469617	0.000672476553422585	0.00118415571124482
vmr_msaldopesos2_lag2	0.000889599959834331	0.000543508373307634	0.00124693023087707
rf_006_026	0.000884837167768997	0.000195083355804829	0.000610624872786485
rf_007_023	0.000883014866517531	0.000553728441042041	0.00148661476038205
ccajas_transacciones_delta2	0.000881459500495767	0.000870357450133456	0.000720004717600263
rm_anclaje_pesado_delta1	0.000881136601517256	0.00288791179505703	0.000951129085337204
Master_mconsumospesos_rank	0.000879346235502321	0.00071281099738288	0.00102912167033485
Master_msaldototal_rank	0.000877090154625497	0.000483322919402751	0.000876941016680902
rm_y_sp_delta2	0.000876109887264308	0.00119266453781393	0.00107762925368705
rf_015_017	0.000873070472030659	0.000908438853732533	0.00170822783726562
vm_mpagominimo_rank_lag1	0.00087260009794581	0.000671292428173027	0.000644865519858624
mautoservicio_rank_delta2	0.000871167141728575	0.0011735395601775	0.000973956183385297
cprestamos_personales_tend6	0.000868316267941671	0.00842134822476968	0.00160170137970785
ctarjeta_visa_transacciones	0.000865804036686874	0.000823540730503111	0.000391865183158928
vmr_mpagominimo_lag2	0.000865558887850672	0.00103824041244367	0.00109379844813778
vmr_pagominimo_saldo_delta1	0.000857534836461236	0.00109356003818072	0.00137818604465361
vm_mlimitecompra_rank_lag2	0.000855537326654092	0.000705720457662408	0.00132967846130141
mautoservicio_rank	0.000847988670582525	0.00084552360172473	0.000632500841749241
Visa_mconsumosdolares_rank_lag2	0.000847292879022297	0.000576837453463552	0.00151800202019818
c_e_y_ratio_delta1	0.000846939222178174	0.000756662382394831	0.00115086619325802
vm_mfinanciacion_limite_rank	0.000845991597551603	0.000867783981576207	0.00158933670159847
ccaja_seguridad_lag1	0.00084076763717845	0.00145261480157276	0.000148376137312604
Master_fultimo_cierre_delta1	0.000836293486392185	0.000382322379243525	0.00160075025062251
vm_mfinanciacion_limite_rank_lag2	0.000834667711916562	0.000991226433350243	0.00138864846459232
rf_012_017	0.000828661512151329	0.00109158128511327	0.00142764475709114
vm_msaldopesos_rank_delta2	0.00082693931732166	0.00103601380598745	0.00118035119490347
vm_mconsumototal_rank_delta2	0.000825289572898885	0.000591638355866778	0.000865527467656855
rm_anclaje_pesado_delta2	0.000825288242338105	0.00304798946001494	0.000912132792838378
ctrx_quarter_lag1	0.000823245324362731	0.000927024068083099	0.000729516008453635
rf_012_021	0.00081887967530718	0.000625956954674191	0.00106241118832166
vmr_msaldototal_lag2	0.000818320074474092	0.000533762315704732	0.000907377147411692
mcaja_ahorro_dolares_rank_lag1	0.000817675980711151	0.00121165971455486	0.000988223119665355
atm_ratio_c_lag2	0.000811890191867187	0.000383892780588654	0.00114706167691667
vm_mconsumospesos_rank_delta2	0.000799838179024907	0.000618963339272034	0.000901670372899669
mcaja_ahorro_rank_lag2	0.000799365641457517	0.000683914001964447	0.000953982472593215
vm_mpagospesos_rank_delta2	0.000791985223500755	0.000713952297811442	0.00102151263765216
mtransferencias_emitidas_rank_lag2	0.000791672258841953	0.00153593645976559	0.000834140207840728
Master_fultimo_cierre_delta2	0.000791112482109082	0.000568336158024892	0.00137723491556827
m_deb_aut_rank_lag2	0.00079096754550615	0.000455414495184022	0.000799899560768589
vm_mpagominimo_rank_delta2	0.000790767271272769	0.000730742469997012	0.00103863296118823
rf_012_019	0.000788278156800421	0.000557173849483407	0.00108999393179644
ctransferencias_emitidas_tend6	0.00078753008843969	0.00297223462555839	0.00101295247588412
Visa_cconsumos_delta1	0.000785472377505842	0.00042360455923129	0.000885501178448937
c_e_y_ratio_lag1	0.000782805168510546	0.000599353361063313	0.000928301987289111
mcaja_ahorro_dolares_rank	0.000781241048141532	0.00286480609871679	0.000875038758510227
mcaja_ahorro_dolares_rank_lag2	0.000780517340622478	0.000957407046892	0.00101675699222547
vmr_msaldopesos2_lag1	0.000780242186551093	0.00067042048828891	0.00113279474063661
Master_mpagospesos_rank_lag1	0.00077923396824392	0.000674233034299651	0.000882647791192925
vmr_msaldopesos2_delta1	0.000778568519347769	0.000905650029382977	0.00118510684033016
vm_mlimitecompra_rank_lag1	0.000777383445195587	0.000667511906032854	0.00129068216880259
Master_mconsumototal_rank_lag2	0.000761786453292923	0.000368422977220323	0.000880745533022251
rf_010_021	0.00076123134268349	0.000822800202182536	0.0011299413533806
mautoservicio_rank_lag2	0.000759924947935934	0.000461895160186026	0.0007209558466856
Master_fultimo_cierre_lag2	0.000757915842125406	0.000814813088831358	0.00135345668843484
c_e_y_ratio_lag2	0.000751870103434011	0.000586133092484569	0.000964444892531925
rm_y_sp_delta1	0.000750846271291739	0.000816064009432248	0.000902621501985007
Visa_cconsumos_delta2	0.000745115667826922	0.000359867771774702	0.000974907312470634
Master_mpagospesos_rank_delta2	0.000743589762988102	0.000376169911542246	0.00081987327156067
Master_msaldototal_rank_lag2	0.00074308490568841	0.000537963601185702	0.000821775529731344
vm_mconsumospesos_rank_delta1	0.000741669557018416	0.000374561422635081	0.000740929557477682
cajas_ratio_01_delta1	0.000735887755237278	0.00866880747359403	0.00091498618009439
rm_status_SP_delta2	0.00073346219947807	0.00194209966319471	0.000290094371027847
cpagomiscuentas_tend6	0.000733306648352865	0.00171408998899072	0.00069717761955217
vmr_mpagospesos_delta2	0.000732832962312623	0.00054392705225449	0.000881696662107588
vmr_msaldopesos_delta2	0.000732064656871258	0.000629856382014251	0.00093876440722782
mtransferencias_emitidas_rank	0.000731574457042858	0.000532373256632578	0.000713346814002903
vmr_mpagominimo_delta2	0.00073124555477731	0.000780968879136166	0.000895012469302309
vmr_msaldopesos_lag2	0.000729252687055546	0.000574915831739153	0.000888354565704948
vm_msaldototal_rank_delta1	0.000724206955634514	0.000638171029449901	0.00103577957393221
seguros_ratio_01_delta2	0.00072020347845104	0.000910563703866302	0.00122695652008499
rf_020_024	0.000719266459960317	0.000329862257759708	0.000880745533022251
rf_020_017	0.000718794723571229	0.00067147765499835	0.00122410313282898
Master_mpagominimo_rank	0.000717516302389509	0.000316753599002054	0.000851260531376797
atm_ratio_c_lag1	0.000716705138925953	0.000334323050286489	0.000876941016680902
rm_deb_aut_delta1	0.000716485376058935	0.000776697482222593	0.000910230534667704
vmr_mconsumospesos_lag2	0.000714832391559483	0.000535791094226799	0.000779925849976507
cplazo_fijo_tend6	0.000707963947230249	0.00273012810037775	0.000334797438038696
rf_003_015	0.000707224354895941	0.00101011682192299	0.00136106572111754
c_e_y_ratio	0.000707062183655151	0.000860215073445988	0.000904523760155681
mtarjeta_visa_consumo_rank_delta1	0.000707026703384287	0.000429537407607198	0.000745685202904368
rf_005_020	0.000705965523705941	0.000443249593156313	0.00107858038277239
ccallcenter_transacciones_delta2	0.00070296463066459	0.00544991656460496	0.000469857768156579
rf_015_025	0.000702015597402657	0.000919152922831254	0.00154938928001431
vm_msaldopesos_rank_delta1	0.000701011088016952	0.000897077959295459	0.00100629457228676
rf_020_028	0.000700354274034165	0.000178188963922147	0.000367135826940161
m_anclaje_pesado_rank_lag1	0.000699471316591883	0.00230443450469043	0.00111852780435655
vm_mfinanciacion_limite_rank_lag1	0.000698241933697331	0.00076177407430267	0.00116227974228206
Master_mconsumospesos_rank_lag1	0.000697894336957526	0.000391708784146209	0.000749489719245717
mtransferencias_recibidas_rank_lag2	0.00069281062639945	0.000545293088248099	0.000866478596742193
vm_mpagospesos_rank_delta1	0.000689301026810652	0.00113117700091139	0.00096254263436125
Master_fultimo_cierre	0.0006886839137559	0.000797484574537612	0.0016055058960492
m_y_sp_rank_delta1	0.000688310965358585	0.000644813234982429	0.00104909538112694
Master_mconsumospesos_rank_lag2	0.000686967855417219	0.000418686336979363	0.000876941016680902
Master_fultimo_cierre_lag1	0.000686875949194944	0.000754483053783025	0.00121459184197561
cproductos_delta1	0.000684199987521172	0.00552465307787553	0.000369989214196172
cdescubierto_preacordado_delta1	0.000683569864234429	0.0020636402949868	0.000359526794257463
rf_009_020	0.00068281252113117	0.000431595462389636	0.000981565216067994
rf_015_019	0.000682242823386384	0.000765339051160178	0.00141718233715243
cextraccion_autoservicio_tend6	0.000682107075932937	0.000866898398386286	0.000810361980707298
mtransferencias_emitidas_rank_lag1	0.000680256513757326	0.000488488710807909	0.000740929557477682
vmr_msaldototal	0.00068016507618031	0.00034544234451662	0.000775170204549821
vmr_mpagominimo_lag1	0.000676687639230299	0.000429451663220028	0.000849358273206123
m_e_sp_rank_lag2	0.000673521175236613	0.000816112045238099	0.000864576338571518
m_ganchos_liviano_rank	0.000673419545923467	0.00135022728673533	0.000267267272979754
cajas_ratio_01_delta2	0.000673112693805567	0.00403610275626724	0.000770414559123135
Visa_mconsumosdolares_rank_delta2	0.000671427835482456	0.00035246608888576	0.000985369732409343
vm_fultimo_cierre	0.000666414378277935	0.00127479809145967	0.00143144927343249
rm_y_sp_lag2	0.00066509660541355	0.00123194105710335	0.000924497470947762
m_deb_aut_rank_lag1	0.000664394580650459	0.000412581715593578	0.000734271653880321
rf_004_025	0.000658592795601967	0.000506533593401536	0.000949226827166529
Master_mpagominimo_rank_lag2	0.000658229028392544	0.000349857659357388	0.000737125041136333
rf_016_019	0.000654444019078814	0.000589819343171445	0.00110426086807649
c_e_sp_delta1	0.000653435487488922	0.00193681562980592	0.000687666328698798
internet_lag1	0.000652597411238682	0.00143301306619463	0.000736173912050996
Master_mpagospesos_rank_delta1	0.000652176628569417	0.000474967436794869	0.000702884394064194
Master_msaldototal_rank_delta2	0.000650180716571469	0.000373042941648149	0.000824628916987356
Master_msaldopesos_rank_lag2	0.000646747275239592	0.000403359030360539	0.000776121333635158
vmr_mconsumospesos_delta2	0.000645048349180935	0.000430211424811979	0.000694324232296159
cpayroll_trx	0.0006411348573268	0.00100112711508559	5.1360970608209e-05
vm_fultimo_cierre_lag1	0.000639252257268398	0.00103616861961025	0.00115657296777004
rf_020_027	0.000635336730897929	0.000243032280326534	0.000700982135893519
mttarjeta_visa_debitos_automaticos_rank_delta1	0.000635269737387705	0.000577258690530246	0.000832237949670053
atm_ratio_eme_lag1	0.000629092338943463	0.000321134616087954	0.000827482304243367
Master_msaldopesos_rank_delta1	0.000626623611555831	0.000425057950280116	0.000732369395709647
m_inversiones_rank	0.000626047344098037	0.00103658114012046	0.000235880013163627
mautoservicio_rank_lag1	0.000625742604788799	0.000532667535159153	0.000635354229005252
rf_017_020	0.000621617491180422	0.000693089409353068	0.000973956183385297
mcuenta_debitos_automaticos_rank_delta2	0.000620945421708345	0.0017926032345943	0.00106050893015098
Visa_mconsumosdolares_rank_delta1	0.000619460528577668	0.000569636914590037	0.00095588473076389
c_anclaje_pesado_lag2	0.000617724240589851	0.00511796527038922	0.00121744522923162
m_e_sp_rank_lag1	0.000615671960563628	0.000569082939527294	0.000657230197968008
Master_msaldopesos_rank_delta2	0.000611375056793657	0.000442748012177664	0.000831286820584716
Visa_fultimo_cierre_lag2	0.000610913433133265	0.000538490194891659	0.000992978765092041
mtransferencias_recibidas_rank_lag1	0.000609196945629076	0.000498359263576272	0.000715249072173577
contactos_delta2	0.000608430309362315	0.00346110288555415	0.000511707447911416
vmr_mpagospesos_lag2	0.000606777730999216	0.000492960588520656	0.000743782944733693
vmr_mpagominimo_delta1	0.000606591783172823	0.000402173673423652	0.000704786652234868
rf_013_017	0.000605952927943036	0.000632307534545162	0.00104624199387092
vm_mpagominimo_rank_delta1	0.000604593349938067	0.00037719022237698	0.000848407144120786
vm_mconsumototal_rank_delta1	0.000603638632367218	0.000378274865188385	0.000725711492112287
mpayroll_rank_delta2	0.000603443267801725	0.00124378846803558	0.000416594539377695
vm_fultimo_cierre_lag2	0.000603002367713195	0.000667999275234624	0.00124027232727971
ctrx_quarter_lag2	0.00060254549430105	0.000909941038548643	0.000914035051009053
mtransferencias_emitidas_rank_delta1	0.000600483379539164	0.000604044384375534	0.000744734073819031
Master_mpagominimo_rank_lag1	0.000600474129511856	0.00031511791822846	0.000681008425101438
vm_msaldopesos_rank_lag2	0.000594919237794521	0.000502938677067403	0.000587797774738392
mcuenta_debitos_automaticos_rank_lag2	0.000590667880437047	0.000558169621316729	0.000601113581933113
vmr_msaldopesos_lag1	0.000590403922353936	0.000409869824329527	0.000747587461075042
Master_msaldopesos_rank_lag1	0.000590169150975401	0.000312635310298057	0.000702884394064194
cpayroll_trx_tend6	0.000587986394696381	0.00317649471518435	0.000500293898887369
vmr_mconsumospesos_lag1	0.000587285853206132	0.000539284443728837	0.000718102459429589
vmr_mpagospesos	0.000586953791604832	0.000343536639982325	0.000567824063946311
seguros_ratio_01_delta1	0.000583387655890918	0.000854071606536733	0.00100249005594541
rm_status_SP_delta1	0.000583111744126206	0.00240887050504721	0.000344308728892068
vmr_msaldototal_delta2	0.000583086694641481	0.000536236870294904	0.000837944724182077
mpayroll_rank_lag1	0.000580647576444056	0.000573085923348212	0.000225417593224917
vmr_mpagospesos_delta1	0.000576862569011221	0.00046830410308738	0.000739978428392345
Master_msaldototal_rank_lag1	0.000575520561166676	0.000547347068987832	0.000691470845040147
ctrx_quarter_normalizado_lag2	0.000574879219031984	0.000923483724972181	0.000911181663753041
vmr_msaldopesos	0.000569417051720764	0.000445794448669446	0.000770414559123135
mcuenta_debitos_automaticos_rank_lag1	0.000567827775697956	0.000599245541049391	0.000611576001871822
mttarjeta_visa_debitos_automaticos_rank_lag2	0.000565456607807957	0.000370603063793562	0.000665790359736043
Master_mconsumototal_rank_delta2	0.000565348732311444	0.000288308159107657	0.000583993258397043
rf_015_022	0.000563422432816645	0.000325665046321443	0.000832237949670053
vmr_msaldototal_lag1	0.000562947450519239	0.000413937708598193	0.000721906975770938
vm_mpagospesos_rank_lag2	0.000562629704862273	0.000379393142538404	0.000468906639071242
vm_Finiciomora	0.000560323782308772	0.00261610957259736	0.000628696325407892
mtransferencias_recibidas_rank	0.000558589973416116	0.000798790447342434	0.000711444555832228
rm_ganchos_liviano	0.0005581221820643	0.00144541464167997	0.000321481630843975
vmr_mconsumospesos	0.000554887849750069	0.000413828751642121	0.000659132456138682
internet	0.000550294752120685	0.00213060950372193	0.000632500841749241
ctarjeta_master_transacciones_tend6	0.000549239098466011	0.00176884199635922	0.000518365351508776
vmr_Master_mlimitecompra_delta2	0.000546436600351305	0.000591314801079833	0.000654376810711996
Master_cconsumos_lag2	0.000544443422203631	0.000182714562151496	0.000544045836812881
vm_fultimo_cierre_delta1	0.000543998408658397	0.00409630119026168	0.00109855409356447
rf_005_024	0.00054286612289267	0.000337658270084453	0.000223515335054243
rf_003_024	0.000542194841626784	0.000142457714492961	0.000303410178222568
rf_020_025	0.000538305024386887	0.000488022564526278	0.000494587124375346
cprestamos_personales_lag2	0.000537057568682796	0.00398251232479565	0.00119842264752488
mcuenta_debitos_automaticos_rank_delta1	0.000536249911278482	0.00100351137751999	0.000839846982352751
mttarjeta_visa_debitos_automaticos_rank	0.000532183474251797	0.000340280627154166	0.000563068418519625
ccomisiones_otras_lag2	0.000531790361313693	0.000713205705799399	0.00027202291840644
mpayroll_rank_delta1	0.000531625244424408	0.00127418016340097	0.000333846308953359
vmr_msaldopesos_delta1	0.000528508711239534	0.00048417098350171	0.000719053588514926
vm_fultimo_cierre_delta2	0.000523119128622351	0.000638622300738399	0.000973005054299959
Master_mconsumospesos_rank_delta2	0.000522856026721837	0.00029768774235744	0.000601113581933113
Visa_fultimo_cierre_delta2	0.000516759528289479	0.000506603231108243	0.000990125377836029
atm_ratio_eme_delta2	0.000511207691355305	0.000529863930561643	0.000672448263333403
rm_pagos_lag2	0.00050878931058929	0.000512794354842632	0.000660083585224019
mautoservicio_rank_delta1	0.000508530127910091	0.000798172235048198	0.00077897472089117
m_y_sp_rank_lag2	0.000505545521178002	0.000568214505214808	0.000604918098274462
ccaja_ahorro_tend6	0.00050495950251714	0.00290317353801185	0.000229222109566266
mpagomiscuentas_rank_delta2	0.000504649380316794	0.000539383641931452	0.000490782608033997
rm_pagos	0.000498493460359081	0.000596411144268643	0.000544045836812881
Master_msaldototal_rank_delta1	0.000498200931409758	0.000383663781490544	0.000737125041136333
mttarjeta_visa_debitos_automaticos_rank_lag1	0.000498106958182619	0.000464802416009573	0.000633451970834578
Master_mconsumospesos_rank_delta1	0.00049760633432678	0.000290182502987639	0.000541192449556869
cajas_ratio_01	0.000497430872590075	0.0014378254580814	0.000469857768156579
mextraccion_autoservicio_rank_lag2	0.000497358171193888	0.000305980219421158	0.000502196157058044
ctrx_quarter_normalizado_lag1	0.000491868333153601	0.000863167333229652	0.000706688910405542
m_pagos_rank_delta2	0.000491128912533124	0.000572172579820789	0.000508854060655404
Visa_fultimo_cierre	0.00048978167756881	0.000827834676769333	0.00106811796283368
vmr_msaldototal_delta1	0.00048864263970583	0.000664277495105551	0.000727613750282961
Master_mpagominimo_rank_delta2	0.000488515876429754	0.000347547771888654	0.000668643746992054
rf_019_023	0.000485928904782519	0.000432465507370168	0.000634403099919915
vmr_mconsumospesos_delta1	0.000480038924274746	0.000361872106040537	0.000544045836812881
vm_mpagospesos_rank	0.000480034724609701	0.000185634608574235	0.000303410178222568
Visa_mpagosdolares_rank	0.000476987459869234	0.000307284292067575	0.000836993595096739
rf_006_022	0.000474625079433335	0.000698707419498517	0.000659132456138682
ctarjeta_debito_transacciones_lag1	0.000473494272355351	0.000661057864426203	0.000368086956025498
rf_015_027	0.000470457192843218	0.00050034322762858	0.0007209558466856
Visa_fultimo_cierre_lag1	0.000469321358244768	0.000669641398680403	0.000836042466011402
rf_007_022	0.000464587661721561	0.00069016462567137	0.000926399729118437
rf_014_017	0.000463993392208116	0.000634297846524477	0.00102151263765216
ctarjeta_debito_transacciones_lag2	0.000456681303904942	0.000356192322038255	0.000426105830231067
vm_msaldopesos_rank_lag1	0.000451674267568255	0.000380541075129511	0.000468906639071242
vm_msaldototal_rank_lag2	0.000450030029372952	0.000441748166301636	0.000603966969189124
mtarjeta_master_consumo_rank	0.000449725486473208	0.00052584379786329	0.000178812268043394
Visa_mpagado_rank	0.000448169860086549	0.000369952732883579	0.00064296326168795
Master_cconsumos_lag1	0.000447175916219354	0.000296788421116537	0.000502196157058044
ccuenta_debitos_automaticos_tend6	0.000446653340103187	0.00307176993152139	0.000517414222423439
vmr_mpagospesos_lag1	0.000442377181548009	0.000276666818940171	0.000598260194677101
rm_pagos_lag1	0.000441107019956764	0.000280692920584813	0.000461297606388544
m_pagos_rank_lag2	0.000441001264989592	0.00038952642368867	0.000498391640716695
internet_delta2	0.000439533108041415	0.00363481675042745	0.0008436514986941
Visa_mpagosdolares_rank_delta2	0.000437483116906044	0.000398839116841942	0.000614429389127834
rf_003_020	0.000434298658671233	0.000868532279001476	0.000485075833521974
rf_006_009	0.000432086990644308	0.00148820677558853	0.00112708796612459
vm_Finiciomora_lag1	0.000431822616385762	0.00184098002834524	0.000444177282852474
mpagomiscuentas_rank	0.000426999329537391	0.000362068986522901	0.00040803437760966
vmr_mconsumosdolares	0.00042691118644586	0.000599192199513505	0.000316725985417289
ctarjeta_visa_transacciones_delta2	0.000426771485440619	0.000552524987775927	0.000228270980480929
rf_004_019	0.000425639101260163	0.000335120899440476	0.000656279068882671
mextraccion_autoservicio_rank_delta2	0.000424604136985882	0.000522149588581362	0.000469857768156579
Master_mconsumototal_rank_delta1	0.000423403536673246	0.000333111827915681	0.00053073002961816
Master_mpagominimo_rank_delta1	0.000423401509422372	0.000575289032999995	0.000612527130957159
matm_other_rank_lag2	0.00042254816543784	0.000403663730856825	0.000355722277916114
rf_015_023	0.000422033568391947	0.000330899812217054	0.000488880349863323
atm_ratio_c_delta1	0.00042144315400541	0.000428589576834548	0.00056116616034895
rm_pagos_delta2	0.000420249092364836	0.000639377988287645	0.000461297606388544
m_pagos_rank	0.000420194982734527	0.000295312670205421	0.000387109537732242
mpayroll_sobre_edad_rank_delta1	0.00041878359041958	0.00123073390877525	0.000331944050782684
rm_y_sp_lag1	0.000414571991008968	0.000369527706009718	0.000611576001871822
ccallcenter_transacciones_delta1	0.000413025427558056	0.00110451182293404	0.000178812268043394
rf_012_013	0.000403869498385557	0.000316060443271076	0.000376647117793533
Visa_mpagado_rank_delta2	0.000400119082222145	0.000333393410588244	0.000522169867850125
mextraccion_autoservicio_rank_lag1	0.00039959012712981	0.000330256966176227	0.000404229861268312
ctarjeta_visa_transacciones_lag2	0.000399358995433341	0.000323361222544177	0.000397571957670951
vm_msaldototal_rank_lag1	0.000398839426558596	0.000259787965266877	0.000450835186449835
mpayroll_sobre_edad_rank_lag2	0.000391466623355146	0.000223156352399817	0.000227319851395592
atm_ratio_c_delta2	0.000390486742017479	0.00043969456454262	0.000582091000226369
mtarjeta_visa_consumo_rank_lag2	0.000387168267114547	0.000306596821047349	0.000417545668463032
Visa_mpagado_rank_delta1	0.000386713380041386	0.000373307280698099	0.000521218738764788
vm_mconsumospesos_rank_lag1	0.000384448878118091	0.000332437147494645	0.000417545668463032
vm_status06_lag2	0.000383022719628901	0.000640011170320194	0.000563068418519625
vmr_Master_mlimitecompra_delta1	0.000380152160900603	0.000708425432528378	0.000529778900532823
mplazo_fijo_dolares_rank_delta2	0.00037878099762587	0.000688264605847826	0.000187372429811429
cproductos_lag1	0.000377654816399831	0.00178115290070806	0.000422301313889719
c_e_sp_lag2	0.000374540221519124	0.000698909416220557	0.000562117289434287
cproductos	0.000374513422843208	0.00168518986698137	0.000115086619325802
vm_mconsumospesos_rank	0.000371740547354347	0.000276402195654684	0.000404229861268312
mextraccion_autoservicio_rank_delta1	0.000371489369780301	0.000411886854449374	0.00041849679754837
vm_cconsumos_delta2	0.000370790446123687	0.00142857842333731	0.000219710818712894
contactos_delta1	0.000370525909632258	0.00145533616735473	0.000328139534441335
Master_cconsumos_delta2	0.000368529259630157	0.000125375821900656	0.000281534209259812
ctarjeta_debito_transacciones_delta2	0.000367402835799319	0.000701229251933106	0.000327188405355998
vm_Finiciomora_lag2	0.00036358085110862	0.00268588219643964	0.000688617457784136
matm_rank	0.000361653847768903	0.000579491550168295	0.000383305021390893
c_anclaje_pesado	0.000360396981623651	0.00306672569818114	0.000890256823875623
Visa_mpagado_rank_lag1	0.000356103584087943	0.00042362691909358	0.000538339062300857
vm_mconsumospesos_rank_lag2	0.000355870293330176	0.000411618820337436	0.000495538253460683
ctarjeta_debito_transacciones	0.000354424314262322	0.000599833150650748	0.000347162116148079
Master_fechaalta_delta1	0.000353221149167717	0.00018945255506019	0.000661985843394694
vmr_Visa_mlimitecompra_delta2	0.000351048793393064	0.00049755961426388	0.000463199864559218
matm_rank_lag2	0.000350549568673506	0.000340871837072333	0.000407083248524323
c_e_sp_lag1	0.000347925170662988	0.000503046970807221	0.000458444219132532
rf_009_022	0.000345601543485391	0.000213862039811308	0.000340504212550719
vm_fechaalta_delta1	0.000342941960863123	0.0043727432736368	0.000604918098274462
mpayroll_rank_lag2	0.000340489447967063	0.000308323551938147	0.000216857431456882
ctarjeta_debito_lag2	0.000334717627378269	0.00282383828323359	0.000604918098274462
mextraccion_autoservicio_rank	0.000332679311230799	0.000327976733948581	0.000385207279561568
matm_rank_lag1	0.00033234465943072	0.000347243545118264	0.000311019210905266
vmr_mconsumosdolares_lag2	0.000327053790293492	0.000436578300853772	0.000344308728892068
matm_other_rank_delta2	0.000326504989841126	0.000782701389482896	0.000330992921697347
ccaja_seguridad	0.000325095062172135	0.00402538347618367	0.000212101786030196
Visa_mpagado_rank_lag2	0.000324585899354541	0.00031448018842731	0.000576384225714346
estado_delta2	0.000323169522218234	0.00109992464033821	0.000201639366091487
matm_other_rank_lag1	0.000321069349984752	0.000389917910769097	0.000262511627553068
ccomisiones_mantenimiento_delta1	0.000316715084830159	0.00354219462120948	0.000283436467430487
vmr_Visa_mlimitecompra_delta1	0.000316240253264364	0.00133850105488728	0.000440372766511125
Visa_Finiciomora_lag1	0.000315881485012606	0.00199161519925438	0.000386158408646905
ccomisiones_otras_lag1	0.000313274693551506	0.000726327344646602	0.000221613076883568
Master_mconsumosdolares_rank_delta2	0.000310555578294138	0.000837843462754139	0.000269169531150429
cprestamos_personales	0.000310476343268723	0.00278159642932577	0.000797046173512577
tcuentas_tend6	0.000308705979742421	0.00487802869404765	0.000711444555832228
vm_status05_delta2	0.000308135987792236	0.00193609300832421	0.000338601954380045
vmr_mpagado_lag2	0.000304361199056544	0.000343140510388117	0.000335748567124033
mpagomiscuentas_rank_delta1	0.000304029947413156	0.000262923272736743	0.000361429052428137
Visa_msaldodolares_rank_lag2	0.000297123048334744	0.000521894060833078	0.000464150993644555
ctarjeta_debito_tend6	0.000295632384962981	0.00377552262655713	0.000438470508340451
vm_mconsumosdolares_rank_lag2	0.00029516169396474	0.000401306186562957	0.000264413885723743
mtarjeta_master_consumo_rank_delta2	0.000293505475544688	0.0002290733783308	0.00022446646413958
mpayroll_sobre_edad_rank_lag1	0.000291802660408485	0.00020635537926382	0.000187372429811429
vm_mconsumosdolares_rank	0.000290213978645745	0.00040226661844444	0.00020734614060351
mtarjeta_visa_consumo_rank_lag1	0.000288197562782276	0.00021387824123695	0.000335748567124033
ctarjeta_visa_descuentos_tend6	0.000285811288088419	0.0024547703755785	0.00024158678767565
rf_013_024	0.000285240846169889	0.000131409194911688	0.000214004044200871
Master_delinquency_lag2	0.000280576113088189	0.00132741586892166	0.000436568250169777
vmr_mpagado	0.000279795419780469	0.0003025620975914	0.000304361307307905
matm_other_rank	0.000278646528404013	0.000403346808232423	0.000303410178222568
rm_pagos_delta1	0.000275193064887949	0.000247257820573378	0.000309116952734591
contactos	0.000274124934395198	0.000649902567027979	0.000114135490240464
Visa_msaldodolares_rank_delta2	0.000273041828638384	0.00028482182074888	0.000302459049137231
cmobile_app_trx_lag2	0.00027216111277656	0.00144935120913027	0.000437519379255114
vm_status03_delta2	0.000270474944238775	0.000447753968465523	0.00012935355560586
Master_cconsumos_delta1	0.000268696602204445	0.000124735060253771	0.000258707111211719
vm_mpagospesos_rank_lag1	0.000267515050572259	0.000217296931537784	0.00029580114553987
matm_rank_delta1	0.00026658907253695	0.000268073431187335	0.000321481630843975
m_pagos_rank_lag1	0.000264775061010663	0.000276923199395068	0.000356673407001451
mcaja_ahorro_adicional_rank_delta2	0.000263396784973627	0.00388342061576163	0.000381402763220219
mtarjeta_master_consumo_rank_lag1	0.000263180923619119	0.00026611249021357	0.000168349848104685
ccomisiones_mantenimiento_delta2	0.000262653482479198	0.00271773628364588	0.000266316143894417
Visa_msaldodolares_rank	0.000261959094829554	0.000332866722137108	0.000400425344926963
m_pagos_rank_delta1	0.000261427904142268	0.000262276257908032	0.000319579372673301
mttarjeta_master_debitos_automaticos_rank_delta2	0.00025729209232927	0.000246572054966377	0.000165496460848673
Master_mpagado_rank_lag1	0.000255790015981113	0.000310668874103899	0.000298654532795882
rf_006_021	0.000253030589503916	0.000583158757074153	0.000546899224068892
Visa_msaldodolares_rank_delta1	0.000251011873063062	0.000534363189631176	0.000313872598161277
ctarjeta_visa_transacciones_lag1	0.00024997839737173	0.000237989562909148	0.000258707111211719
matm_rank_delta2	0.000247591542362302	0.000339891319212861	0.000346210987062742
p_e_ratio_lag2	0.000247109446046983	0.000460719940983311	0.00019403033340879
vm_cconsumos_lag1	0.000246673389598069	0.000200899193884433	0.00020068823700615
vm_cconsumos_lag2	0.000245233147528464	0.000242715736682849	0.000194981462494127
vmr_mpagado_delta2	0.000243254908733156	0.000398763225953408	0.000266316143894417
ccomisiones_otras	0.000241204972587138	0.000276280827080138	5.99211323762438e-05
cajas_visitas_delta2	0.00023907607874425	0.00383384918004624	0.000368086956025498
ctarjeta_debito_transacciones_delta1	0.000235305046887027	0.000830222065794647	0.000253000336699696
vm_cconsumos	0.00023452317683913	0.000267726853321846	0.000173105493531371
cajas_ratio_03	0.000225610333823098	0.00186097381927487	0.000253000336699696
rf_004_020	0.000223492731043567	0.000271915821929521	0.000343357599806731
Master_mconsumosdolares_rank_delta1	0.000221735623904898	0.000104607299640758	0.000187372429811429
vm_Fvencimiento_delta2	0.000217646304943033	0.000601359590232732	0.000341455341636056
vmr_mpagado_lag1	0.000216817805711859	0.000227189559932898	0.00024158678767565
c_deb_aut_lag2	0.000213860639547816	0.000347668477246946	0.000134109201032546
mtarjeta_master_consumo_rank_lag2	0.000213491436291399	0.000123457516257528	0.000155034040909964
rf_016_021	0.000210996025082599	0.000232139142839138	0.000333846308953359
ctarjeta_master_tend6	0.00020790906970064	0.00129587084048995	0.00021780856054222
p_y_ratio_delta2	0.000206237686805084	0.000921287721208838	0.000180714526214069
vmr_msaldodolares2_delta2	0.000200169905825897	0.000787328744034699	0.000237782271334301
mtarjeta_master_consumo_rank_delta1	0.000196344198937245	0.000186326248382347	0.000171203235360697
rm_ganchos_liviano_lag2	0.000196064296545349	0.000352315538796021	0.000253951465785033
vm_mconsumosdolares_rank_delta2	0.0001954126533452	0.000167826967909309	0.000178812268043394
cajas_visitas_delta1	0.000194974454670291	0.00161227833535242	0.000165496460848673
cseguro_vida_lag2	0.000193830774515265	0.000909905982832342	0.000214004044200871
ctarjeta_visa_transacciones_delta1	0.000191220898746476	0.00117169771389398	0.000168349848104685
mtarjeta_visa_descuentos_rank_lag2	0.000190412399556261	0.000345229073118255	0.000216857431456882
cliente_edad_tend6	0.000185706623330355	0.00084288087444149	0.000549752611324904
vm_status02_lag2	0.000184974282075647	0.000789460226331011	0.000390914054073591
vmr_mconsumosdolares_delta2	0.000183128832346036	0.000223134371518244	0.000162643073592662
cliente_edad_delta2	0.00017930496057487	0.00108113183930003	0.000455590831876521
mtarjeta_visa_descuentos_rank_delta1	0.000178711548261319	0.00198447586576662	0.000373793730537521
Master_mpagado_rank_delta2	0.000175283772594098	0.000287098073679	0.00017691000987272
vmr_msaldodolares2	0.000171144344732406	0.000282729183976037	0.000196883720664801
vmr_msaldodolares2_lag1	0.000167100058690001	0.000340012024571153	0.000227319851395592
vmr_mpagosdolares_lag2	0.000165281107311344	0.000438831720195707	0.000164545331763336
hb_cajas_delta2	0.000163718278058027	0.000308351786001547	0.000127451297435185
vm_mpagado_rank_delta2	0.000159698886460062	0.000344702763647836	0.000197834849750138
ctransferencias_emitidas_delta2	0.000159309184411766	0.000819412114574582	0.000134109201032546
Master_msaldodolares_rank	0.000158389791782231	0.000253656246759842	0.000262511627553068
vmr_mpagado_delta1	0.000155462416122373	0.000443769270464188	0.000194981462494127
vm_mconsumosdolares_rank_delta1	0.00015404510722827	0.000356365137245103	0.000173105493531371
vm_mpagado_rank_lag2	0.000146226030952474	0.000234272425293855	0.000158838557251313
internet_delta1	0.000143776159550162	0.00108506300627512	0.000316725985417289
visitas_delta2	0.000141755735553842	0.000508179411909303	0.000175007751702046
Master_msaldodolares_rank_delta1	0.000141690213254871	0.000105046254055961	0.000125549039264511
c_seguros_lag2	0.000140885919712858	0.0007298723302713	0.000148376137312604
rf_009_021	0.000136092891166449	0.000264996013021956	0.000230173238651603
vm_mpagado_rank_lag1	0.000135671530383337	0.000303890425003691	0.000151229524568615
visitas_lag2	0.000134781636635492	0.000399700066285272	0.000123646781093837
ccaja_ahorro_lag1	0.000131419990246418	0.00057686350838783	0.000145522750056592
ccajeros_propios_descuentos_tend6	0.000129246474327573	0.000821784249626046	9.51129085337204e-05
ccaja_ahorro_lag2	0.000128400391322463	0.000449934528764658	0.000155985169995301
ctarjeta_visa_debitos_automaticos_lag2	0.000121384912743969	0.000548241652969775	0.00010557532847243
ctarjeta_master_debitos_automaticos_tend6	0.000119661929969841	0.00152749409582838	0.000242537916760987
vm_cconsumos_delta1	0.00011834896690465	0.000175570017678885	0.000110330973899116
c_y_sp_delta2	0.000117931994380123	0.000347487608699866	0.000134109201032546
vm_status03_delta1	0.000116538893646191	0.000646994174262281	0.000115086619325802
hb_cajas_lag1	0.000115377429197751	0.000401916724497679	0.000127451297435185
visitas_delta1	0.000114644591333911	0.00049391855702748	0.000137913717373895
vmr_msaldodolares_lag2	0.000114429658686902	0.000141798003810238	0.000125549039264511
ctransferencias_emitidas_lag2	0.000114283089119396	0.000168928096381894	0.00011223323206979
ctransferencias_recibidas_delta2	0.000113477731679354	0.000573165225063197	0.00013601145920322
c_deb_aut_lag1	0.000112288072084304	0.000251231528133926	9.41617794483832e-05
rf_011_018	0.000111800319389693	0.00063028643038261	0.00027202291840644
ctarjeta_visa_tend6	0.000110944722234955	0.000650281926725469	0.000185470171640755
c_deb_aut_delta2	0.000109176068563467	0.000376976003526823	8.845500493636e-05
ccomisiones_otras_delta2	0.000108975233775545	0.000379058313075135	0.000180714526214069
vm_mpagado_rank_delta1	0.000107599264242557	0.000229143868744119	0.000133158071947209
c_y_sp_lag1	0.000107373420900687	0.000306698577369802	0.000125549039264511
contactos_lag2	0.000106865722656692	0.000301659365524046	0.000136962588288557
c_anclaje_pesado_delta1	0.000105347680178608	0.00123291579550689	0.000160740815421987
cextraccion_autoservicio_lag2	0.000100778540869608	0.000189603484130645	8.27482304243367e-05
vm_mpagosdolares_rank_delta1	9.98688056611888e-05	0.000142257896910043	7.03835523149531e-05
ctransferencias_recibidas_lag2	9.87930689497931e-05	0.000193992933537493	0.000121744522923162
ctransferencias_emitidas_delta1	9.77173245131019e-05	0.000747173842188976	0.000123646781093837
Visa_status_lag1	9.72643907799396e-05	0.000528987442908925	0.00026536501480908
vmr_msaldodolares_lag1	9.50745395468952e-05	0.000246551116281775	0.000124597910179174
cextraccion_autoservicio_delta2	9.12283391547306e-05	0.000288008480105869	0.000101770812131081
cpagomiscuentas_delta2	9.03736979675918e-05	0.00174202986860894	0.000130304684691197
rf_001_024	8.80536235034545e-05	0.000282014521089381	0.000227319851395592
visitas_lag1	8.6811472778234e-05	0.00141444177938541	0.000144571620971255
c_seguros_delta2	8.64235801847468e-05	0.000460657314419864	8.17971013389995e-05
vmr_mpagosdolares	8.48083930988887e-05	0.000248729686932147	9.60640376190576e-05
mcheques_emitidos_rank	8.47383001717783e-05	0.000974823768947575	7.03835523149531e-05
Master_Fvencimiento_delta2	8.46812192118302e-05	0.00036538952081809	0.000186421300726092
c_ganchos_liviano_delta2	8.16424441197774e-05	0.000214942987560725	3.51917761574765e-05
cseguro_accidentes_personales_tend6	7.8629936656083e-05	0.00131810573388823	0.000249195820358347
ctransferencias_emitidas_lag1	7.80537172230323e-05	0.000533758146916847	0.000122695652008499
ctarjeta_visa_debitos_automaticos_lag1	7.74843288078701e-05	0.000263447971539116	7.60903268269763e-05
ccomisiones_mantenimiento_lag1	7.74036376035916e-05	0.000596229707250487	0.000120793393837825
c_ganchos_liviano_lag1	7.55023111417931e-05	0.000607646596088464	5.42143578642206e-05
c_y_sp_lag2	7.53104711741197e-05	0.000124191317670381	0.000136962588288557
p_y_ratio_delta1	7.45505022449465e-05	0.000679659659183129	0.000113184361155127
ctarjeta_master_transacciones_lag2	7.42410709951382e-05	0.000152621598336107	6.46767778029299e-05
vm_msaldodolares_rank	7.31362126073489e-05	0.000184969592161477	7.60903268269763e-05
ccuenta_debitos_automaticos_lag2	7.30740816183891e-05	0.000463027175587028	7.41880686563019e-05
cpagomiscuentas_lag2	7.24824047963068e-05	0.000164607526720319	6.56279068882671e-05
vmr_mpagosdolares_delta2	7.14498671411516e-05	0.000211794794746489	7.41880686563019e-05
cforex_tend6	7.08024636690295e-05	0.00108127755738563	0.000138864846459232
c_pagos_lag2	7.03511374424154e-05	8.98227881535328e-05	5.32632287788834e-05
Visa_Fvencimiento_delta2	6.92947122043114e-05	0.000320164330707835	0.000157887428165976
rm_p_sp	6.56083112265716e-05	0.000302471426454912	8.27482304243367e-05
vmr_msaldodolares_delta1	6.53280658635737e-05	0.000224978396940884	9.7966295789732e-05
c_seguros_lag1	5.96048779096894e-05	0.000354015551546288	0.000108428715728441
ctarjeta_visa_debitos_automaticos_delta1	5.79160530918864e-05	0.000291268282741195	6.37256487175927e-05
cpagomiscuentas_lag1	5.69822562910315e-05	0.000106694820173925	5.23120996935462e-05
c_y_sp_delta1	5.69640081684652e-05	0.000387583010573056	0.000107477586643104
ctransferencias_recibidas	5.428777237543e-05	0.000255167053387259	5.80188742055694e-05
vmr_mpagosdolares_delta1	5.4259778277135e-05	0.000125803596384714	4.85075833521974e-05
c_pagos_lag1	5.36018709672333e-05	0.000128174405003669	5.04098415228718e-05
ctarjeta_visa_debitos_automaticos_delta2	5.34448345586009e-05	0.000927265573544863	8.27482304243367e-05
cprestamos_personales_delta1	5.34292526942766e-05	0.00153027410887628	0.000175958880787383
visitas	5.16258421209028e-05	0.000575083625451504	6.56279068882671e-05
ctransferencias_recibidas_delta1	5.134983148851e-05	0.000458044905593966	9.89174248750692e-05
catm_trx_other_delta2	4.8916999067273e-05	0.000706784825005466	8.75038758510227e-05
c_y_sp	4.50385070236939e-05	0.000175887982500258	4.28008088401742e-05
ctarjeta_master_transacciones_delta1	4.42091715092049e-05	0.00032004637295974	3.61429052428138e-05
c_ganchos_liviano	4.33655875030711e-05	0.000672059485143776	3.42406470721393e-05
ctransferencias_emitidas	4.2336294267601e-05	0.000304862321051856	3.23383889014649e-05
cpayroll_trx_lag2	4.17604941551353e-05	0.000398749677392783	4.6605325181523e-05
ccaja_ahorro	4.16143421977219e-05	0.00584237042484034	0.000293898887369196
ccomisiones_otras_delta1	4.07671838795179e-05	0.000319388936161317	0.000115086619325802
ctarjeta_debito_delta2	3.99191380498497e-05	0.000736768452884067	0.000102721941216418
ccuenta_debitos_automaticos_lag1	3.82857208420998e-05	3.99451360189889e-05	2.85338725601161e-05
catm_trx_delta2	3.53388504686635e-05	0.000185973985806106	5.42143578642206e-05
m_p_sp_rank_delta1	3.42956155328401e-05	0.000284848254653875	8.27482304243367e-05
ctarjeta_master_transacciones	3.14727104726651e-05	2.76024920351136e-05	1.61691944507325e-05
foto_mes	3.06169412123359e-05	0.000985153930580204	0.000113184361155127
catm_trx_other_lag1	3.03496506908152e-05	7.63893429216046e-05	2.75827434747789e-05
ctarjeta_master_descuentos_tend6	2.9034665913684e-05	0.000406497843402036	6.56279068882671e-05
ctarjeta_debito	2.70301766235674e-05	0.000398145961110963	4.85075833521974e-05
catm_trx	2.6663505610979e-05	3.29339927586815e-05	1.71203235360697e-05
cforex_sell_tend6	2.66564167264036e-05	0.000207323296014459	4.47030670108486e-05
ccallcenter_transacciones_lag1	2.62574662567011e-05	0.000316034009366081	4.85075833521974e-05
cpayroll_trx_lag1	2.33452336163557e-05	8.97122205294142e-05	2.28270980480929e-05
catm_trx_lag1	2.12433100521612e-05	7.21299786457886e-05	3.32895179868021e-05
ctarjeta_master_transacciones_lag1	2.12336437028559e-05	3.38449676566255e-05	2.94850016454533e-05
ctarjeta_visa_delta1	1.99716080625573e-05	0.000354150658171817	3.99474215841626e-05
cplazo_fijo_delta2	1.86326905369776e-05	3.78818702516955e-05	9.51129085337204e-06
cpagomiscuentas_delta1	1.84507370826882e-05	0.000235198180439753	3.51917761574765e-05
cinversion2_lag2	1.81403598365365e-05	0.000124343667918524	1.80714526214069e-05
c_deb_aut_delta1	1.67752728692558e-05	0.000100846389752678	3.23383889014649e-05
c_deb_aut	1.58894192706176e-05	4.59153139954991e-05	1.14135490240464e-05
mcajeros_propios_descuentos_rank_lag1	1.57473586407829e-05	4.90898459695513e-05	1.04624199387092e-05
mcajeros_propios_descuentos_rank_delta1	1.56783722677462e-05	6.27797664015559e-05	1.23646781093837e-05
cplazo_fijo_lag1	1.51471268961527e-05	0.000136244420386641	1.99737107920813e-05
ccajas_depositos_delta1	1.33211668952073e-05	0.000115882354945483	1.33158071947209e-05
cinversion2_lag1	7.78454168086825e-06	0.000162546250601789	2.37782271334301e-05
ccuenta_debitos_automaticos	4.73815521166317e-06	1.08997696499399e-05	9.51129085337204e-07
ccheques_emitidos	3.19662957153873e-06	3.50333564392476e-05	1.90225817067441e-06
ctarjeta_visa_debitos_automaticos	2.93968459222898e-06	1.62590307110113e-05	1.90225817067441e-06
mprestamos_hipotecarios_rank_lag1	9.79878824602107e-07	3.23268656504105e-05	3.80451634134882e-06
ccomisiones_mantenimiento	5.6190722339489e-07	1.97911309913392e-05	4.75564542668602e-06
cseguro_vivienda	4.90202578182403e-07	1.96332855228031e-05	3.80451634134882e-06
ccajeros_propios_descuentos_lag1	1.15365507847374e-07	2.51889533403424e-06	9.51129085337204e-07
