Feature	Gain	Cover	Frequency
rf_017_015	0.0612321781115548	0.00270399843885734	0.00448948076448534
rf_001_023	0.0395122564481193	0.00139329752877058	0.00369148351867035
rf_002_016	0.0328946087998823	0.00367015089572732	0.00565961138927142
ctrx_quarter_lag1	0.0178116243647452	0.000831700024716333	0.000591035366601129
rf_019_021	0.0164552084818455	0.00150188577579104	0.00500887548058936
rf_008_025	0.012722006491745	0.000484100826064712	0.000463674210161828
rf_005_023	0.0121421281015277	0.000609147905551403	0.000425863866843911
m_y_sp_rank	0.0118303711796112	0.000471789355348336	0.00044974408367628
rm_y_sp	0.0106717858747746	0.000710455369559001	0.000660685999028871
ctrx_quarter	0.00965874737162479	0.00147341800271296	0.000441784011398824
rf_018_022	0.00904458354771373	0.000786876893022989	0.00222882023768776
mcuentas_saldo_rank	0.00862822442459889	0.00286972873722476	0.00120595095003463
rf_015_029	0.00862186940850284	0.00094013140154364	0.00256712330947965
rf_016_029	0.00850341864351868	0.000541099946318895	0.000495514499271653
rf_020_015	0.00810473162755892	0.0032580528983064	0.0053392184801038
rf_004_016	0.00767480589060868	0.00401736208587579	0.00262284381542184
ctrx_quarter_normalizado	0.00706461919220604	0.000800414045798632	0.000378103433179173
vm_status01	0.00537534865099345	0.00233762201821346	0.000995009034682035
thomebanking	0.00514187137291471	0.00363973526243699	0.00905458221560652
rf_013_023	0.00476939991579298	0.00122132516850003	0.00418500799987264
mpasivos_margen_rank	0.00476255895011403	0.0022158387532674	0.000881578004728283
rf_010_024	0.00428083754116321	0.000548002013562199	0.000401983650011542
cdescubierto_preacordado	0.00408569839914028	0.00505170181923022	0.00345666138648539
mcaja_ahorro_rank	0.00404222190670104	0.000940141210540203	0.000547254969075119
ccomisiones_mantenimiento_tend6	0.00388302476750841	0.00493440620708771	0.000726356595317886
mcomisiones_rank	0.00386159747610792	0.00190579886622265	0.00281388555008079
r_time_alta_master	0.00373130640657742	0.00313286576404923	0.00632626744250838
mrentabilidad_annual_rank_delta1	0.00361383062014239	0.00456914410320378	0.00382481472931774
Master_mlimitecompra_rank_delta1	0.0035672277524746	0.00418483056793494	0.00744863763362971
thomebanking_lag2	0.00355583860529436	0.00294735160463624	0.00845359675865857
thomebanking_lag1	0.00352713829585986	0.00311948946406685	0.00875209946906318
mcomisiones_otras_rank_lag2	0.00345080726352147	0.00196396311826408	0.00280592547780334
Master_mfinanciacion_limite_rank_delta2	0.00341138394845159	0.0034869034257908	0.00656108957469334
r_time_alta_master_lag2	0.00334021501750779	0.00355392616050283	0.00616308596082052
mrentabilidad_annual_rank_lag2	0.0033320802428027	0.00527326853987575	0.00262682385156057
Master_mlimitecompra_rank_delta2	0.0032944809864279	0.00380365532155147	0.00726555597124822
r_time_alta_visa_delta2	0.00329324803730594	0.00312912765133643	0.00553822028704021
Master_mfinanciacion_limite_rank_delta1	0.00328964149666114	0.00415031042272186	0.00720187539302857
Visa_mfinanciacion_limite_rank_delta2	0.00327913649156588	0.00385752242182786	0.00640188812914421
rf_019_015	0.0032051179523105	0.00296667112400992	0.00454122123428881
tcallcenter_delta2	0.00320093001658332	0.00169311386008168	0.000750236812150254
r_time_alta_master_delta1	0.00318030981111976	0.00359026274012459	0.00665860046009218
mcuentas_saldo_rank_delta2	0.00316542252222898	0.00292431720438374	0.00347059151297094
r_time_alta_master_delta2	0.00315788078836202	0.00342730558521408	0.00628447706305173
Visa_mlimitecompra_rank_delta2	0.00314635402676919	0.0042507824994808	0.00639989811107485
mtarjeta_visa_consumo_rank	0.00305241680546528	0.000321810461664936	0.000475614318578013
rf_018_012	0.00303189398260983	0.00096197382433409	0.000561185095560668
rf_005_022	0.00301558544332059	0.000432262270528684	0.00096316874557221
r_time_alta_master_lag1	0.00299752228653481	0.00311672671962133	0.00600985456947949
Visa_mlimitecompra_rank_delta1	0.00298053602754294	0.00348635154066838	0.00620089630413844
rf_013_015	0.00291922806281698	0.00273158273847805	0.0041153573674449
Master_fechaalta_lag1	0.00290873696286617	0.00225612666221146	0.00431833921052003
m_anclaje_pesado_rank	0.0028672722664216	0.00190415324110751	0.000545264951005755
rf_012_015	0.00283521224110538	0.00265403251664262	0.00461485190285528
mpayroll_rank	0.00283114455334027	0.00058872269838469	0.00017114155396531
rf_011_021	0.00279861100667282	0.00181821035331045	0.00238205162902879
mcomisiones_mantenimiento_rank	0.00277461367795976	0.00375719541496546	0.00303477755578021
rf_007_015	0.00277328148338413	0.00398670919287161	0.00435216951769922
Visa_mconsumospesos_rank	0.00276987703894064	0.00217707234506844	0.00499494535410382
mcomisiones_otras_rank_delta2	0.00276548191938737	0.00258835899834507	0.00343676120579175
Visa_mfinanciacion_limite_rank_delta1	0.00276187328100359	0.00352146369201239	0.00608348523804596
Visa_mpagospesos_rank_delta2	0.002745852633041	0.00216580829818056	0.00552230014248529
r_time_alta_visa_lag2	0.00274131694755024	0.00300715145154068	0.00457107150532927
r_time_alta_visa_lag1	0.0027303742877016	0.0027908714112834	0.00478997349295932
Master_fechaalta	0.00268664239893856	0.00224350558121258	0.00437803975260095
Visa_mconsumospesos_rank_lag2	0.00267919428632936	0.00203671902708762	0.0048019136013755
mrentabilidad_rank_delta2	0.00267007240399169	0.002810452380979	0.0030407476099883
Master_Fvencimiento_lag2	0.00267003031973595	0.00298541228134564	0.00463674210161828
rf_014_015	0.00266618597140349	0.00279472553566232	0.00457704155953736
Visa_mpagospesos_rank	0.00265347961115414	0.00130097879320749	0.00399197624714432
mrentabilidad_annual_rank_delta2	0.00263427104996305	0.00628451243768341	0.00418301798180327
Visa_mpagospesos_rank_lag2	0.00262142898234084	0.00185188530227832	0.00494718492043908
mcomisiones_mantenimiento_rank_delta2	0.00259645833534991	0.00437391579211173	0.00247757249635827
cliente_edad_lag2	0.00257586697382975	0.00493862724693957	0.00360989277782642
r_time_alta_visa	0.00256277280226521	0.00349054322728241	0.00502479562514428
Visa_mpagospesos_rank_delta1	0.00256257776536197	0.00168001582584391	0.00512230651054312
cliente_edad_lag1	0.00253700185296229	0.005693025077305	0.00317606883870506
rf_011_025	0.00252701035311823	0.00124648915353268	0.00370143360901717
rf_002_024	0.00252602259807842	0.000812819845136092	0.000788047155468172
Visa_fechaalta_lag2	0.00251914304609837	0.00223712877467246	0.00348054160331776
rf_008_023	0.00248276556397187	0.00150505209038087	0.0055163300882772
mcuentas_saldo_rank_delta1	0.00246001923930591	0.00397480003851803	0.00324173943499407
Master_Fvencimiento	0.00245584382332241	0.0025049592957246	0.00449147078255471
Visa_mconsumototal_rank_delta1	0.0024078754552801	0.00165538823804436	0.0045471912884969
mcuenta_corriente_rank_delta2	0.00239402063068838	0.00399203223292381	0.00208155890055482
Master_fechaalta_lag2	0.00238958374870271	0.00235591151919615	0.00419495809021946
rf_005_021	0.00238579997430709	0.000703022288967919	0.00219697994857793
Master_mfinanciacion_limite_rank_lag2	0.00238217220807749	0.00226306995674107	0.00395615592189577
Visa_fechaalta	0.0023730902133226	0.00217206724925822	0.00351437191049695
Master_mfinanciacion_limite_rank	0.002372322182163	0.00357963369669842	0.00440590000557205
Visa_mfinanciacion_limite_rank_lag1	0.00235857423389245	0.00317518236523735	0.00353427209119059
Master_Fvencimiento_lag1	0.00234326549033794	0.00283039510351778	0.00441187005978014
r_time_alta_visa_delta1	0.00232759621467962	0.00244194615429941	0.00491136459519052
rf_010_023	0.00232161625391324	0.00112632629056774	0.00366362326569925
Visa_fechaalta_lag1	0.00232122264827912	0.0020138601562473	0.00339895086247383
mactivos_margen_rank_delta2	0.00231781179557628	0.00428006021541795	0.00324372945306343
vm_fechaalta_lag2	0.0023049749338968	0.00212762334959741	0.0035501922357455
rm_e_sp_delta2	0.00229062460236435	0.00363046170433288	0.00399197624714432
rf_015_015	0.00228874695530966	0.0028000949656306	0.00493524481202289
Visa_mconsumospesos_rank_delta1	0.0022843613028947	0.00151125801387561	0.00472231287860094
Master_mlimitecompra_rank	0.00227064902557819	0.00256641988687421	0.0042924689756183
Visa_Fvencimiento	0.00226207035561717	0.00275054404509754	0.00364372308500561
Visa_Fvencimiento_lag1	0.00225313993606562	0.00242469117057079	0.00357009241643914
mcuenta_corriente_rank_lag1	0.00224804289046915	0.00309907236960406	0.002525332930023
mcomisiones_rank_delta2	0.00222564569916459	0.00263603662179014	0.00350442182015013
Visa_mconsumospesos_rank_delta2	0.00220775770617203	0.00141923059813526	0.00432828930086685
rf_019_023	0.00219731416867202	0.000619559159753127	0.0004596941740231
Visa_Fvencimiento_lag2	0.00219206350577367	0.0024794170374335	0.00382083469317901
Master_mfinanciacion_limite_rank_lag1	0.00219073673727571	0.00200092835868812	0.00394222579541022
Visa_mconsumospesos_rank_lag1	0.00219003015187162	0.00179164906565461	0.00404172669887843
Master_mlimitecompra_rank_lag2	0.00217789962792404	0.00201596083030073	0.00401187642783797
Visa_mfinanciacion_limite_rank	0.00217770423337846	0.00375482694793066	0.00387257516298248
Master_mlimitecompra_rank_lag1	0.00216453031568122	0.00206603826531849	0.00416709783724836
vm_Fvencimiento	0.002154198398607	0.00243503154924095	0.00349049169366458
vm_fechaalta	0.00213777894946366	0.00194505469172381	0.0032676096698958
Visa_mlimitecompra_rank_lag2	0.00212764176719723	0.00269056461242895	0.00346661147683221
rf_012_023	0.00210567785663899	0.000454434069098463	0.000589045348531765
vm_Fvencimiento_lag2	0.00210075953929585	0.00252673600561326	0.00333527028425418
mactivos_margen_rank	0.00208883241503188	0.00269856115718351	0.00158007434707507
mactivos_margen_rank_delta1	0.00207727346285765	0.00419590153246942	0.00280592547780334
mcomisiones_rank_delta1	0.00204963966702281	0.00360782880917278	0.00252931296616173
Visa_mlimitecompra_rank_lag1	0.00204844781523621	0.00256014530040353	0.00339099079019638
Visa_mconsumototal_rank_delta2	0.00204679090132485	0.00144940159652634	0.00440590000557205
rm_e_sp_delta1	0.00204388274451451	0.00262069822748772	0.00335119042880909
mcuenta_corriente_rank	0.00203915015267964	0.00307884326861676	0.00210344909931782
mrentabilidad_annual_rank_lag1	0.00203121172909945	0.00445219645230777	0.00225071043645076
rf_006_017	0.00202830233269087	0.00260565063674506	0.00471435280632348
rf_010_019	0.00201342808584545	0.00143605110969281	0.00236613148447388
numero_de_cliente	0.00200223077722285	0.00639295318099615	0.00339696084440447
Visa_mfinanciacion_limite_rank_lag2	0.00200056458463037	0.0020547264272293	0.00341686102509811
vm_Fvencimiento_lag1	0.00199869986838886	0.0020935413641481	0.00300691730280911
rm_e_sp	0.00199865381424269	0.00291414284113661	0.00297109697756056
vm_mlimitecompra_rank_delta2	0.00197936035397859	0.00333109997944896	0.0037273038439189
e_y_ratio	0.00195239870749076	0.00127539567638936	0.00305865777261258
mrentabilidad_annual_rank	0.00195155691051149	0.00345423526337995	0.00205369864758372
Visa_mpagominimo_rank	0.00190996654074463	0.00138098391925044	0.00232832114115596
mcomisiones_otras_rank	0.0019086829939165	0.00180445644383632	0.00275617502606924
vm_fechaalta_lag1	0.00190508987422631	0.00187859475740857	0.00302084742929466
ctarjeta_visa_transacciones_tend6	0.00190004928095305	0.00298590169864784	0.00105271955869359
vm_mfinanciacion_limite_rank_delta2	0.00188746125546731	0.00292230547506605	0.00359795266941024
rf_011_016	0.00188556756166842	0.00319994602520727	0.00327158970603453
mcomisiones_rank_lag1	0.00188274009685193	0.00161812644141596	0.00252732294809237
rf_020_019	0.00186688555369288	0.00118366680815343	0.000869637896312099
Visa_cconsumos_lag2	0.00186626307763789	0.00125599473496903	0.00320790912781488
cliente_antiguedad_lag2	0.00186477393654309	0.00300849653785135	0.00271438464661259
mprestamos_personales_rank	0.00186413894406175	0.00242284449790204	0.000710436450762973
vmr_Master_mlimitecompra_lag1	0.00186114732095727	0.00197866562408253	0.00304870768226576
rf_017_021	0.00185832526701656	0.000873464593278331	0.00289945632706345
Visa_cconsumos_lag1	0.00184354685397895	0.00119387937486086	0.00294721676072819
cliente_edad	0.00183600470246681	0.00464937697497144	0.00281985560428889
e_y_ratio_lag1	0.00183059746424606	0.00169411636903117	0.00320790912781488
rf_016_015	0.00181707993567632	0.00325434701515374	0.00446759056572234
vmr_Master_mlimitecompra	0.00181615514784033	0.00223589601243522	0.00329745994093626
mrentabilidad_rank_delta1	0.0018151726606616	0.00350778972954784	0.00279796540552588
vmr_Master_mlimitecompra_lag2	0.00179797574455961	0.00192204403956825	0.00284970587532935
rf_003_013	0.00179734645545891	0.00310955700690037	0.00419893812635819
active_quarter_lag2	0.00178322700716735	0.00389193481558246	0.00422878839739865
rm_e_sp_lag2	0.0017809432135696	0.00286646765150272	0.00288751621864727
cproductos_tend6	0.00177741845573775	0.0041052948724418	0.00067461612551442
Visa_cconsumos	0.00176846026860621	0.00138305752637351	0.00318004887484378
Visa_mpagominimo_rank_lag2	0.00176654154683391	0.00113857780102693	0.00241986197234671
mcuenta_corriente_rank_lag2	0.00176351324453305	0.00456893885179449	0.0028636360018149
vm_mlimitecompra_rank_delta1	0.00175739935174798	0.00286802315185244	0.00351636192856631
ccomisiones_otras_tend6	0.00175006113842357	0.0047109818247472	0.00221688012927157
cliente_antiguedad_lag1	0.00174521856877228	0.00317433208011422	0.00261289372507502
mcomisiones_otras_rank_lag1	0.00174430046775034	0.00174123554343882	0.0026586641406704
rm_e_sp_lag1	0.00174348377254925	0.00312771707337955	0.00279398536938715
mcomisiones_rank_lag2	0.0017379977444022	0.00178695144132312	0.00264672403225421
mpasivos_margen_rank_delta2	0.00172725710384633	0.00282277189064745	0.00235817141219642
Visa_mpagospesos_rank_lag1	0.00171111920732563	0.00139445189278716	0.00379098442213855
rf_001_015	0.00167900637501461	0.00292979431205865	0.00404371671694779
rm_anclaje_pesado	0.00167385830873269	0.00237936099488217	0.000356213234416169
rf_010_015	0.00167142643748085	0.00288567661684746	0.00431833921052003
rf_002_019	0.00165808647271905	0.00171627725232658	0.00338104069984956
Visa_mpagominimo_rank_delta2	0.00165742713488678	0.0010248977260161	0.00237011152061261
mpasivos_margen_rank_delta1	0.00164750178780033	0.00225206684391213	0.00205170862951436
m_anclaje_pesado_rank_delta2	0.00164433223320453	0.00319591061877157	0.000780087083190715
Visa_msaldototal_rank_delta2	0.00162410709894661	0.00127946353364075	0.00241787195427735
Visa_msaldopesos_rank_delta2	0.00161855104716867	0.000926777522124835	0.0022984708701155
e_y_ratio_lag2	0.00161099906217999	0.00133956443561264	0.00306064779068194
cliente_antiguedad	0.0016032870471822	0.00293705333827463	0.00233429119536405
rf_008_015	0.00159823082940326	0.00351729737603609	0.00300890732087847
vmr_pagominimo_saldo_lag2	0.0015920559896194	0.00210124681033548	0.00223877032803458
ctarjeta_visa_delta2	0.0015882089072394	0.000194741696360288	4.37803975260095e-05
mcomisiones_mantenimiento_rank_lag1	0.00158598395520104	0.00278334643588241	0.00243379209883226
vmr_mpagominimo	0.00158385308407394	0.000549270102937434	0.00113630031760688
vm_msaldototal_rank	0.00158317943463101	0.000342716014655827	0.0004596941740231
mcomisiones_mantenimiento_rank_lag2	0.00157691753008218	0.00235641458059132	0.00233230117729469
mcuenta_debitos_automaticos_rank	0.0015760901466011	0.000947467498446899	0.000280592547780334
Visa_mpagominimo_rank_lag1	0.00157121932655387	0.00109173482731197	0.00216314964139874
Visa_msaldopesos_rank_delta1	0.0015638539426743	0.00107672743132967	0.00224673040031204
e_y_ratio_delta2	0.00155772031929421	0.0019234147177722	0.00253329300230046
mprestamos_personales_rank_lag2	0.00155292841278885	0.00262888778084382	0.000877597968589555
mrentabilidad_rank	0.00154247256950517	0.00382783508809439	0.00188056707554905
vm_mfinanciacion_limite_rank_delta1	0.00154162760936473	0.00255539560726322	0.00327954977831199
vmr_Visa_mlimitecompra_lag1	0.00152972808479606	0.00139790561835148	0.00214523947877447
rf_008_019	0.00151307506670913	0.00285492320006647	0.00289149625478599
mprestamos_personales_rank_lag1	0.00148526137963853	0.00229310657925441	0.000835807589132909
ctrx_quarter_delta2	0.00148347173617105	0.00182194064832674	0.00130346183543347
Visa_status	0.00148176230120432	0.00112938293615088	0.000698496342346789
vmr_pagominimo_saldo_lag1	0.00146642675464048	0.0010587089684099	0.00185270682257795
Visa_mpagominimo_rank_delta1	0.00145597000673065	0.00109078682098248	0.00224076034610394
e_y_ratio_delta1	0.00145285258522109	0.00196249597263528	0.00240593184586116
rf_009_023	0.00144883357812908	0.0013972321901739	0.00192633749114442
mprestamos_personales_rank_delta2	0.00142083391308257	0.00317457774753943	0.00085570776982655
vm_status01_delta1	0.0014129823729217	0.00158474804865245	0.000686556233930604
mcaja_ahorro_rank_delta2	0.00141047787795135	0.00195918997203424	0.00201986834040453
mpasivos_margen_rank_lag2	0.0014095217857912	0.00202358507569702	0.00121590104038145
mcuentas_saldo_rank_lag1	0.00140318312645451	0.00141599075294713	0.00112635022726006
Visa_msaldopesos_rank_lag2	0.00140116506713475	0.000806425411902892	0.00188255709361841
internet_tend6	0.00139414628483904	0.0064343382225182	0.00124973134756064
Master_fultimo_cierre	0.00138876426036554	0.00176035932539236	0.00230046088818487
vmr_Visa_mlimitecompra	0.00137740778563087	0.00176846612916843	0.00232832114115596
m_anclaje_pesado_rank_lag1	0.00137724194658129	0.00226062486153011	0.000714416486901701
vmr_Visa_mlimitecompra_lag2	0.00137681694213806	0.0015912485370515	0.00221091007506348
rf_005_018	0.00136946526528644	0.00182615836934517	0.00296910695949119
m_e_sp_rank_delta2	0.00136499879174187	0.00208161959822751	0.00201389828619644
chomebanking_transacciones_lag2	0.00135233878186172	0.00167386742879518	0.00149649358816178
rf_008_021	0.00134618567321507	0.00134060101791862	0.00191240736465887
rf_006_026	0.0013303456847457	0.000616495286488302	0.00200792823198835
mcaja_ahorro_dolares_rank_delta2	0.00131699724207375	0.0037211121729617	0.00107659977552596
mcaja_ahorro_rank_lag1	0.00131263536587719	0.000882872601012024	0.000790037173537536
m_y_sp_rank_lag1	0.00129627085883469	0.000416381652596702	0.000451734101745644
Visa_mconsumosdolares_rank_lag2	0.00129274037780868	0.00119710498594119	0.00299895723053165
mrentabilidad_rank_lag2	0.00127318826419634	0.00277836656320621	0.00204175853916754
Visa_msaldopesos_rank	0.00126262088479326	0.00098062227558951	0.00178106617208084
mcomisiones_mantenimiento_rank_delta1	0.00125753888922991	0.00495672278054662	0.00236215144833515
vmr_pagominimo_saldo	0.0012564726428605	0.000948132592664991	0.00168156526861264
Visa_msaldopesos_rank_lag1	0.00124163963316074	0.000815477640693574	0.00169350537702882
Master_mpagospesos_rank_lag2	0.00123401818820235	0.0010243432595788	0.00139898270276294
vm_fultimo_cierre	0.00123282858679788	0.0018059567040475	0.00206762877406927
mrentabilidad_rank_lag1	0.00121857454777225	0.00302877564259557	0.00190842732852014
ccaja_seguridad_lag2	0.00120679269129439	0.00141591043717828	0.000129351174508665
chomebanking_transacciones_delta2	0.00120129311073456	0.00156074956416631	0.00116814060671671
rf_017_016	0.00119194650438538	0.00179094171162425	0.0017333057384161
rf_007_025	0.00118303866810496	0.000813503156062087	0.00239996179165307
Visa_msaldototal_rank_lag2	0.00118252017727027	0.000857312937283421	0.0018387766960924
ctrx_quarter_normalizado_delta2	0.00117709380065824	0.0017927711263592	0.00123978125721382
Visa_msaldototal_rank	0.00117421311991899	0.00100911475553863	0.0017333057384161
rf_007_026	0.00117363677615867	0.000570364018163078	0.00168156526861264
chomebanking_transacciones_lag1	0.00116993145658842	0.00138310745637857	0.00124973134756064
thomebanking_delta2	0.00116829256997268	0.00262863193566279	0.00165569503371091
seguros_ratio_01_lag1	0.0011676603112817	0.00232336172851074	0.0017392757926242
Visa_msaldototal_rank_delta1	0.00116734915265486	0.000782392264045444	0.00204175853916754
mpasivos_margen_rank_lag1	0.00116367058217469	0.00143126918699236	0.000883568022797647
seguros_ratio_01	0.00116160402002608	0.00206684938820722	0.00198404801515598
Master_fultimo_cierre_lag1	0.00115299277262945	0.00119066217149186	0.0017890262443583
mcuentas_saldo_rank_lag2	0.00115072846243394	0.00145010083785277	0.00129749178122537
rm_deb_aut_lag2	0.00115028908983431	0.000904807951138334	0.00157609431093634
vmr_mpagominimo_lag1	0.00114507926505478	0.000815752808860318	0.00119799087775717
seguros_ratio_01_lag2	0.00114384690734787	0.00196636919874434	0.00185668685871668
rf_003_017	0.00114279127127814	0.00128976511883579	0.00174723586490165
Master_mpagospesos_rank	0.00114149440296598	0.00110593375547228	0.00121590104038145
rm_deb_aut	0.00113509762823608	0.000914968965299917	0.00149649358816178
cdescubierto_preacordado_delta2	0.0011312569090234	0.001276436462551	0.000228852077976868
m_deb_aut_rank_delta2	0.00112413276746918	0.000974496667863623	0.00119401084161844
chomebanking_transacciones	0.00111878368236256	0.00194555672059302	0.00122585113072827
mcaja_ahorro_rank_delta1	0.0011147466311357	0.00211604268600092	0.00150246364236987
mv_status07_rank_delta2	0.0011003274717678	0.00721473144256482	0.00220095998471666
Visa_cconsumos_delta2	0.00109808070893411	0.00078009268124215	0.00217309973174556
mactivos_margen_rank_lag1	0.00109736311046129	0.00255635393885225	0.00118804078741035
Master_fultimo_cierre_lag2	0.00108262155855193	0.00124261511615322	0.00183081662381494
mactivos_margen_rank_lag2	0.00107670760601458	0.00317575807220857	0.00138704259434676
vm_mpagominimo_rank_lag2	0.00107272552447531	0.000596264489208359	0.00095321865522539
atm_ratio_c_lag2	0.00106418380046585	0.000728612780971434	0.00159201445549126
rm_deb_aut_lag1	0.00105705743467273	0.00082704185762666	0.00132137199805774
ctrx_quarter_normalizado_delta1	0.00105168445636561	0.00105062547021965	0.000790037173537536
Visa_msaldototal_rank_lag1	0.00104895924890411	0.000770945828822969	0.00155818414831207
ccajas_transacciones_delta1	0.00103766566324143	0.00147109828565356	0.000380093451248537
m_e_sp_rank	0.001035396490942	0.00051717794250521	0.000421883830705183
mprestamos_personales_rank_delta1	0.00102979879864236	0.00286992919476355	0.00067461612551442
vm_fultimo_cierre_lag2	0.00102763582218462	0.00140714067798788	0.00169151535895946
Visa_fultimo_cierre_lag2	0.00102441111280408	0.00148045702714888	0.00157609431093634
Visa_mconsumosdolares_rank_delta1	0.0010147533233308	0.000705768512998177	0.00191240736465887
m_e_sp_rank_delta1	0.00101102796753726	0.00160086297622414	0.0016059445819768
vmr_msaldopesos2_lag2	0.00100818150692306	0.000734304654044781	0.00158803441935253
ctransferencias_recibidas_tend6	0.00100784709590068	0.00226907262012657	0.00126963152825428
rm_anclaje_pesado_delta2	0.00099785652321177	0.00331460242725946	0.000642775836404595
vm_mpagominimo_rank	0.000997578161253873	0.000563214070938957	0.000821877462647361
mcuenta_corriente_rank_delta1	0.000996298585484237	0.0034762574931901	0.00154226400375715
mv_status07_rank_lag2	0.000994442456376426	0.00721943865463731	0.00265468410453167
vmr_pagominimo_saldo_delta2	0.00098671120868648	0.00108363997133622	0.00143878306415022
ctarjeta_debito_transacciones_tend6	0.000983680486332529	0.00363824038611115	0.000989038980473943
m_inversiones_rank	0.000981438962827552	0.00090995553553021	9.55208673294753e-05
Master_mpagominimo_rank	0.00097265767165857	0.000639635594402946	0.00113033026339879
m_anclaje_pesado_rank_delta1	0.000960672908935673	0.0033818270207955	0.000762176920566439
m_deb_aut_rank_lag2	0.000959263073663488	0.000585286599513444	0.000927348420323657
vm_mlimitecompra_rank_lag2	0.000951146118257241	0.00107225526641543	0.00157609431093634
vm_mpagominimo_rank_lag1	0.000950846665558472	0.000592099795772849	0.000756206866358347
Visa_mpagosdolares_rank	0.000950054761685798	0.000715344674958665	0.00213528938842765
Master_mconsumospesos_rank_lag1	0.00094973797275195	0.000745077071074848	0.00116416057057798
m_deb_aut_rank	0.000939731213316633	0.000361435120187243	0.000652725926751415
vm_mfinanciacion_limite_rank_lag1	0.000939645479656065	0.00100836919804798	0.00141490284731785
Master_mconsumospesos_rank_lag2	0.000935963148490254	0.000719737409126304	0.00123779123914445
atm_ratio_eme_lag1	0.000933572751917761	0.000749741728327661	0.00152435384113288
m_deb_aut_rank_delta1	0.000930528726479791	0.000768410535094745	0.00108057981166469
rf_010_021	0.000928263810032727	0.000858490901893242	0.00151241373271669
rf_005_019	0.000927605649602607	0.000670605767882427	0.000491534463132925
mtransferencias_emitidas_rank	0.000927463989138002	0.000786274782888092	0.00098306892626585
mcaja_ahorro_dolares_rank_lag2	0.000926819036286039	0.00117751051965634	0.000893518113144467
Master_mconsumospesos_rank	0.000921227341850158	0.00076530152569536	0.00119401084161844
mv_status07_rank_lag1	0.000920440981198668	0.0071692473467572	0.00249946269512127
rf_017_019	0.000919884329416045	0.000762165523117462	0.00158803441935253
vmr_msaldototal	0.000916709338383753	0.000891604082990276	0.00100495912502886
Visa_cconsumos_delta1	0.000915465142263188	0.000808645563959581	0.00187260700327159
Master_cconsumos	0.000913239452501073	0.000552274237200633	0.00118406075127162
vmr_msaldopesos2	0.000911114142171995	0.00068105389801108	0.00124774132949127
rf_018_019	0.000910870497666774	0.000867646973294155	0.00159798450969935
Visa_fultimo_cierre	0.00091030763951068	0.00151913485937136	0.00163579485301727
vm_mpagospesos_rank_delta2	0.000901530703047343	0.000693701308421779	0.00126565149211555
vm_mlimitecompra_rank_lag1	0.000901226660838364	0.00107914391082133	0.00134326219682075
mtarjeta_visa_consumo_rank_delta2	0.000894033919110096	0.000749071766487214	0.000762176920566439
vm_fultimo_cierre_lag1	0.000893300954737382	0.00171811256720983	0.00166564512405773
m_y_sp_rank_delta2	0.000888646630907386	0.00108274897518976	0.00121391102231208
vmr_mpagominimo_lag2	0.000888184435096234	0.000820311853458406	0.00133132208840456
Visa_mconsumosdolares_rank_delta2	0.000885496153381145	0.000808935703752658	0.00194026761762997
vm_mfinanciacion_limite_rank_lag2	0.00088385263451407	0.00151810343969515	0.00150445366043924
mtransferencias_recibidas_rank_delta2	0.000880123726499119	0.00116990279467532	0.00123182118493636
vmr_msaldopesos2_lag1	0.000876283858553641	0.000709681860115738	0.00140097272083231
mtransferencias_emitidas_rank_lag2	0.000871351414380128	0.000981437676085764	0.000911428275768744
Master_cconsumos_lag1	0.000870530285363728	0.000592592384404767	0.00112038017305197
Master_cconsumos_lag2	0.000869974522780843	0.000586091084735327	0.00141888288345658
mcaja_ahorro_rank_lag2	0.0008679711540215	0.0010828126967915	0.000947248601017297
cproductos_delta2	0.000862768278713639	0.00140875326227248	0.000167161517826582
c_e_y_ratio_delta2	0.000848160941679315	0.00133075566169155	0.0011243602091907
foto_mes	0.000848041284845057	0.0016479231491487	0.0010467495044855
mcaja_ahorro_dolares_rank_delta1	0.000840098050772795	0.00284999347865089	0.0009193883480462
rf_007_023	0.000839557952597658	0.0010702867556841	0.00133729214261266
mv_status07_rank_delta1	0.000838306182350312	0.00931180301294969	0.00224275036417331
ccajas_transacciones_delta2	0.000832753046470653	0.000953256502711778	0.000362183288624261
rf_020_028	0.000831654139393636	0.000292571170443649	0.000682576197791876
vmr_msaldopesos	0.000831537365323372	0.000421478274457562	0.000887548058936375
c_e_y_ratio_lag2	0.000831423986590719	0.000758118611392564	0.00105470957676296
ctarjeta_visa_debitos_automaticos_tend6	0.000830419610673434	0.00202057533629292	0.000445764047537552
c_e_y_ratio_lag1	0.000827619353808064	0.000782944296671571	0.000897498149283195
tcallcenter_delta1	0.00082694612890228	0.00150582995118351	0.000618895619572226
m_anclaje_pesado_rank_lag2	0.00082637464020825	0.00260979622845042	0.000847747697549094
Master_mpagospesos_rank_delta2	0.000821638845170557	0.000662810860696318	0.000939288528739841
vmr_msaldototal_delta2	0.000821624710771198	0.000533841583869602	0.000837797607202274
vm_mconsumototal_rank_delta2	0.000819049813821892	0.000551817565721544	0.000774117028982623
vm_msaldopesos_rank_delta2	0.000813543272573642	0.00106888414292743	0.00115620049830052
vmr_mpagominimo_delta2	0.000812737989447961	0.000720231030284176	0.000889538077005739
mtransferencias_recibidas_rank_delta1	0.000812159201416963	0.000996090178147301	0.00119799087775717
vm_mfinanciacion_limite_rank	0.000811954285559336	0.00135590585512753	0.00162186472653172
rf_013_022	0.000811861272343805	0.00143934870258251	0.00153828396761843
Master_msaldopesos_rank_lag2	0.000802600561208041	0.000709643214144316	0.00113033026339879
rm_y_sp_delta2	0.000799518721971317	0.00119420285049188	0.000913418293838108
vmr_msaldopesos2_delta1	0.000795480619994622	0.00139222480805621	0.00107062972131787
vmr_msaldopesos2_delta2	0.000794859756013417	0.000886679745460029	0.00125769141983809
Master_msaldopesos_rank	0.000788382748439845	0.000726339970091091	0.00123779123914445
Master_msaldototal_rank_lag1	0.000785160393668855	0.000742114754112786	0.00101092917923695
m_e_sp_rank_lag2	0.000780374459358764	0.00123629074718119	0.00074824679408089
vmr_pagominimo_saldo_delta1	0.000778400039009939	0.000911136523966038	0.0011741106609248
Master_mpagominimo_rank_lag1	0.000778129245297714	0.0006809405414117	0.00112635022726006
ctrx_quarter_delta1	0.000765014357935984	0.000900181644849528	0.0007920271916069
rf_014_021	0.000761222644702691	0.00113132312617033	0.000776107047051987
c_e_y_ratio_delta1	0.000760169416701904	0.00102448405186781	0.000989038980473943
chomebanking_transacciones_delta1	0.000745662808020183	0.00233841595692024	0.000933318474531749
c_e_sp_delta2	0.000745417625226761	0.00140059534846168	0.000708446432693609
Master_msaldototal_rank_delta2	0.000743525291097828	0.000684194768211332	0.00105669959483232
vmr_msaldototal_lag2	0.000742518692825221	0.000543924789825365	0.00101092917923695
Master_Fvencimiento_delta2	0.000739392946727796	0.000991926443485892	0.00106465966710978
mtransferencias_recibidas_rank_lag2	0.000739303435570039	0.000729949975833734	0.000975108853988394
Master_mpagominimo_rank_lag2	0.000738309897546934	0.000688142041181668	0.0011243602091907
internet_lag1	0.000735347497088372	0.00327308979503024	0.000670636089375692
cpagomiscuentas_tend6	0.000734042458298232	0.00160280523129549	0.000394023577734086
mcaja_ahorro_dolares_rank	0.00073395917737467	0.00157536408402312	0.000597005420809221
vmr_mconsumospesos_lag2	0.000727321152979448	0.000508491891668934	0.000853717751757186
rf_018_021	0.000727295416155658	0.000467567872985356	0.0011243602091907
Master_msaldototal_rank	0.000727044022645335	0.000898023149342664	0.00111640013691324
vm_mpagominimo_rank_delta2	0.000725868690889216	0.000709120387252317	0.00103281937799995
rm_deb_aut_delta2	0.000724128233688767	0.00108648428533211	0.000776107047051987
Master_mpagospesos_rank_delta1	0.000720162633028092	0.000425294195376177	0.000893518113144467
ccaja_seguridad_lag1	0.00071885033896451	0.000634295591424355	6.56705962890143e-05
rm_y_sp_lag2	0.000713672040041131	0.000899254805302094	0.000756206866358347
Master_mpagospesos_rank_lag1	0.000710501708357309	0.000795825574210854	0.00110446002849706
rf_015_021	0.00069922298337863	0.00072552597088006	0.00126167145597682
vmr_msaldopesos_delta2	0.000697929847757502	0.000606246950131751	0.000811927372300541
vm_status06	0.000697361735047714	0.000760043682281966	0.000758196884427711
Master_msaldopesos_rank_delta2	0.000696718397685333	0.000708662756999128	0.00103281937799995
vm_mpagospesos_rank_delta1	0.000687795722221644	0.000581619878595184	0.000957198691364118
vmr_mpagospesos	0.000685329380350173	0.000372349952047109	0.00074824679408089
atm_ratio_c	0.00068189468060436	0.000631324792999099	0.00132137199805774
vm_msaldopesos_rank	0.000680493689131178	0.000359602312867017	0.000493524481202289
mautoservicio_rank	0.000678822877518117	0.000556263991238791	0.000489544445063561
rm_y_sp_lag1	0.000675779793666377	0.00102039878917891	0.000644765854473959
vmr_msaldopesos_lag2	0.000671989314613813	0.000551194952571275	0.0010188892515144
Master_cconsumos_delta1	0.000659823182229361	0.000302671708085068	0.000925358402254292
mcaja_ahorro_dolares_rank_lag1	0.00065751812109025	0.00126057730640849	0.000762176920566439
rf_009_020	0.000656916557337466	0.000631765386574047	0.00124575131142191
m_ganchos_liviano_rank	0.000655907261781648	0.000968085271704036	9.55208673294753e-05
vmr_msaldototal_lag1	0.000651176899647383	0.000480681616368	0.000897498149283195
thomebanking_delta1	0.000650927343858723	0.00160083908062349	0.00115023044409243
Master_status_delta1	0.000649908880614786	0.00102253434785922	0.000473624300508649
ctarjeta_master_delta2	0.000649679687639547	0.00119963467452852	0.000143281300994213
Master_msaldopesos_rank_lag1	0.000646428380626173	0.000531027729389357	0.00102883934186122
vmr_mpagospesos_lag2	0.000642926162529568	0.000432241103746627	0.000837797607202274
vm_fultimo_cierre_delta2	0.000642405697481337	0.000769195402323502	0.00109251992008087
cajas_ratio_01	0.000638426517414454	0.00211888522995232	0.000372133378971081
vmr_mpagospesos_delta2	0.000638181990359833	0.000818938520187716	0.000857697787895914
vmr_mconsumospesos	0.000634709550527072	0.000547510088696966	0.000718396523040429
rf_001_018	0.000634151318647429	0.000705292297277815	0.00101490921537568
c_e_y_ratio	0.000633953103478735	0.00051708236010261	0.000788047155468172
vmr_mpagospesos_lag1	0.000633370265764781	0.000376361536634009	0.000716406504971065
m_y_sp_rank_delta1	0.000627433181777016	0.00070786756451083	0.000911428275768744
mtransferencias_emitidas_rank_delta2	0.000627233057849869	0.000864233147482775	0.000575115222046216
mtransferencias_recibidas_rank_lag1	0.000626029306437214	0.000545971920032903	0.000799987263884356
ccaja_ahorro_tend6	0.00062424092862181	0.00284547669386506	0.000230842096046232
Master_msaldototal_rank_delta1	0.000622064472511504	0.000846927127471279	0.000937298510670477
ctransferencias_emitidas_tend6	0.000618340870002208	0.00152760002340533	0.000622875655710954
rf_020_025	0.000607659319263246	0.000504633858441766	0.000346263144069348
ctrx_quarter_lag2	0.000607241823144853	0.000692509330959725	0.000640785818335231
Master_mconsumospesos_rank_delta2	0.000603637514440474	0.000480796079245187	0.000778097065121351
m_deb_aut_rank_lag1	0.000602509936851407	0.000315934061453236	0.000662676017098235
vm_mpagominimo_rank_delta1	0.000601622833687642	0.000582845486902597	0.000895508131213831
rf_015_017	0.000598937525496958	0.00144443949804692	0.00109848997428897
mtarjeta_visa_consumo_rank_delta1	0.000598624470914548	0.000409181627863812	0.000664666035167599
vm_msaldototal_rank_delta1	0.000597785812007846	0.000699773077294349	0.000877597968589555
mttarjeta_visa_debitos_automaticos_rank_lag2	0.000597741131779719	0.000341168332002616	0.000813917390369905
Master_msaldototal_rank_lag2	0.000596103625628859	0.000823053726129287	0.00110844006463579
rf_013_016	0.000593506116505413	0.00233233378903628	0.00141490284731785
mtransferencias_recibidas_rank	0.000591521596535595	0.000615383034780269	0.000680586179722512
Visa_fultimo_cierre_delta2	0.000588275558136961	0.000706879363420986	0.000933318474531749
vmr_mconsumospesos_lag1	0.000586136200248197	0.000455774877801602	0.000799987263884356
Master_fechaalta_delta2	0.00058408708300586	0.000498726408699591	0.00098306892626585
mttarjeta_visa_debitos_automaticos_rank_delta1	0.000583339735780658	0.00050568017599245	0.000591035366601129
Master_mconsumototal_rank_delta2	0.000582058478496892	0.000421923809406718	0.00080197728195372
vm_mconsumospesos_rank_delta2	0.000581765817234242	0.000503834019586676	0.000716406504971065
Master_mpagominimo_rank_delta2	0.000580904418837037	0.000583367576276058	0.000853717751757186
ctrx_quarter_normalizado_lag2	0.000578909922540287	0.000800928096220022	0.000696506324277424
c_e_sp_lag2	0.00057633194216056	0.000662420344630139	0.000597005420809221
rf_007_021	0.000575173980454023	0.0019630325173721	0.000929338438393021
rf_011_024	0.000572330263298275	0.000805820204190133	0.00110247001042769
vm_mconsumospesos_rank_delta1	0.000570761140572725	0.000587176195761141	0.000692526288138696
rm_pagos_lag2	0.000568821113730291	0.000617949009279698	0.000569145167838124
vm_status04_delta1	0.000567258773267791	0.0018980308784632	0.000193031752728315
cproductos	0.000567248271460991	0.000466451122414238	4.37803975260095e-05
mttarjeta_visa_debitos_automaticos_rank_lag1	0.000565850651847581	0.000319269267788404	0.000616905601502862
mttarjeta_visa_debitos_automaticos_rank_delta2	0.000562830393989639	0.000581206425702456	0.000652725926751415
Master_mconsumospesos_rank_delta1	0.00056135610886843	0.000433656991836993	0.000875607950520191
vm_msaldopesos_rank_delta1	0.00055789362857109	0.000756622628788908	0.000911428275768744
rm_anclaje_pesado_lag1	0.000556772205581387	0.00300895217680448	0.000618895619572226
vmr_msaldopesos_lag1	0.000554942088239186	0.000433992931531316	0.000732326649525978
cprestamos_personales_tend6	0.000549673900920603	0.00702473619426327	0.000913418293838108
ctarjeta_visa_transacciones	0.000543550432104482	0.000390109840967247	0.00023482213218496
rf_004_021	0.000533884772218833	0.00151297680082977	0.0012795816186011
Master_msaldopesos_rank_delta1	0.000525476771207464	0.000694138730667011	0.000939288528739841
mttarjeta_visa_debitos_automaticos_rank	0.000521432645814492	0.000283042062165921	0.00057710524011558
cprestamos_personales_delta2	0.000516439842219071	0.00136460149370481	0.000129351174508665
mautoservicio_rank_delta2	0.000512981853849033	0.000772308099315581	0.000626855691849682
vm_mpagospesos_rank_lag2	0.000512443027940333	0.0002917922033632	0.00056715514976876
vm_msaldopesos_rank_lag2	0.000511841989415198	0.000610214209854483	0.000602975475017313
cmobile_app_trx_lag2	0.00051172582657311	0.00131766419136877	0.00056715514976876
contactos_delta2	0.000510878233114482	0.00218286459441489	0.000314422854959523
c_anclaje_pesado_lag2	0.00051014914728081	0.0051829711951232	0.000702476378485517
vm_msaldototal_rank_lag2	0.000507149931318235	0.000615819055740278	0.000608945529225405
seguros_ratio_01_delta2	0.000506677975096341	0.00173399554520114	0.000696506324277424
vmr_msaldopesos_delta1	0.000504470218634221	0.000470635655098435	0.000680586179722512
rf_020_027	0.000502527928956107	0.000382489356915512	0.000969138799780302
mautoservicio_rank_delta1	0.000500854257668367	0.00107067151910568	0.000583075294323673
mcuenta_debitos_automaticos_rank_lag2	0.000500602115326332	0.000525952421814262	0.000425863866843911
mautoservicio_rank_lag2	0.000492189876727563	0.000540962694118865	0.000714416486901701
mcuenta_debitos_automaticos_rank_lag1	0.000487361257203621	0.000376847782606495	0.000326362963375707
rf_003_015	0.000483118158378245	0.00115545414273784	0.000718396523040429
cproductos_lag2	0.00048227633505511	0.00143944258869247	0.000358203252485533
vmr_mconsumospesos_delta2	0.000481073987501011	0.000423434689884854	0.000521384734173386
mautoservicio_rank_lag1	0.000479832081082928	0.000472382541508916	0.000640785818335231
vmr_mpagominimo_delta1	0.000476058255464913	0.000615489089946117	0.000642775836404595
vm_mconsumospesos_rank_lag2	0.000473721458865969	0.000484474600460065	0.000626855691849682
c_e_sp_delta1	0.000471166866330049	0.000942128749249824	0.000390043541595358
m_y_sp_rank_lag2	0.000470825018194279	0.000397244374053912	0.000489544445063561
Master_mpagominimo_rank_delta1	0.00046775933727549	0.00060058597908517	0.000766156956705167
vmr_msaldototal_delta1	0.000465646714694929	0.000438482501883071	0.000692526288138696
Visa_msaldodolares_rank	0.000461658811756292	0.00101829590256986	0.000600985456947949
mpayroll_sobre_edad_rank_delta2	0.000458799905542044	0.000912100313192255	0.00027860252971097
Visa_mpagado_rank_lag2	0.000457575422973647	0.00055116943442984	0.000835807589132909
cextraccion_autoservicio_tend6	0.000456365745899967	0.00155612996929621	0.000535314860658935
rf_005_020	0.000452875548698703	0.000673898714405335	0.000975108853988394
m_pagos_rank_lag2	0.000452863044118861	0.000372732576664924	0.00040596368615027
cplazo_fijo_tend6	0.000451584067452725	0.00156437808162428	0.000141291282924849
vmr_mpagospesos_delta1	0.00044324151385098	0.000483265291312354	0.000672626107445056
mtarjeta_visa_consumo_rank_lag1	0.000443111913742017	0.000396137727486772	0.000481584372786105
mtarjeta_visa_consumo_rank_lag2	0.00044215318141368	0.000268911575725991	0.000535314860658935
rm_deb_aut_delta1	0.000433230978936443	0.000620264227476009	0.000579095258184944
c_anclaje_pesado_delta2	0.000431930622463026	0.00172014708585036	0.000163181481687854
Visa_mpagado_rank_delta2	0.000430206857277848	0.00059864910789915	0.000565165131699396
Master_mconsumosdolares_rank_delta2	0.000426327319910014	0.000283511861474997	0.000688546251999968
rm_anclaje_pesado_delta1	0.00042267706073613	0.00289905040926681	0.000571135185907488
rf_020_017	0.000422300599061378	0.0011143663949387	0.000941278546809205
rf_013_017	0.000422102897695926	0.000830517266236012	0.000704466396554881
vmr_mconsumospesos_delta1	0.000418118144526695	0.000298719788747939	0.000388053523525994
m_e_sp_rank_lag1	0.000417184895175143	0.000725323300785658	0.000598995438878585
vm_msaldototal_rank_lag1	0.000415944094273144	0.000644836427633307	0.000497504517341017
m_pagos_rank	0.000415638684112153	0.000291440185764736	0.000280592547780334
mpagomiscuentas_rank	0.000415250145100749	0.000297115980933942	0.00035223319827744
mcuenta_debitos_automaticos_rank_delta2	0.000413006774487694	0.00120857295670499	0.000461684192092464
ctarjeta_visa_transacciones_lag1	0.000409611768815947	0.000281013001162579	0.000294522674265882
vm_Fvencimiento_delta2	0.000407399805991494	0.000762162868050723	0.000579095258184944
Visa_mpagado_rank_delta1	0.000391917440228639	0.000509721630080163	0.000473624300508649
Master_cconsumos_delta2	0.000391900900011683	0.000275028480733123	0.000656705962890143
mextraccion_autoservicio_rank_lag2	0.000386659243447303	0.00032586895243089	0.000487554426994197
mtransferencias_emitidas_rank_delta1	0.00038500977663061	0.000749964385174458	0.000471634282439285
mpayroll_sobre_edad_rank_lag2	0.000381330012393729	0.00130969744236317	0.000398003613872814
rf_005_024	0.000381329364230052	0.000260369931019569	8.95508131213831e-05
vm_msaldopesos_rank_lag1	0.000379818314074878	0.000443896182963666	0.000469644264369921
rm_pagos_lag1	0.000379412813413252	0.000409889719412703	0.000435813957190731
vm_mconsumospesos_rank	0.000377659017424419	0.000205881176367006	0.000336313053722528
ctrx_quarter_normalizado_lag1	0.000377136063803195	0.000778087515839458	0.000477604336647377
ccallcenter_transacciones_delta2	0.000377101317865417	0.00193392627449517	0.000232832114115596
mextraccion_autoservicio_rank_lag1	0.000372822780517616	0.000910441043984157	0.000469644264369921
m_pagos_rank_delta2	0.000372746924945266	0.000400924812816989	0.00028855262005779
vm_mconsumospesos_rank_lag1	0.000367567927904592	0.000208128100346645	0.000378103433179173
vmr_Visa_mlimitecompra_delta2	0.000366713329588812	0.000980851717606862	0.000435813957190731
vm_Finiciomora_lag1	0.000365398078429424	0.00296951956810962	0.000348253162138712
rf_017_020	0.000361763547496063	0.000689323767136035	0.000481584372786105
Visa_mpagado_rank_lag1	0.000360804789006045	0.00050417150806993	0.000573125203976852
rm_pagos	0.000358895934923862	0.000478561471825143	0.00040596368615027
m_pagos_rank_lag1	0.000357677969297003	0.000261508438387575	0.000340293089861256
Visa_mpagado_rank	0.000356176344551599	0.000463709397247065	0.000547254969075119
ctarjeta_master_transacciones_tend6	0.00034914891072696	0.00163220220398033	0.000290542638127154
vmr_Master_mlimitecompra_delta2	0.000344729639213034	0.000667237668220438	0.00051342466189593
mcuenta_debitos_automaticos_rank_delta1	0.000336377540256539	0.0014392023051526	0.000429843902982639
rf_015_025	0.00033517637365125	0.00105845887587347	0.000969138799780302
rf_004_025	0.000333947711395155	0.000449211405319361	0.000547254969075119
vm_fechaalta_delta2	0.000329650319933339	0.000494565476608629	0.000608945529225405
cpayroll_trx_tend6	0.000328912039338956	0.00109803869326863	0.00027860252971097
vmr_Master_mlimitecompra_delta1	0.000318515790677735	0.000644504913050215	0.000543274932936391
rm_pagos_delta2	0.000318169396562546	0.000379581690077158	0.000276612511641606
ctarjeta_visa_transacciones_lag2	0.0003168417207383	0.000282729206801855	0.00035223319827744
rf_014_017	0.00031459543495279	0.000785769582689165	0.000646755872543323
rf_016_027	0.000312508133236288	0.000535208426977153	0.000533324842589571
rf_012_013	0.000311282961023443	0.000331591580027296	0.000210941915352591
ccomisiones_mantenimiento_lag2	0.000309387392898367	0.00053508658891458	0.000129351174508665
m_tax_rank_delta2	0.000308759039969783	0.000347043552184655	0.000262682385156057
vm_mpagospesos_rank	0.000308604630949858	0.000171793880784215	0.000340293089861256
ccajas_consultas_delta2	0.000307590961443908	0.000755644457951189	9.15408311907472e-05
vm_mpagospesos_rank_lag1	0.000302596113867405	0.000233298649294292	0.000372133378971081
cajas_ratio_01_delta2	0.000299987338495502	0.00192831161961281	0.000300492728473975
mpayroll_rank_delta2	0.000298086771054004	0.000888725179374928	0.000246762240601145
rf_006_022	0.000297517437874574	0.000457847378646867	0.000437803975260095
rf_006_009	0.000294579979771885	0.00102187294123382	0.000481584372786105
atm_ratio_c_delta2	0.00029408670679922	0.000518385481608428	0.000360193270554897
cproductos_delta1	0.000291516593187686	0.00136059204792167	0.000139301264855485
atm_ratio_eme_delta1	0.000288789643113677	0.000347068849070528	0.000244772222531781
rf_013_024	0.000287691410967365	0.000102869085761188	0.000133331210647393
rf_001_009	0.000285834607113254	0.00148180683357819	0.00067461612551442
ctarjeta_debito_transacciones	0.000284972505311294	0.000365385638239148	0.000195021770797679
mpagomiscuentas_rank_delta2	0.000283627372962132	0.000441092284983691	0.000258702349017329
c_e_sp_lag1	0.000281666578595965	0.000454913529900395	0.000398003613872814
ccuenta_debitos_automaticos_tend6	0.0002808540812903	0.0020818163681736	0.000292532656196518
c_e_sp	0.000276800475517931	0.000319161811337333	0.000226862059907504
ctarjeta_debito_tend6	0.000276513217173308	0.00236886780237081	0.000276612511641606
seguros_ratio_01_delta1	0.000266720867161559	0.000970652573736834	0.000425863866843911
ccallcenter_transacciones_delta1	0.000266464343224398	0.00105439979509269	0.000151241373271669
vm_mconsumosdolares_rank_lag2	0.000263579823267029	0.000313090042464762	0.000163181481687854
vmr_mconsumosdolares_lag2	0.00026163119213284	0.000205862664651688	0.00018109164431213
cajas_visitas_delta2	0.000258274694213997	0.00147556801675663	0.000147261337132941
mtarjeta_master_consumo_rank	0.000255983431714023	0.000270499453139555	0.000149251355202305
cliente_edad_tend6	0.000250874021386449	0.00120800993505264	0.000429843902982639
vm_cconsumos_lag1	0.000249138167382435	0.000203185619860349	0.000155221409410397
Visa_msaldodolares_rank_delta2	0.000248031321532858	0.000405195708922054	0.000350243180208076
matm_rank_lag2	0.000245248271859895	0.000578516621840399	0.000340293089861256
rf_003_020	0.000244115415269385	0.000350944877750037	0.000218901987630048
cpayroll_trx_lag2	0.000242462528350936	0.000187801868167809	3.18402891098251e-05
Visa_msaldodolares_rank_delta1	0.000239962156950384	0.000566137078162913	0.0003323330175838
vm_mconsumosdolares_rank_lag1	0.000239725517325185	0.000302180668242081	0.000165171499757218
vm_cconsumos_delta2	0.000238535694695823	9.70901117484336e-05	6.76606143583784e-05
ctarjeta_debito_lag1	0.000237016054611927	0.0012563048615145	0.000316412873028887
mpayroll_rank_delta1	0.000235677170341878	0.0007993094642834	0.000254722312878601
Visa_msaldodolares_rank_lag2	0.00023243529175858	0.000446769776445536	0.000612925565364134
vm_cconsumos_lag2	0.000231928540077877	0.000207988783094707	0.000202981843075135
vmr_mpagado_lag2	0.000230554590739405	0.000304063774326639	0.000252732294809237
matm_rank	0.000229181056225698	0.000257327667047925	0.00028855262005779
mextraccion_autoservicio_rank	0.000228794337188128	0.000460014429368778	0.000334323035653164
ctarjeta_debito_delta1	0.000228443247626547	0.00128826891497657	0.000101490921537568
ccomisiones_otras	0.000222294246196315	0.00018028072786322	1.59201445549126e-05
mpayroll_sobre_edad_rank_lag1	0.000218549225031701	0.000752321568175615	0.000204971861144499
mextraccion_autoservicio_rank_delta2	0.000218116393744962	0.000392939920855341	0.000264672403225421
ctarjeta_debito_lag2	0.000217332037857195	0.00170157732782301	0.000318402891098251
rm_ganchos_liviano	0.000214991463691311	0.000238502580102515	4.37803975260095e-05
Master_msaldodolares_rank_lag2	0.000214074072455382	0.000180923770277008	0.000437803975260095
mpayroll_sobre_edad_rank	0.00020859686062926	0.00236997120385638	0.000294522674265882
vm_mpagado_rank_lag2	0.000207610170050644	0.000370017697172556	0.000175121590104038
atm_ratio_c_delta1	0.000203236662486432	0.000244705774778661	0.000228852077976868
vm_Finiciomora_lag2	0.000202018653684295	0.00178499067453645	0.000310442818820795
cdescubierto_preacordado_delta1	0.000201842324552085	0.00134873009475456	0.000202981843075135
vmr_mconsumosdolares_lag1	0.000199529279290526	0.000196906165767314	0.000173131572034674
mpayroll_rank_lag1	0.000198734323262008	0.000850744007163994	0.000272632475502878
mtarjeta_master_consumo_rank_lag2	0.000196788860620042	0.000179108663401708	0.000135321228716757
mpayroll_rank_lag2	0.000196397584645117	0.000892357163170021	0.000302482746543339
ccomisiones_otras_lag2	0.000195307983730447	0.000341592847673423	0.000135321228716757
mpagomiscuentas_rank_delta1	0.000191635202509292	0.000417882281567152	0.000189051716589587
ccaja_ahorro_lag1	0.000190362169899707	0.000525098375346586	0.000145271319063577
m_ganchos_liviano_rank_lag1	0.000189725552268268	0.000216496428196501	7.16406504971065e-05
Master_mpagado_rank_delta2	0.00018432288402534	0.000300564765124052	0.000360193270554897
c_anclaje_pesado	0.000183508009671064	0.00306836113888348	0.000334323035653164
ccomisiones_mantenimiento_delta1	0.00018205497977687	0.00155562845668997	0.000135321228716757
m_tax_rank_delta1	0.000181965167431282	0.000360990396508479	0.000222882023768776
rf_020_020	0.000181584552527117	0.000322099273924644	0.00022487204183814
cseguro_vida_lag2	0.000181121466935658	0.000826986691239974	0.000113431029953752
cliente_edad_delta2	0.000178589186373157	0.00129262853456183	0.000318402891098251
vmr_Visa_mlimitecompra_delta1	0.000178304981228299	0.000475793048486874	0.000336313053722528
rf_016_021	0.000175005644808901	0.000241638803935974	0.000179101626242766
m_inversiones_rank_lag1	0.000174141761219437	0.000334036011471567	8.75607950520191e-05
atm_ratio_eme_delta2	0.00017285878205294	0.000523446997586851	0.000310442818820795
cproductos_lag1	0.000171941867252499	0.000963117863091136	0.000304472764612703
mtarjeta_master_consumo_rank_delta1	0.000171421074174499	0.000225591211806858	0.00010746097574566
vm_cconsumos	0.000170668728728348	0.000210493912314703	7.56206866358347e-05
matm_other_rank_lag2	0.000170555202433577	0.000169710317160871	0.000177111608173402
rf_015_027	0.000169858492201933	0.000437800444738591	0.000326362963375707
ctarjeta_visa_transacciones_delta2	0.000167294694111766	0.000184121650660293	8.15907408439269e-05
ccaja_ahorro_lag2	0.000163493756809178	0.000512142387179345	0.000147261337132941
ctarjeta_debito_transacciones_delta2	0.000161126141249935	0.00108680672843718	0.00021492195149132
vm_mpagado_rank_delta2	0.00015767468964672	0.000408948498253766	0.00011741106609248
Master_msaldodolares_rank_delta1	0.000156632358909084	0.000124054600789324	0.00018109164431213
visitas_delta2	0.00015468883157051	0.000238124380595931	7.56206866358347e-05
mextraccion_autoservicio_rank_delta1	0.000152915526303996	0.000569316594334586	0.00022487204183814
rm_pagos_delta1	0.000152572068273573	0.000356259067579778	0.000197011788867043
ccomisiones_mantenimiento_delta2	0.000149985951403732	0.0012188012325573	0.000145271319063577
mpayroll_sobre_edad_rank_delta1	0.000149773500058836	0.000596905466570239	0.000216911969560684
matm_rank_delta1	0.000147796649125761	0.000315602546870144	0.000153231391341033
vm_status06_delta2	0.000147232754225736	0.00106338476219265	0.000157211427479762
matm_rank_delta2	0.000147004155751327	0.000696268684206431	0.000248752258670509
vmr_mconsumosdolares	0.000145898521219014	0.000157354521580327	0.000105470957676296
rm_p_sp_lag2	0.000144750885398106	0.00033416566723065	5.5720505942194e-05
vmr_mconsumosdolares_delta1	0.00014206641372648	0.000627696275541138	9.35308492601113e-05
contactos_delta1	0.000140630894756348	0.00118347822466311	0.000212931933421956
cajas_ratio_04_delta1	0.000136421992529189	0.0022960388054601	0.000274622493572242
cajas_visitas_delta1	0.000135745219225459	0.00130045980141189	0.000129351174508665
vmr_mpagado_delta2	0.00013420055395135	0.00037437938180972	0.000113431029953752
mtarjeta_master_consumo_rank_delta2	0.000130210806971033	0.000296638585183919	0.00011741106609248
c_deb_aut_lag2	0.000129740094976778	0.00051159536967928	0.000103480939606932
rm_ganchos_liviano_lag1	0.000125896962948937	0.000247660716555337	9.15408311907472e-05
ctarjeta_master_debitos_automaticos_tend6	0.000125647214974695	0.000853681469751305	0.000123381120300572
ccomisiones_mantenimiento_lag1	0.000123633542744971	0.000280271205016475	8.35807589132909e-05
cpagomiscuentas_delta2	0.00011982286783737	0.00040525279285694	4.57704155953736e-05
rf_004_020	0.000115126098989964	0.000239655174074609	0.000101490921537568
cprestamos_personales_delta1	0.000112825587336892	0.00206048379194888	0.000155221409410397
ctransferencias_recibidas_delta2	0.000112255668697603	0.000726926371081116	0.000101490921537568
ctarjeta_visa	0.000111518423272117	0.000156951762706408	3.38303071791892e-05
ctarjeta_debito_transacciones_delta1	0.000110306452219949	0.000241733575068182	0.000101490921537568
vmr_mpagado_lag1	0.000109643536735512	9.85951658301145e-05	8.5570776982655e-05
ccaja_ahorro_delta1	0.000108502663464697	0.00035145553558615	3.78103433179173e-05
vmr_mconsumosdolares_delta2	0.000107956316176047	0.00027373826580173	9.35308492601113e-05
ccomisiones_otras_delta2	0.000107345009312423	0.000678900417630279	0.000157211427479762
matm_other_rank_lag1	0.000103862502216517	0.00021711520625037	0.000153231391341033
vmr_msaldodolares2_delta2	0.000103152517052567	0.0004943431885211	8.35807589132909e-05
mtarjeta_master_consumo_rank_lag1	0.000100538450084622	9.55365289469141e-05	0.000111441011884388
rf_011_018	9.95843696448104e-05	0.000452265985850599	0.000103480939606932
ctarjeta_master_tend6	9.95801852929397e-05	0.00178100991822446	0.000268652439364149
matm_other_rank_delta2	9.82018264566271e-05	0.000382886879407806	0.000145271319063577
contactos_lag2	9.77042773552936e-05	0.000596272601912283	0.000131341192578029
ctarjeta_debito_delta2	9.65036506703658e-05	0.00187655212606412	0.000141291282924849
vm_mpagado_rank_delta1	9.53560444304341e-05	0.000219744386088555	6.16905601502862e-05
matm_other_rank_delta1	9.49009048996367e-05	0.000329743063562199	8.75607950520191e-05
vm_mconsumosdolares_rank_delta2	9.16108142433391e-05	0.00012891698676233	7.76107047051987e-05
ctransferencias_emitidas_lag1	8.99450191791914e-05	0.000327363533749323	5.5720505942194e-05
ctarjeta_master_transacciones_delta2	8.89513050922832e-05	0.00010875927756956	2.38802168323688e-05
c_ganchos_liviano_delta2	8.79609784203869e-05	0.00137839220535401	0.000103480939606932
vm_status05_delta1	8.7228818568075e-05	0.000999736764809458	0.000119401084161844
cprestamos_personales	8.68568356468334e-05	0.00247591242309002	0.000280592547780334
ctarjeta_visa_transacciones_delta1	8.64732534625194e-05	0.000356115472720317	5.97005420809221e-05
ctarjeta_visa_debitos_automaticos_lag2	8.49532722290204e-05	0.000282420702797167	6.36805782196502e-05
c_y_sp_lag2	8.348073884391e-05	0.000158220515848328	6.96506324277424e-05
rf_014_020	8.25180521835611e-05	0.000160095656732668	8.5570776982655e-05
ctransferencias_recibidas_lag1	8.16455881620627e-05	0.000330194572411518	8.15907408439269e-05
ctransferencias_emitidas_delta1	7.68051201807278e-05	0.000547667327649391	6.76606143583784e-05
contactos_lag1	7.63641352848128e-05	0.000544123919830782	0.000101490921537568
vm_status03_delta1	7.6198101700624e-05	0.000466802107486748	6.96506324277424e-05
c_p_sp_lag2	7.42221632562707e-05	0.000479516632084458	4.37803975260095e-05
c_ganchos_liviano	7.31211603275894e-05	0.000442348279054893	2.9850271040461e-05
ccomisiones_otras_lag1	7.25431449466983e-05	0.000874110290758858	0.000135321228716757
ccaja_ahorro	7.14226453057405e-05	0.000836222488394908	6.16905601502862e-05
vm_msaldodolares_rank_delta2	7.14091750285349e-05	0.000352285243942053	5.5720505942194e-05
vmr_msaldodolares2_lag1	6.98695996297875e-05	0.000127256611276424	7.76107047051987e-05
vm_mconsumosdolares_rank_delta1	6.77687901021065e-05	0.000190163033769074	5.37304878728299e-05
vmr_msaldodolares_lag1	6.76933231860896e-05	0.000238687402248283	4.57704155953736e-05
visitas_lag2	6.56971738426935e-05	0.000350536587487079	7.76107047051987e-05
visitas_lag1	6.48669820256832e-05	0.00132893635096058	0.000153231391341033
cseguro_vivienda_lag2	6.391356373244e-05	0.000146727321950507	6.76606143583784e-05
vmr_mpagado_delta1	6.37195103911225e-05	8.13374532828958e-05	4.97504517341018e-05
c_ganchos_liviano_lag2	6.34602709468292e-05	0.000271594151906369	3.38303071791892e-05
mcheques_emitidos_rank	6.32515707341433e-05	0.000244587108045803	1.99001806936407e-05
c_seguros_lag2	6.31055086344916e-05	0.000219954210112781	7.76107047051987e-05
c_y_sp_lag1	6.26019148273268e-05	0.000282683849411733	5.97005420809221e-05
ccallcenter_transacciones	6.15553026680529e-05	0.000190292837031864	1.39301264855485e-05
cseguro_vida_tend6	6.01470463266465e-05	0.0016525683359121	0.000173131572034674
hb_cajas_lag1	5.89853189792125e-05	0.000622190625898781	7.16406504971065e-05
cextraccion_autoservicio_lag2	5.86214439793786e-05	7.32853733823832e-05	3.38303071791892e-05
ctarjeta_visa_tend6	5.83441835679021e-05	0.000662971270978459	0.000149251355202305
c_deb_aut_lag1	5.7415452706303e-05	0.000160127148774266	4.37803975260095e-05
c_y_sp_delta1	5.72594201858732e-05	0.000272024125214362	6.16905601502862e-05
mcheques_emitidos_rank_delta2	5.65176112507833e-05	0.000275277393239894	2.7860252971097e-05
ctransferencias_recibidas_lag2	5.44848185928175e-05	0.000289223942556302	7.36306685664706e-05
cinversion2_lag2	5.29168663545929e-05	0.000484521064127995	4.17903794566455e-05
cforex_tend6	5.1756694598551e-05	0.000440424609450714	6.76606143583784e-05
estado_delta2	5.1495004268191e-05	0.000744296186446199	9.95009034682035e-05
cajas_ratio_03_delta1	5.09164069930099e-05	0.000336595200800441	4.17903794566455e-05
vmr_mpagado	4.89502844143178e-05	5.60169668163551e-05	4.37803975260095e-05
visitas_delta1	4.88607535263819e-05	0.000513125425639419	8.5570776982655e-05
mtarjeta_visa_descuentos_rank_delta1	4.88534912923058e-05	0.000356103967431115	6.36805782196502e-05
vmr_msaldodolares2_delta1	4.85858947622094e-05	0.000352722076172454	4.97504517341018e-05
ctarjeta_visa_debitos_automaticos_lag1	4.85620509786174e-05	0.000178245176696738	3.98003613872814e-05
ccaja_seguridad	4.80161992890219e-05	0.000767240388181434	5.17404698034658e-05
cseguro_accidentes_personales_tend6	4.78923455452992e-05	0.00132669849845896	0.000165171499757218
ccomisiones_otras_delta1	4.70063205441779e-05	0.000302955210211299	7.16406504971065e-05
vmr_mpagosdolares_delta1	4.42839644176104e-05	0.000198107214707392	3.18402891098251e-05
ccajeros_propios_descuentos_tend6	4.41000362474682e-05	0.000202490139878467	2.58702349017329e-05
vmr_mpagosdolares_lag2	4.34050171967147e-05	0.000115241106749581	4.17903794566455e-05
vm_mpagosdolares_rank_delta1	4.15870980882338e-05	0.000370616783481445	4.57704155953736e-05
p_y_ratio_delta2	4.02421262107457e-05	0.000181211033747786	2.58702349017329e-05
vmr_msaldodolares_delta1	3.9828922003876e-05	0.000123061310821564	2.58702349017329e-05
cextraccion_autoservicio_delta2	3.79800521344709e-05	0.000126233083048582	4.97504517341018e-05
cextraccion_autoservicio_lag1	3.79658449537645e-05	0.000109318685381073	2.9850271040461e-05
mttarjeta_master_debitos_automaticos_rank	3.79512467634058e-05	0.00015007580361937	2.7860252971097e-05
vm_cconsumos_delta1	3.73532450299124e-05	9.66824852521602e-05	2.58702349017329e-05
contactos	3.61237022358579e-05	0.000172375930414862	1.99001806936407e-05
c_deb_aut_delta2	3.34759954442281e-05	0.000255223010394378	3.58203252485533e-05
c_pagos_lag1	3.3285218978485e-05	9.52322287978958e-05	2.18901987630048e-05
c_seguros_delta2	3.32804055052177e-05	0.000385013809121218	6.56705962890143e-05
vmr_mpagosdolares_lag1	3.30555001699883e-05	0.000217905899875582	3.98003613872814e-05
ctransferencias_recibidas_delta1	3.11714557626271e-05	0.000185117005679961	3.78103433179173e-05
catm_trx_delta1	3.03414896011682e-05	0.000273207104950245	4.17903794566455e-05
vm_status03_delta2	2.98336421523474e-05	0.000541049352547148	7.36306685664706e-05
cpagomiscuentas_lag2	2.90487191905394e-05	6.04178874397718e-05	1.99001806936407e-05
vmr_mpagosdolares	2.88510983428298e-05	0.000236273725327072	3.18402891098251e-05
ccuenta_debitos_automaticos_lag2	2.86691040296761e-05	0.000117968376553397	1.99001806936407e-05
cinversion2_lag1	2.81540585058599e-05	0.000287489962720246	2.38802168323688e-05
ctarjeta_visa_debitos_automaticos_delta2	2.79582241131718e-05	0.000102764284376855	2.38802168323688e-05
ctarjeta_debito	2.79280021542846e-05	0.000193487398581725	2.38802168323688e-05
cajas_ratio_02	2.68711170634084e-05	0.000242566971016778	2.18901987630048e-05
ctarjeta_visa_delta1	2.53210416994674e-05	0.000193887207381489	2.9850271040461e-05
mtarjeta_visa_descuentos_rank_lag2	2.45822190760115e-05	0.000139306631670873	3.38303071791892e-05
ccuenta_debitos_automaticos_lag1	2.38180103925658e-05	0.000116977962907938	2.58702349017329e-05
vm_mpagosdolares_rank	2.21789616284562e-05	0.000124872508848609	1.59201445549126e-05
vm_mpagado_rank	2.17277679632747e-05	1.98549578326833e-05	1.99001806936407e-05
vmr_mpagosdolares_delta2	2.115322823206e-05	0.000358706449098203	3.98003613872814e-05
cpagomiscuentas_lag1	2.08338355556488e-05	5.44341782807078e-05	1.59201445549126e-05
catm_trx_lag2	1.9940979429559e-05	6.89865990765599e-05	2.58702349017329e-05
ccomisiones_mantenimiento	1.97283158555997e-05	0.000708334635001313	4.77604336647377e-05
c_deb_aut_delta1	1.79643117558254e-05	0.000136894208531177	1.99001806936407e-05
p_e_ratio_lag1	1.77024351814136e-05	0.000144188488133298	2.7860252971097e-05
cpayroll_trx_lag1	1.7570202129288e-05	0.000123808564604853	1.79101626242766e-05
ccheques_emitidos	1.69722912413319e-05	0.000118055772500219	7.96007227745628e-06
ctarjeta_visa_debitos_automaticos_delta1	1.36790247242938e-05	0.000154687949552236	2.7860252971097e-05
ctarjeta_master_transacciones_delta1	1.2868805167216e-05	3.51037436326629e-05	9.95009034682035e-06
c_pagos_delta1	9.76633934942274e-06	0.000249219904497749	2.58702349017329e-05
p_e_ratio_delta1	9.17107828882748e-06	9.89052186237337e-05	1.59201445549126e-05
visitas	8.09260724697138e-06	0.000164599534944071	1.39301264855485e-05
cpayroll_trx	4.57827536155819e-06	0.000441043461256437	2.9850271040461e-05
c_deb_aut	2.76428302200359e-06	8.31625904103206e-07	1.99001806936407e-06
c_y_sp	2.57639512601453e-06	7.84993344427309e-05	9.95009034682035e-06
ccuenta_debitos_automaticos	1.35955566256942e-06	2.94985289875984e-05	1.99001806936407e-06
ccaja_seguridad_tend6	4.72042346844043e-08	2.95139431250547e-05	1.99001806936407e-06
ganchos_anclaje_ratio_delta2	6.61244295710157e-09	4.1817301137506e-07	1.99001806936407e-06
