Feature	Gain	Cover	Frequency
rf_020_015	0.0627906408969509	0.00193068191254101	0.0047480293012135
rf_001_023	0.0441852000813282	0.00105167534897553	0.0014487860703236
rf_002_016	0.0374460422835721	0.00283220451069605	0.00805108148209707
m_y_sp_rank	0.0242970588855852	0.000773374015456033	0.000461229217416597
rf_005_023	0.0215502678068268	0.00198361642144563	0.000291557808607188
ctrx_quarter_normalizado	0.0171764203945013	0.00213157181269779	0.000606661853538947
rf_019_021	0.0150757632979219	0.000611323047019194	0.0019487973240395
rf_016_029	0.013068165167254	0.000845020631525016	0.000235116095064467
rf_013_015	0.0104534138027274	0.00238410526306682	0.00553128792718673
mpasivos_margen_rank	0.00983163501595902	0.00272098617308422	0.00119427895710949
ctrx_quarter	0.00949472210991544	0.00172193758883044	0.000580691739945671
mcuentas_saldo_rank	0.00720931778011782	0.00540456248466607	0.00144359204760495
c_e_sp	0.00665360788299142	0.000822369515111357	0.000446685953804362
cdescubierto_preacordado	0.00621985826400184	0.00788212074446772	0.00691532184761776
rf_008_023	0.00598550749224217	0.000492335148086988	0.00201285693756958
rf_018_022	0.0056475272777692	0.000611720886555533	0.00103880454373107
ccomisiones_mantenimiento_tend6	0.00502994765096402	0.00753666709631215	0.000953622571145126
m_e_sp_rank	0.00498933044842906	0.000643162236921574	0.000543987312733839
vm_status01	0.00478855210979381	0.00526968548671329	0.00105681048915575
thomebanking	0.00470256318339916	0.00190406047996685	0.00840531383150937
rf_012_023	0.00466818088278758	0.000411211627025902	0.000481659040109975
mcaja_ahorro_rank	0.00449521838913161	0.00185788927378304	0.000574458912683284
m_anclaje_pesado_rank	0.00414180134058724	0.00238919433460655	0.000809228739566507
mrentabilidad_annual_rank_delta2	0.00406523380925705	0.00683431524186825	0.00593953811287304
mrentabilidad_annual_rank_delta1	0.00397911748157971	0.00391042952811399	0.00517324662778075
rf_013_023	0.0038997413968992	0.000545912718697541	0.00153708445654075
Master_mlimitecompra_rank_delta2	0.00361680504620074	0.00234777216957107	0.00727128553793628
mcuentas_saldo_rank_delta2	0.00357637184795215	0.00286284963113466	0.00406484217961969
Master_mfinanciacion_limite_rank_delta2	0.00355673673894705	0.002239146123775	0.00711511858819537
Visa_mlimitecompra_rank_delta2	0.00352811799871297	0.00275578911451713	0.00720895726531241
rf_015_015	0.00348570233493772	0.00201931545052958	0.00562131765431009
Visa_mfinanciacion_limite_rank_delta2	0.00346512793648593	0.00293282302592293	0.0072754407561112
Master_mlimitecompra_rank_delta1	0.00346309401209814	0.00229346646079989	0.00728375119246105
thomebanking_lag2	0.00332546973738341	0.00147708663412942	0.0072286945516433
cliente_edad_lag2	0.00331170866195169	0.00465019142767851	0.00533564640478404
Visa_mlimitecompra_rank_delta1	0.0032892893456021	0.00212868484419778	0.00706871865190872
Visa_mfinanciacion_limite_rank_delta1	0.00328262595900462	0.00245804885160342	0.00742433607404599
Master_mfinanciacion_limite_rank_delta1	0.00321924145500512	0.00262493497814668	0.00712412156090771
r_time_alta_visa_delta2	0.0032136202754297	0.0018645446089743	0.00537823739107702
r_time_alta_master	0.00310087077482566	0.00224524463663059	0.00556937742712353
rf_007_015	0.00305217939537167	0.00497341891325131	0.00891432805793759
rf_018_012	0.00303306927304696	0.00131054650557061	0.00100867921196287
thomebanking_lag1	0.00303102909534095	0.00120735984432753	0.00680347722507605
r_time_alta_master_delta2	0.0029853011262418	0.00187346854761393	0.00536819561382095
r_time_alta_master_lag2	0.00295616952327829	0.00175088574002832	0.00472344426034519
mprestamos_personales_rank	0.00292550742462708	0.00234806929449863	0.000862207771296792
mrentabilidad_annual_rank_lag2	0.00292014826159541	0.00494305478993751	0.00327292684911537
r_time_alta_master_lag1	0.00288381342928458	0.00150488824238661	0.00458528325602896
rm_e_sp_delta2	0.00288012122219993	0.00239079928050223	0.00509845270063211
active_quarter_lag2	0.00286087163847689	0.00486307582261943	0.0108056448638906
mcuentas_saldo_rank_delta1	0.00285651774535416	0.00348666009612353	0.00366524869846447
r_time_alta_master_delta1	0.00283793517706122	0.00171067273175594	0.00508633331428858
mcomisiones_mantenimiento_rank	0.00278246177827965	0.00324353252108785	0.00344709974428095
mrentabilidad_rank_delta2	0.00276241386906273	0.00212134191987556	0.00346372061698065
r_time_alta_visa	0.00269162022423335	0.00196347943668035	0.00502331250530223
r_time_alta_visa_lag2	0.00268514849391602	0.00181964783584059	0.00446443566077491
rf_015_029	0.00264048625826393	0.0011432765556839	0.000987556852907008
cliente_edad_lag1	0.00262627998841657	0.00516135690247823	0.0046354921423093
r_time_alta_visa_lag1	0.00251480635019936	0.00157673341098727	0.00413790476586211
vm_mlimitecompra_rank_delta2	0.00250425270229619	0.00228923917090196	0.00494193948270996
Master_Fvencimiento_lag2	0.00249933300733322	0.00177454556328485	0.00414517639766823
tcallcenter_delta2	0.00249329192027274	0.00186103514401208	0.00109628506181753
rm_anclaje_pesado	0.00246989123120251	0.00378547697402865	0.000542255971827621
Master_Fvencimiento	0.00246451167272219	0.00177103560867397	0.00383457383909264
mactivos_margen_rank_delta2	0.00244950588624138	0.0037457565217053	0.00438548651545135
Master_fechaalta_lag2	0.002420035805966	0.00143180267131773	0.0034744549305992
r_time_alta_visa_delta1	0.00238045321457037	0.00150975482981641	0.00487130077373625
Master_Fvencimiento_lag1	0.00235794158701528	0.00175953786245551	0.00381241267549304
mcuenta_corriente_rank_delta2	0.00234572089543941	0.00489010620363391	0.00279611556354281
Visa_Fvencimiento_lag2	0.00231767094383975	0.00165467902043512	0.00364828155758353
Master_fechaalta	0.0023053988544623	0.00130428065528542	0.00335568494443261
numero_de_cliente	0.00229723585460386	0.00609616768333308	0.00470613085128301
cproductos_tend6	0.00227761604839092	0.00660325879163202	0.000804034716847852
rf_011_021	0.00227620949643009	0.0012397937737337	0.00279403795445535
Visa_Fvencimiento	0.00226564449946354	0.00214784975396058	0.00352223993961083
mcuenta_corriente_rank_lag2	0.00226307941441259	0.00417717347008761	0.00342493858068135
ctarjeta_visa_transacciones_tend6	0.00224845813156255	0.00414015563354374	0.00140100106131198
mcomisiones_otras_rank_delta2	0.00222609459666316	0.00184633882912753	0.0033840789352946
Visa_Fvencimiento_lag1	0.00221898521199989	0.0015192869120919	0.00339481324891315
Visa_mpagospesos_rank_delta2	0.00219607236544259	0.00150555021677204	0.00317493295382341
mcomisiones_mantenimiento_rank_delta2	0.00219579366521384	0.004353369623239	0.00376462766648141
Master_fechaalta_lag1	0.00219078560890862	0.00135949704935832	0.0032493806127908
mrentabilidad_annual_rank_lag1	0.00218851052379175	0.00453522372786405	0.00290519004063457
mcomisiones_otras_rank_lag2	0.00218586940866953	0.00147591851604464	0.00268496347736358
mpasivos_margen_rank_lag1	0.00216755412018209	0.0012034863867926	0.0010207985983064
mcuenta_corriente_rank	0.00214687149693265	0.00425707764357285	0.00284909459527309
Master_mfinanciacion_limite_rank	0.00213437608555311	0.00601199551790502	0.00397308111159012
rm_e_sp	0.00210121662676592	0.00250387130552907	0.00402709894786413
rm_e_sp_delta1	0.00208849031304405	0.00165681921352238	0.00406484217961969
vm_mfinanciacion_limite_rank_delta2	0.0020794613515548	0.00198395241223559	0.00446824461076859
mcomisiones_rank_delta2	0.0020752109108048	0.00192911053818159	0.00336953567168236
cliente_edad	0.00207162328616212	0.00376795679411516	0.00370472327112626
rf_010_019	0.00206651834564342	0.00115560670462455	0.00249971000039821
mactivos_margen_rank	0.00205283732869147	0.00289115946409801	0.00207864789200588
Visa_mfinanciacion_limite_rank	0.00204608153980027	0.0049191476022985	0.0040180959751518
rf_011_016	0.00204166537585965	0.00339560047143628	0.00692986511123
rf_001_015	0.00203880553878513	0.00229821124812549	0.00600429026276561
Master_mlimitecompra_rank	0.00200772084809905	0.00161602854224323	0.00382591713456155
rf_010_015	0.0020074008292537	0.00240283548723161	0.00639488077120849
rf_017_015	0.0020044978135461	0.00156234820662014	0.00382141564820538
Visa_fechaalta_lag2	0.00199989354287062	0.00116173425976629	0.00272132163639417
vm_mfinanciacion_limite_rank_delta1	0.00199694964196737	0.0015640730858345	0.00440695514268846
thomebanking_delta2	0.0019903859498461	0.00431341521066524	0.00248447420042349
vm_Fvencimiento	0.0019849503076343	0.00209436665493839	0.00325734478095941
mactivos_margen_rank_delta1	0.00198332597465122	0.00378779858194448	0.00367840688935173
rf_016_015	0.00198125759809667	0.00238699213975771	0.00610540057168877
ccomisiones_otras_tend6	0.00196623127517415	0.00408524621857768	0.00334737450808277
mrentabilidad_rank_delta1	0.00195898620684763	0.00315115809793908	0.00321544633102892
vm_mlimitecompra_rank_delta1	0.00195079768844596	0.00171391475674061	0.00467288910588362
mrentabilidad_annual_rank	0.0019351668284212	0.00258196338113237	0.00268634855008856
rm_e_sp_lag2	0.00191470613767494	0.00202082996443834	0.00340173861253802
Visa_fechaalta	0.00190806616045277	0.00120753832126414	0.00285082593617931
vm_Fvencimiento_lag2	0.00190776397184786	0.00198205358533472	0.00344294452610602
rf_005_019	0.00190654579979926	0.00063363492872052	0.000809575007747751
mcomisiones_rank_lag2	0.00189584346644926	0.00132926176484822	0.00269085003644473
vm_Fvencimiento_lag1	0.00189465923867858	0.00180943312212683	0.00316212103111739
vm_fechaalta	0.00188942603145183	0.00116612637764444	0.00272166790457541
rf_012_015	0.00188835918184777	0.00159943851116571	0.00452364751976758
cproductos_delta2	0.00188192597206502	0.00422302487449028	0.000246542945045508
Master_mfinanciacion_limite_rank_lag2	0.00187576246261079	0.00123166946195906	0.00313961359933655
rf_008_019	0.0018643720529529	0.00167738819081804	0.00449559979708685
Master_mlimitecompra_rank_lag1	0.00185723956720954	0.00113259349302674	0.00301218690863887
cliente_antiguedad_lag2	0.00185625916548672	0.00295062665120454	0.00351600711234844
vmr_Master_mlimitecompra	0.00184940167948685	0.00152226024237433	0.00297686755415202
rf_003_017	0.00184074267861154	0.000856464363375659	0.00189858843775916
Master_mlimitecompra_rank_lag2	0.00183492079264892	0.000949379052614777	0.00306378086764418
Visa_mlimitecompra_rank_lag1	0.00183348056976417	0.0012776772785056	0.00291523181789064
rf_019_015	0.00182982341829048	0.00225268252218983	0.00512892430058156
rf_002_019	0.00182883529427557	0.00120222339927993	0.00290172735882213
Visa_mfinanciacion_limite_rank_lag1	0.00182131924132561	0.00207849365311751	0.0028951482633785
rf_011_025	0.00181723161979142	0.000578651240173337	0.00178916769248615
rf_006_017	0.00181191077801389	0.00125690561726769	0.00442011333357572
rf_014_015	0.00181159603964381	0.00136666501609368	0.0048082799647499
mcomisiones_otras_rank	0.00181018560736435	0.00159273041633132	0.00254333979123491
Visa_mconsumospesos_rank_lag2	0.00180904005624228	0.00100086784324738	0.00256792483210322
rf_008_015	0.00180672688347192	0.00425779681504239	0.00692640242941756
mcuenta_corriente_rank_lag1	0.0018040787423175	0.0033522622499877	0.00273032460910651
mcomisiones_rank_delta1	0.00180014259878994	0.00261685632610961	0.00307347637671901
mpasivos_margen_rank_delta2	0.00179489115200327	0.00289001794005609	0.00252879652762268
rf_017_021	0.00179481417464898	0.00041742621721698	0.00107031494822425
Visa_mlimitecompra_rank_lag2	0.00177951914435979	0.00143931146412356	0.00299244962230798
Master_mfinanciacion_limite_rank_lag1	0.00175667980546097	0.00139928152324398	0.00295747653600237
vmr_Master_mlimitecompra_lag2	0.00175427699822524	0.00144689293915238	0.00281377524078624
vm_fechaalta_lag2	0.00175185044050651	0.00116223930175615	0.00278919019991793
Visa_mpagospesos_rank_delta1	0.00172697997836719	0.000842899075689882	0.00275837233178725
Visa_mfinanciacion_limite_rank_lag2	0.00172514868630105	0.00191046728786006	0.00296890338598341
rf_005_022	0.00172052730734026	0.000257572332921096	0.000424871058386009
mpayroll_sobre_edad_rank	0.0017176806914737	0.00142317454167489	0.000243772799595559
mcomisiones_mantenimiento_rank_lag1	0.00170979807856642	0.00232391691529308	0.00305477789493185
Visa_fechaalta_lag1	0.00170932512986288	0.00108069483586258	0.00262125013201474
cliente_antiguedad_lag1	0.00169673734005138	0.00284299321505163	0.00320298067650415
rf_005_018	0.00169252423441919	0.000948856260860986	0.00334425809445157
mprestamos_personales_rank_delta2	0.00167936779981667	0.00429528232726275	0.000842470484965901
vm_fechaalta_lag1	0.00167548226607888	0.00107111972571108	0.00257069497755317
e_y_ratio_delta2	0.0016628577075077	0.00203039690357782	0.00243218770505569
rm_e_sp_lag1	0.00165391577845159	0.00198600462157924	0.00309044351759995
vmr_Master_mlimitecompra_lag1	0.00164346121580607	0.00126176596167707	0.00264064115016439
Visa_mconsumototal_rank_delta2	0.00164337498995377	0.000734580927091891	0.00237159077333804
ctrx_quarter_delta2	0.00162163075710861	0.00146890114687531	0.00147579498846061
mcaja_ahorro_dolares_rank_delta2	0.00162048077289658	0.00430943014383885	0.00177704830614262
Visa_mconsumospesos_rank_delta2	0.00161093079186716	0.000778798496327941	0.00244084440958678
m_anclaje_pesado_rank_delta2	0.00160010669919027	0.00505620243507929	0.000855282407671918
mcomisiones_mantenimiento_rank_lag2	0.00158107017182954	0.00203544545669093	0.00296751831325844
mcomisiones_rank_lag1	0.0015770886095546	0.00135599596962941	0.00236708928698187
m_anclaje_pesado_rank_delta1	0.00157585265028524	0.00551085253911693	0.00088263759399017
Visa_mpagominimo_rank	0.00157115117341083	0.000912484393311965	0.0015398546019907
mcomisiones_rank	0.00157043067627584	0.00179735838616851	0.00256896363664695
mcomisiones_otras_rank_lag1	0.00155509233573424	0.00154363383483072	0.00235704750972581
e_y_ratio	0.00155098371428249	0.00130455173702488	0.00205233151023136
Visa_status	0.00152698151991476	0.00137095323664676	0.000571342499052091
Visa_mconsumospesos_rank	0.00150651658552488	0.00139718650024562	0.0023435430506573
mcaja_ahorro_rank_delta2	0.00149843632012618	0.00166162563537306	0.00196437939219546
Visa_mconsumototal_rank_delta1	0.0014974202187272	0.000794910048855415	0.0023244983006889
rf_004_016	0.0014959870618056	0.005670847503433	0.00593815304014806
mrentabilidad_rank	0.00149407583065041	0.00309371622010293	0.00235843258245078
vmr_pagominimo_saldo_lag2	0.00148106177556162	0.00282296379997636	0.00178016471977382
Visa_mpagospesos_rank_lag2	0.00147292601911015	0.000992933729374162	0.0025004025367607
mprestamos_personales_rank_delta1	0.00146767149104485	0.00475323156156004	0.00081892424864133
rf_003_013	0.00146468921579328	0.00196365959678423	0.00487718733281739
vm_status06	0.0014631814856354	0.000639213710126445	0.00041933076748611
e_y_ratio_delta1	0.00145581298817358	0.0013334897586161	0.00212089261011761
Visa_mconsumospesos_rank_delta1	0.00145351032293178	0.00078225663998997	0.00236293406880695
chomebanking_transacciones	0.00145330357876583	0.0016426797209735	0.00161257092005187
mcomisiones_mantenimiento_rank_delta1	0.00145323875158377	0.00425388320631734	0.00381864550275543
Visa_mconsumospesos_rank_lag1	0.00143535637124426	0.0012504749390023	0.00227879090076473
ctrx_quarter_normalizado_delta2	0.00143507154100593	0.00187644242875111	0.00154470235652811
vm_status01_delta1	0.0014350136536657	0.00240045184695115	0.000449109831073068
mcuenta_corriente_rank_delta1	0.00143418636933034	0.0027491590268349	0.00215621196460447
vm_mpagominimo_rank	0.00143042999238212	0.000663334935436002	0.000627091676232325
vmr_Visa_mlimitecompra	0.00142750752014396	0.00111286092745167	0.00229506550528319
m_e_sp_rank_delta2	0.00140653072115926	0.00137699868382881	0.00200939425575714
e_y_ratio_lag2	0.00139100459620749	0.000812685733560356	0.00217525671457287
seguros_ratio_01	0.0013867164634599	0.0013079502353595	0.00229506550528319
mpasivos_margen_rank_delta1	0.00138589966667937	0.00210247358418559	0.00207968669654961
mcaja_ahorro_rank_delta1	0.00137888275370609	0.00164131265251751	0.00164408132454505
rf_009_023	0.00137404649365981	0.000914871461133044	0.0024259548777933
internet_tend6	0.00136658534116374	0.0104766314031185	0.00196334058765173
vmr_pagominimo_saldo	0.00136556087477467	0.00136643965529786	0.00141485178856172
chomebanking_transacciones_delta2	0.00136496730319906	0.00185680754808373	0.00144186070669873
rf_017_016	0.00136055639141448	0.00127028232901324	0.00234873707337596
ctransferencias_recibidas_tend6	0.00134498805730148	0.00228503691429177	0.00170571706080642
tcallcenter_delta1	0.00132833393915742	0.00138143958295472	0.000922458434833194
Visa_mpagominimo_rank_lag2	0.00132303766011565	0.000811061354733482	0.00158694707463984
vmr_Visa_mlimitecompra_lag2	0.00131333703314704	0.00098663651097169	0.002044713610244
mcuenta_debitos_automaticos_rank	0.00130947278441299	0.00205640688738767	0.00051213064005942
e_y_ratio_lag1	0.00130932096072761	0.0010287357070889	0.00209422996016185
mv_status07_rank_lag2	0.0013031271899295	0.00918528677578448	0.00562789674975372
Visa_msaldopesos_rank_delta2	0.00129977284385189	0.000752272820669871	0.00174207521983701
Visa_mpagospesos_rank	0.00129741622678189	0.000705965583967676	0.0020938836919806
mcaja_ahorro_dolares_rank_delta1	0.00129265338920184	0.00346850429104313	0.00154089340653443
mv_status07_rank_lag1	0.00129241164385806	0.00840992380747108	0.00526293008672287
Visa_mpagominimo_rank_delta2	0.00127706542183261	0.000714066117179252	0.00180267215155466
seguros_ratio_01_lag2	0.0012748417383908	0.00131366829120618	0.00226286256442752
rf_013_022	0.00126811594158881	0.00107105763214037	0.00184560940602888
mv_status07_rank_delta2	0.00126420339099458	0.0117258316948494	0.00502261996893974
vmr_pagominimo_saldo_lag1	0.00126143190962417	0.00111376916451009	0.00153639192017826
Visa_msaldototal_rank_delta2	0.00126077573040417	0.00075661432111778	0.00175834982435547
rf_008_021	0.00125249612594196	0.000705930206851984	0.00180371095609839
Visa_mpagominimo_rank_lag1	0.00125172859312897	0.000870739794633802	0.00142350849309282
rf_015_017	0.00124946403183072	0.000902411800121796	0.00180405722427963
m_deb_aut_rank	0.00124798645119979	0.000470464715255792	0.000622243921694914
mtarjeta_visa_consumo_rank	0.00124663652153472	0.000434219850327987	0.00039301438571159
Visa_cconsumos_lag1	0.001240682991252	0.000766549659667912	0.00166832009723211
mrentabilidad_rank_lag2	0.00123463618626722	0.0017299515460383	0.00222131038267828
m_deb_aut_rank_delta2	0.0012345073812317	0.00134383098530243	0.00136775931591258
ccaja_seguridad_lag2	0.00122156253277317	0.00275680492126557	0.000176943040615526
cliente_antiguedad	0.00121943065077727	0.00214072802842057	0.00230060579618309
rf_018_021	0.00121870334282452	0.00045608899783145	0.000918995753020757
mrentabilidad_rank_lag1	0.00121317637783484	0.00169895397037352	0.00209284488743687
m_anclaje_pesado_rank_lag1	0.00120702635122612	0.00177667853405437	0.000714351257905735
Master_fultimo_cierre	0.00120395467627471	0.00114105299991226	0.00259389494569649
Master_status_delta1	0.00120195157508613	0.000687880594324752	0.000347653253968666
chomebanking_transacciones_lag2	0.00119510355477505	0.00123354818266182	0.0013473294932192
vmr_Visa_mlimitecompra_lag1	0.00119155355019334	0.000956769564666151	0.00199935247850107
rm_deb_aut	0.00117980984730083	0.000825856701059538	0.00118700732530337
Master_fultimo_cierre_lag2	0.0011783265030165	0.000830601029339511	0.00189754963321543
Visa_cconsumos_lag2	0.00117139099962037	0.000633920332683282	0.00174519163346821
seguros_ratio_01_lag1	0.00116547148070141	0.00152040272957916	0.00189166307413429
rf_010_023	0.00116177367849995	0.000483703958140018	0.00155924562014034
mactivos_margen_rank_lag1	0.00115792550873953	0.00256449972503608	0.00159768138825839
mpasivos_margen_rank_lag2	0.0011551095253287	0.00200114106940314	0.00132551459780085
mtransferencias_recibidas_rank_delta2	0.00115330749623793	0.000824274248399185	0.00141138910674929
internet_lag1	0.00115098084466129	0.00517555203135611	0.000806804862297801
Visa_mpagominimo_rank_delta1	0.00113616283397707	0.000722739447514032	0.00161430226095809
Visa_mpagospesos_rank_lag1	0.00113117011087738	0.000651206521743319	0.00205510165568131
m_anclaje_pesado_rank_lag2	0.00113047037062954	0.00170784348059174	0.000810960080472725
Visa_cconsumos	0.00111914844182001	0.000815476027053036	0.00167801560630693
cajas_ratio_01	0.00111818389222156	0.00407202922410445	0.000685264730681265
vm_fultimo_cierre_lag2	0.0011083602052836	0.00117551897125788	0.00191209289682766
ctarjeta_debito_transacciones_tend6	0.00110645729039553	0.00328395770024526	0.00121921026615904
vm_fultimo_cierre_lag1	0.00110038065403602	0.00135757643309208	0.00166347234269469
vmr_pagominimo_saldo_delta2	0.00109710921667418	0.000814928079599331	0.00157967544283372
vm_fultimo_cierre	0.00109334364752387	0.00141941180594323	0.00217421791002914
Master_fultimo_cierre_lag1	0.0010793599057071	0.000695429568923754	0.00169463647900663
thomebanking_delta1	0.00107379429920693	0.00125183068433302	0.00195537641948313
chomebanking_transacciones_lag1	0.00107334218969264	0.000933333633259459	0.00115376557990398
chomebanking_transacciones_delta1	0.00106991878167249	0.00265106382416878	0.00127669078424549
m_e_sp_rank_delta1	0.00106366320213636	0.00114276741288651	0.00158833214736481
rf_014_021	0.00106175254311907	0.00120422186968313	0.00140688762039312
cpagomiscuentas_tend6	0.00105927362348797	0.00272674860334073	0.000718852744261903
mv_status07_rank_delta1	0.00105441131362886	0.0137613584332179	0.00476845912390687
Visa_msaldopesos_rank_delta1	0.00105419652586208	0.000575095901252277	0.00148583676571668
rf_010_021	0.00105013888353496	0.000786421744508074	0.00121505504798411
ctarjeta_visa_debitos_automaticos_tend6	0.0010366013138086	0.00378537298489446	0.000773216848717163
Visa_mconsumosdolares_rank_lag2	0.0010365191654572	0.000678908149864727	0.00168701857901926
vmr_msaldopesos2_delta2	0.00103437916656162	0.000748377696181735	0.00143251146580515
rf_018_019	0.00103363834608749	0.000518142447954594	0.00163300074274525
Master_mpagospesos_rank_lag2	0.00103132368275005	0.00097328516914734	0.00111152086179225
rf_005_021	0.00102766158734933	0.000410285089348808	0.000983747902913327
mactivos_margen_rank_lag2	0.00102537052843958	0.00285099021817463	0.00165412310180111
vmr_mpagominimo	0.00102385591258941	0.000421838410690192	0.00084420182587212
rm_deb_aut_lag2	0.00102012551315494	0.000674376114881952	0.00126699527517067
rf_007_025	0.00101632025325262	0.000434129632562362	0.00130820118873867
mprestamos_personales_rank_lag2	0.0010108169480508	0.00204805580707733	0.000972667321113529
Visa_msaldototal_rank_delta1	0.00100757667764803	0.000536290326847302	0.00146713828392952
m_deb_aut_rank_delta1	0.00100683682734003	0.000765118355428327	0.00118943120257208
mcuentas_saldo_rank_lag2	0.00100613928618408	0.0016093389622488	0.00133624891141941
rf_017_019	0.00100593986475048	0.00047780855766925	0.0012292520434151
cprestamos_personales_tend6	0.0010014879033718	0.00912118221802718	0.00104469110281222
ctrx_quarter_delta1	0.000994984089019778	0.00105296061550223	0.000969550907482336
rf_020_025	0.000985262406687172	0.000406381426612162	0.000609431998988897
foto_mes	0.000985204785854912	0.00233059624326868	0.000812691421378944
rf_015_021	0.000984763797415042	0.00054212461304468	0.00132239818416966
rf_004_021	0.000979332530512211	0.00115055854935098	0.00190932275137771
Visa_msaldototal_rank	0.000976821657849214	0.000697004279014669	0.00115722826171642
mcuentas_saldo_rank_lag1	0.000973174890167043	0.00137562445426117	0.00112918053903568
vmr_msaldopesos2_lag2	0.000969292933000782	0.000497361024346525	0.00136221902501268
ccajas_transacciones_delta1	0.000967699666200741	0.00216193425284432	0.000750363148755079
rf_020_019	0.000966849535786647	0.000954157258461422	0.00165308429725738
ccomisiones_mantenimiento_delta2	0.000966149655209662	0.00262926809336129	0.000208107176927459
c_e_y_ratio_delta2	0.000965319816594451	0.00107138193256857	0.00120397446618432
m_y_sp_rank_delta2	0.0009629921790341	0.000834669520056367	0.00115965213898512
vm_msaldototal_rank	0.000960275513672849	0.000413623146676945	0.000405480040236363
vm_msaldopesos_rank	0.000946580070655694	0.000445251542831148	0.000417253158398648
ctrx_quarter_normalizado_delta1	0.000943858284894724	0.00112224587030479	0.000951891230238908
ccaja_seguridad_lag1	0.000926719611668369	0.00148943845002328	0.000106996868004301
vm_mpagominimo_rank_lag1	0.000924820579917585	0.000650302385492426	0.000633670771675955
mcaja_ahorro_dolares_rank_lag2	0.000924375995898122	0.00152472547036278	0.00112329397995454
Visa_fultimo_cierre	0.000923049014591998	0.00107854922603702	0.00182414077879177
mtransferencias_emitidas_rank	0.000921810768907649	0.000767898886550845	0.000803342180485364
vm_mfinanciacion_limite_rank	0.000920339564528303	0.000890819888345387	0.00171194988806881
mcaja_ahorro_rank_lag2	0.000915905673442035	0.0011307547704989	0.000980977757463378
vmr_msaldopesos	0.000912871806370729	0.000366678081388874	0.000688727412493702
vm_mpagominimo_rank_lag2	0.000912487786815384	0.000517264048861397	0.000726124376068021
rf_007_023	0.000908632215479742	0.000639156023393676	0.00148826064298539
Visa_fultimo_cierre_lag2	0.000908325648951682	0.000932057853675542	0.00157655902920253
Visa_msaldopesos_rank	0.000907042181181645	0.000666621671463951	0.00115688199353517
mtransferencias_emitidas_rank_delta2	0.000899771735223412	0.00125623678780102	0.000874673425821564
rf_007_021	0.000898671259493294	0.0015190746187947	0.00164858281090122
vm_mpagospesos_rank_delta2	0.000897442483335465	0.000625894164861961	0.00108347313911151
vm_mfinanciacion_limite_rank_lag2	0.000895953980523076	0.00077933414135906	0.00134975337048791
rf_013_016	0.000895943682645221	0.00198982602334098	0.00307243757217527
vm_msaldopesos_rank_delta2	0.00089300347726777	0.0013917953154826	0.00106719853459306
vmr_pagominimo_saldo_delta1	0.000888577576034282	0.000757491220661954	0.00131027879782613
vm_mlimitecompra_rank_lag2	0.000887288670257672	0.000853101303362815	0.00137849362953114
Visa_msaldototal_rank_lag2	0.000887155688444181	0.000577198972850491	0.00115861333444139
mpayroll_rank	0.000886917195929011	0.00265370085763084	0.000234769826883223
c_e_sp_delta2	0.000885094005917142	0.00173652514050636	0.000831389903166103
Master_mconsumospesos_rank_lag2	0.000884406736255743	0.000708889276117195	0.000964010616582437
rm_deb_aut_lag1	0.000878282997514836	0.000796137904076724	0.00110805817997981
mcaja_ahorro_dolares_rank_lag1	0.000875587780183834	0.00174009513828418	0.000955353912051345
atm_ratio_eme_lag1	0.000869398136255937	0.000501066348772785	0.00107827911639286
mtarjeta_visa_consumo_rank_delta2	0.000869014585214327	0.000543034104827794	0.000781873553248255
mautoservicio_rank	0.000862630174207933	0.00107580113413823	0.000589002176295519
atm_ratio_c_lag2	0.000862473109868215	0.000424361998678318	0.00112294771177329
ctransferencias_emitidas_tend6	0.000861219574498301	0.00152995084784827	0.000970935980207311
rf_007_026	0.000860329811569041	0.000326562605008981	0.000682148317050072
mcaja_ahorro_dolares_rank	0.000856000980811218	0.00262080714813283	0.000824118271359986
mtransferencias_emitidas_rank_lag2	0.000855991683655516	0.00189735844453463	0.000839700339515952
rm_y_sp_delta2	0.000852969762719304	0.00121459593343272	0.000984094171094571
cdescubierto_preacordado_delta2	0.000848597606250108	0.00271381487061737	0.00035734876304349
vmr_msaldopesos2_lag1	0.000843986485200952	0.000541283549661817	0.00121297743889665
rm_anclaje_pesado_lag1	0.000842510172793649	0.0018349741755355	0.000603545439907754
rf_015_025	0.000841278021804022	0.000832300232602259	0.00148722183844165
vm_mlimitecompra_rank_lag1	0.000832870840910379	0.000752467119378811	0.00124518037975231
rm_deb_aut_delta2	0.000823083227094818	0.000899071998420307	0.000987556852907008
atm_ratio_c	0.000822008625394417	0.000508133600899363	0.00104572990735595
vm_status06_delta2	0.000817236441387429	0.00222296562259557	0.000251736967764164
mautoservicio_rank_delta2	0.000814348213080541	0.00091983671276785	0.000863246575840523
vmr_msaldopesos2	0.00081376604174754	0.000545502790959904	0.00114961036172906
Visa_msaldopesos_rank_lag2	0.000810932495836441	0.000604061924626254	0.00111602234814842
Master_mpagominimo_rank_lag2	0.000810844711437077	0.000473482052711557	0.000716082598811954
rm_anclaje_pesado_delta2	0.000809171202085942	0.00278918140876329	0.000652022985281871
mttarjeta_visa_debitos_automaticos_rank_delta1	0.000808225206452335	0.000655233392324066	0.000852165994040725
Master_mconsumospesos_rank_lag1	0.000803046810557989	0.000440074854784297	0.000826888416809935
ccajas_transacciones_delta2	0.000802569447078455	0.000623344717303973	0.000638864794394611
vmr_mpagominimo_lag2	0.000801817740838752	0.000732060583026138	0.000964010616582437
mttarjeta_visa_debitos_automaticos_rank_delta2	0.000798979683842485	0.000622513416291271	0.000905491293952253
rf_010_024	0.000794589065661865	0.000179661151894663	0.000225420585989643
Master_mpagospesos_rank	0.000793281954082629	0.000743331040457185	0.000898219662146136
rf_011_024	0.000789966011879294	0.000572646372623993	0.00130231462965752
Visa_cconsumos_delta2	0.0007881150159223	0.000539715235606525	0.000950159889332689
rf_020_027	0.000784849520287831	0.000286203712038929	0.000709849771549567
rf_009_020	0.000784341125215615	0.000404849468969883	0.00106996868004301
rf_019_023	0.000783580375464625	0.000744537473549614	0.0008480107758658
vmr_mpagominimo_delta2	0.000778241742896958	0.000692556188174062	0.000843509289509632
c_e_y_ratio_delta1	0.000778138838919928	0.000743052491575665	0.00101906725740018
Master_mpagospesos_rank_lag1	0.000777364436712272	0.00072551679592026	0.000858745089484355
m_deb_aut_rank_lag2	0.000776178755639041	0.000472332510672824	0.000771831775992188
mtransferencias_recibidas_rank_delta1	0.000772580502812553	0.000619562854671529	0.00111498354360469
m_y_sp_rank_delta1	0.000769379522973038	0.000533753059299734	0.000987210584725764
vmr_mpagominimo_lag1	0.000764131124496802	0.000435714533466015	0.000816500371372624
m_inversiones_rank	0.000761939716491078	0.0013324227223766	0.00017728930879677
mcaja_ahorro_rank_lag1	0.000760402641941022	0.000712611095582693	0.000672106539794005
rf_005_020	0.000759619664612514	0.000511996408575931	0.00115099543445403
Master_mconsumospesos_rank	0.000759617624429911	0.000478548722825089	0.00080576605775407
vmr_msaldopesos2_delta1	0.000758839782191199	0.00202902089903379	0.00116415362534129
vm_mfinanciacion_limite_rank_lag1	0.000757717759348472	0.000620777948424634	0.00119462522529074
rf_001_018	0.000753654080594044	0.000455942990721614	0.00088263759399017
cpayroll_trx	0.00075133810745414	0.00190656558371805	5.40178362740159e-05
c_e_y_ratio_lag2	0.000743698684940236	0.000622411538766927	0.000905145025771009
rf_020_017	0.000743364545973398	0.000720446851281313	0.00141450552038048
vmr_msaldototal_lag2	0.000743280190314709	0.000419154830002375	0.000775294457804625
vm_mconsumospesos_rank_delta2	0.000736704240021107	0.000459466900319303	0.000742052712405231
vmr_mpagospesos_delta2	0.000735802620958983	0.000571775287657656	0.000852512262221968
rf_003_015	0.000733099386710341	0.000757744552637479	0.00114337753446667
vm_mpagominimo_rank_delta2	0.000725255157703917	0.00050609436724521	0.000925921116645631
vmr_msaldopesos_delta2	0.00072417089861707	0.00061429392905833	0.000760404926011146
rf_006_026	0.000717205467189482	0.000398123899798939	0.000765945216911045
mprestamos_personales_rank_lag1	0.000708454032972832	0.00163286566227586	0.000831736171347347
vmr_msaldototal	0.000706255590067369	0.00044206319558084	0.000659294617087989
seguros_ratio_01_delta2	0.000704936547483269	0.00152047036230034	0.00107239255731171
vmr_msaldototal_delta2	0.000703138755895496	0.000424322398342931	0.000730972130605433
c_e_y_ratio	0.000701370149951337	0.00061600632223186	0.000846279434959582
Visa_msaldototal_rank_lag1	0.000700657645579171	0.000518368420811235	0.00102703142556879
vm_mpagospesos_rank_delta1	0.000696072328805022	0.000450166115829633	0.000859091357665598
Visa_msaldopesos_rank_lag1	0.000692836623282633	0.000458279288097247	0.00102668515738755
rf_002_024	0.000691671564738561	0.000802333581588305	0.00103568813009988
c_e_y_ratio_lag1	0.000688271248987437	0.000612014951178971	0.0008123451531977
Master_Fvencimiento_delta2	0.000686524102186557	0.000813746067733825	0.00101629711195023
contactos_delta2	0.000685844998467807	0.00291836168118915	0.000394399458436565
Master_msaldopesos_rank	0.000683837257430376	0.000717449191581077	0.000709849771549567
Master_mpagominimo_rank	0.000683206799229961	0.000440778235084545	0.000708118430643349
m_ganchos_liviano_rank	0.000682469708012158	0.00169340129336179	0.000176943040615526
Master_mpagospesos_rank_delta1	0.00068064550633795	0.000575580592219703	0.000715043794268223
ccaja_ahorro_tend6	0.000680494865056306	0.00560354630500121	0.000308871217669373
Master_mpagospesos_rank_delta2	0.000676942779711712	0.000553830888386266	0.000761097462373634
vm_Finiciomora_lag1	0.000672525468676323	0.00359753619992497	0.000598005149007855
Master_cconsumos	0.000667455963192746	0.000423296492590877	0.000562339526339755
Master_cconsumos_lag2	0.000665885598459039	0.000579413072282386	0.000673145344337736
rm_y_sp_lag2	0.000665688551826401	0.000975579448547328	0.000792954135048053
rf_013_017	0.000664250137665662	0.000525471570305207	0.000997944898344319
ccallcenter_transacciones_delta2	0.000662595618610421	0.00363004379085145	0.000309217485850616
mcuenta_debitos_automaticos_rank_lag2	0.000657944202531617	0.00051979387986994	0.000532906730934041
rm_y_sp	0.00065350414984963	0.00133117730100961	0.00073166466696792
Master_msaldototal_rank	0.000646234957779929	0.000546097040815031	0.000732357203330407
mautoservicio_rank_lag2	0.000642900315378139	0.000536590573285073	0.00063505584440093
rf_012_013	0.000641915718010962	0.000497630575933915	0.000519402271865537
rf_017_020	0.000641051441333381	0.000604813657731688	0.000838661534972221
Visa_cconsumos_delta1	0.000639075074483769	0.000593747322585825	0.000881598789446438
Master_msaldopesos_rank_lag2	0.000638256026223601	0.000471576676759861	0.000662064762537938
rf_014_017	0.000636836252205886	0.000548207579555312	0.00101698964831272
rf_004_025	0.000636721871977433	0.000394745905501962	0.000838315266790977
vm_mpagominimo_rank_delta1	0.000630563519136188	0.000559628022491559	0.000815807835010137
Visa_fultimo_cierre_delta2	0.000629961443135981	0.000462326448494347	0.00107031494822425
vmr_msaldopesos_lag2	0.00062882565427829	0.000405811904014371	0.000737204957867819
rm_deb_aut_delta1	0.000627239869196945	0.000656389973062288	0.000773216848717163
mtransferencias_emitidas_rank_delta1	0.000626191357190915	0.000614756585836052	0.000653408058006846
vm_msaldototal_rank_delta1	0.000622785550372555	0.00083227957554941	0.000845933166778338
mtransferencias_recibidas_rank_lag2	0.000622364663741615	0.000673905868549999	0.000747939271486374
vm_fultimo_cierre_delta2	0.000609402490949979	0.000861100020256129	0.00104503737099346
c_e_sp_delta1	0.000600232557110021	0.00115287051730881	0.000548142530908764
vm_mconsumototal_rank_delta2	0.000599673504816649	0.000471034696899202	0.000731318398786676
Master_msaldototal_rank_delta2	0.000599603323447335	0.000488798936066713	0.000728201985155483
Master_mpagominimo_rank_lag1	0.000599556228188701	0.000472871185405028	0.000677646830693904
rf_020_028	0.00058727670194523	0.000220311569435728	0.000318220458562952
Master_msaldopesos_rank_delta2	0.000587166817781345	0.00056988157146468	0.000752787026023785
mtarjeta_visa_consumo_rank_delta1	0.000587123490280766	0.000401981474355452	0.000640942403482073
vmr_mconsumospesos_lag2	0.000585042128450724	0.000393903128348788	0.000698422921568526
vm_msaldopesos_rank_delta1	0.000581667263266411	0.00055945615581186	0.000780834748704524
cproductos_delta1	0.000579697919653284	0.00270744093039047	0.000143355027034888
ctarjeta_visa_transacciones	0.000578831133505485	0.000525961035347069	0.000313026435844297
m_deb_aut_rank_lag1	0.000578236501372779	0.000323090383947974	0.000578960399039452
rf_016_027	0.000575622473753809	0.000506915508048215	0.000847318239503313
mttarjeta_visa_debitos_automaticos_rank_lag2	0.000574982711453508	0.000366691240696615	0.000605276780813973
mtransferencias_recibidas_rank_lag1	0.000569045110469636	0.000737621216828598	0.000635402112582174
m_e_sp_rank_lag2	0.000565800437939316	0.00102330874737065	0.00072508557152429
ctarjeta_master_transacciones_tend6	0.000563213507794251	0.00167394871501118	0.000424871058386009
mcuenta_debitos_automaticos_rank_lag1	0.000561475705570973	0.000503350284344828	0.000437336712910782
cextraccion_autoservicio_tend6	0.000560457969977334	0.00137625796781823	0.00072889452151797
rf_001_009	0.000557202381084769	0.000970045500596844	0.00132863101143204
vmr_mconsumospesos_lag1	0.000554803595337206	0.00044838936446034	0.000604584244451485
rm_y_sp_lag1	0.000553335304204105	0.000661241718017072	0.000645790158019485
Visa_mconsumosdolares_rank_delta1	0.000552754004082043	0.000392339129322314	0.000886792812165094
vmr_msaldototal_delta1	0.000551128795416483	0.000422990064338771	0.000602160367182779
rm_pagos_lag2	0.000547867147045133	0.000568261568872705	0.000606315585357704
mautoservicio_rank_lag1	0.000544721920932174	0.0007215811530055	0.000548835067271251
cpayroll_trx_tend6	0.000542965784786181	0.00171860118406653	0.000402017358423926
cdescubierto_preacordado_delta1	0.000539401837383964	0.00244240372002774	0.00028982646770097
Master_mpagominimo_rank_delta2	0.000538242910193874	0.00045347984373997	0.000633324503494712
rf_006_009	0.000537615665662952	0.0010212082464279	0.001001753848338
vmr_mpagospesos_delta1	0.00053753330036092	0.000367236495082689	0.00059662007628288
mtransferencias_recibidas_rank	0.000535843895627754	0.000674572861834193	0.000636787185307149
vmr_msaldototal_lag1	0.000531123978239662	0.000318216727215649	0.000609778267170141
c_anclaje_pesado_delta2	0.00052633525335571	0.00126819838431582	0.000104572990735595
Visa_mconsumosdolares_rank_delta2	0.000524675148800749	0.000440713907491823	0.000904452489408522
vmr_Master_mlimitecompra_delta2	0.000524266274774518	0.000762484290461264	0.000575151449045772
rf_005_024	0.000523918939671061	0.000234363598492696	0.000143701295216132
Master_msaldototal_rank_lag1	0.000522713620697714	0.000301010962948035	0.000582423080851889
vm_mconsumospesos_rank_delta1	0.000521919270587176	0.000460519920365912	0.00067072146706903
vmr_mpagospesos	0.000521855462381358	0.000278436843786178	0.000557491771802343
vmr_msaldopesos_delta1	0.00051969291514591	0.000413133038971216	0.000634709576219686
mcuenta_debitos_automaticos_rank_delta2	0.00051939143218943	0.00110403669352045	0.000807497398660289
mautoservicio_rank_delta1	0.000519221782997939	0.000858772475350295	0.000662064762537938
cajas_ratio_01_delta2	0.000517315943718121	0.00278098900522186	0.000533945535477772
vmr_mconsumospesos	0.000517001839417475	0.000424686911167342	0.000586578299026813
mttarjeta_visa_debitos_automaticos_rank	0.000514650649996086	0.000358687566110618	0.000560608185433537
Master_mconsumospesos_rank_delta1	0.00050855398622888	0.000308845953570624	0.000542602240008865
rm_pagos	0.000507339387516549	0.000630153281922806	0.000483736649197437
m_pagos_rank	0.000506689371522637	0.000390494041361894	0.000354924885774784
Master_mconsumototal_rank_delta2	0.000506591266483032	0.000410573492409613	0.000534291803659016
Master_msaldototal_rank_lag2	0.000505498171089495	0.000401695825568361	0.000632631967132224
Master_msaldototal_rank_delta1	0.000501330620759608	0.000468432000049427	0.00067072146706903
Master_msaldopesos_rank_lag1	0.000497572704294427	0.000406192911878019	0.000585539494483082
Master_mconsumospesos_rank_delta2	0.000495631437362612	0.000345569878506264	0.000529790317302848
seguros_ratio_01_delta1	0.000490719767840051	0.000883208575351344	0.000731318398786676
ctrx_quarter_normalizado_lag2	0.000490183641605461	0.000763974964600887	0.000680763244325097
rm_anclaje_pesado_delta1	0.000483000358890115	0.00261432019087457	0.000646482694381972
cproductos	0.000480561105813639	0.00163369846283759	7.02924407924694e-05
mpayroll_rank_delta2	0.000480511285390782	0.000798144239461526	0.000269396645007592
cmobile_app_trx_lag2	0.000477532606397178	0.00212794177175303	0.000701539335199719
vmr_mconsumospesos_delta2	0.0004773211125098	0.000337724452246606	0.000512823176421907
ctarjeta_master_delta2	0.000472926505966618	0.00436769282584455	0.000195295254221442
Visa_mpagosdolares_rank	0.000468243482167521	0.000287729855103369	0.000775986994167112
vmr_mpagominimo_delta1	0.000467663174209143	0.00057219659972664	0.000620858848969939
mpayroll_sobre_edad_rank_delta2	0.000466441614112179	0.00114878216521818	0.000288095126794751
vmr_mconsumospesos_delta1	0.000464285920557113	0.000272525193100502	0.000475772481028832
vmr_mpagospesos_lag2	0.000463095174906214	0.000316142177651886	0.000648906571650678
mttarjeta_visa_debitos_automaticos_rank_lag1	0.000461092874133351	0.000451059081970468	0.000539139558196428
Master_cconsumos_lag1	0.000461004643073117	0.000391705523956131	0.000494470962815991
ctrx_quarter_lag2	0.00046050031185822	0.000881209156253866	0.000710196039730811
vm_msaldototal_rank_lag2	0.000456578859440291	0.000383240661538392	0.000442877003810681
matm_rank_lag2	0.000449035954442003	0.000453163775529869	0.000376739781193136
vmr_mpagospesos_lag1	0.000448974171127762	0.000268141827692154	0.000506244080978277
rm_pagos_lag1	0.000448814381309992	0.000400426870462643	0.000469193385585202
m_pagos_rank_lag2	0.000448515703890785	0.000625481758277983	0.000472309799216395
vmr_msaldopesos_lag1	0.000444553445964999	0.000305202171860331	0.000597312612645368
ctarjeta_visa_transacciones_delta2	0.000442827847756512	0.000382406055397235	0.000184214672421644
m_pagos_rank_delta2	0.000442499602987521	0.00049185868933766	0.000436297908367051
m_y_sp_rank_lag2	0.000439844339148888	0.000685941677439839	0.000502435130984596
Visa_mpagado_rank_lag2	0.000436938302945713	0.000416016610533646	0.000695652776118576
mpagomiscuentas_rank_delta2	0.000435933557136864	0.000463985531170007	0.000416906890217405
mextraccion_autoservicio_rank_lag2	0.000434823483983045	0.000368415844483606	0.000418984499304867
Master_msaldopesos_rank_delta1	0.000434090274536547	0.000472233785261729	0.000666219980712862
rf_016_021	0.000430146377474996	0.000368771757853423	0.000415175549311186
vm_status05_delta1	0.000429888225508447	0.00161886345497006	0.000157205754284636
rf_020_020	0.000428259476915268	0.000301100629858917	0.000400632285698951
m_e_sp_rank_lag1	0.000428066139858352	0.000627588441035066	0.000592464858107956
ccomisiones_mantenimiento_lag2	0.000426833874820487	0.00173471120644194	0.000176943040615526
m_tax_rank_delta2	0.000425569371425938	0.000445673497563998	0.000415868085673673
rf_015_027	0.000424686002809006	0.000502465856452504	0.00065098418073814
rf_006_022	0.000424191342218952	0.000392919638411916	0.000600775294457805
contactos_delta1	0.000422645377397181	0.00081308271621154	0.000217802686002282
Master_mpagominimo_rank_delta1	0.00041763296355352	0.000378809035133982	0.000548835067271251
Master_fechaalta_delta2	0.000417607291574959	0.000306665823514524	0.000736858689686575
vm_Finiciomora_lag2	0.000417460530667638	0.00294872057138289	0.000683879657956291
mextraccion_autoservicio_rank_lag1	0.000416572694302543	0.00176700983980271	0.000447032221985606
Visa_mpagado_rank_delta2	0.000413024583206444	0.000575259015462176	0.000574458912683284
ccuenta_debitos_automaticos_tend6	0.000412310760544921	0.00297806276734	0.000424524790204766
mcuenta_debitos_automaticos_rank_delta1	0.000411778708558084	0.00085425699661284	0.00068664980340624
ccomisiones_otras_lag1	0.000404918399178171	0.00045816807664532	0.000160322167915829
rf_013_024	0.000399124152237185	0.00020682223849835	0.000346614449424935
cproductos_lag1	0.000395296548478732	0.00193061519791107	0.000385396485724229
cplazo_fijo_tend6	0.00039502641097584	0.0034767847701373	0.00021572507691482
atm_ratio_eme_delta2	0.000394977558892524	0.00047336744432205	0.000478196358297538
atm_ratio_c_delta2	0.000391268599224033	0.000479439607959118	0.000497241108265941
ctrx_quarter_normalizado_lag1	0.000390442947457011	0.000891198692790064	0.000522172417315487
vmr_mpagado_lag2	0.000387408756635112	0.000408407439752492	0.000373277099380699
ctarjeta_visa_delta2	0.000383566639319759	0.000384649472542653	5.22864953677974e-05
ctrx_quarter_lag1	0.000382233367438513	0.00107206263601525	0.000523557490040462
c_e_sp_lag2	0.000379400460791206	0.00104998523481603	0.000511091835515689
mextraccion_autoservicio_rank_delta2	0.000376425146385863	0.000511938874858368	0.000415175549311186
vm_mpagospesos_rank	0.000373161115416378	0.00016479039967495	0.000286363785888533
mtarjeta_master_consumo_rank	0.000372979680954531	0.000280520788483607	0.000152011731565981
vm_mconsumospesos_rank_lag1	0.000367893229920817	0.000342556519445863	0.000353539813049809
vm_msaldopesos_rank_lag1	0.000367331016327396	0.000299320053109468	0.000351808472143591
cprestamos_personales	0.00036609926416756	0.00248560725749175	0.00042210091293606
ccomisiones_otras_lag2	0.000365087686816471	0.000790175452342561	0.000225766854170887
vm_mconsumospesos_rank	0.000364744649079591	0.000315308275380676	0.000335187599443893
c_anclaje_pesado_lag2	0.000357605785777251	0.00478124635060263	0.000765252680548558
rf_003_020	0.000353796233513944	0.000433019170607315	0.000514554517328126
ctarjeta_visa_transacciones_lag2	0.000352245998017819	0.000307728483519129	0.000329301040362751
vm_msaldopesos_rank_lag2	0.000352163922449873	0.000345142292813823	0.000452572512885505
mpagomiscuentas_rank_delta1	0.000351029688006151	0.000374397606736801	0.000345575644881204
atm_ratio_c_delta1	0.000347387877830177	0.000373035710194787	0.000371545758474481
rm_pagos_delta2	0.00034522206113954	0.000582480445710606	0.00042868000837969
ctarjeta_debito_transacciones	0.000345089832219732	0.000646764184274469	0.000271820522276298
vmr_Master_mlimitecompra_delta1	0.00034321935666297	0.000545769404655335	0.000445647149260631
vm_mpagospesos_rank_lag2	0.000342769948865416	0.00029445071140596	0.000407211381142581
cproductos_lag2	0.000341779099786046	0.00267146463775273	0.000521133612771756
atm_ratio_eme_delta1	0.000341013272714106	0.000337681730401012	0.00037708604937438
mtarjeta_visa_consumo_rank_lag2	0.000335807132818498	0.000268726743619697	0.000392668117530346
rm_ganchos_liviano	0.000335670568427055	0.000632244938586632	0.000141277417947426
vm_mconsumospesos_rank_lag2	0.000335612433746541	0.000332307377310683	0.000409635258411287
vm_msaldototal_rank_lag1	0.000334751452303238	0.000359449520631832	0.000380894999368061
Visa_mpagado_rank_lag1	0.00033245546899872	0.000449049839296747	0.000505205276434546
mpayroll_sobre_edad_rank_lag2	0.000329347948867371	0.000504022480146036	0.00019979674057761
ccallcenter_transacciones_delta1	0.000329106982041232	0.00191529978350189	0.000172441554259358
m_tax_rank_delta1	0.000326505527469795	0.000372630464722463	0.000340381622162549
m_y_sp_rank_lag1	0.000325465241992092	0.000483611169718927	0.00039301438571159
ctarjeta_visa_transacciones_lag1	0.000324967692020528	0.000275820987628663	0.000269742913188836
Master_cconsumos_delta2	0.000323154616406125	0.000205757925929518	0.000218148954183526
mpagomiscuentas_rank	0.000322492867285433	0.000449032517975395	0.00033484133126265
contactos	0.000314757459898266	0.000666851071861213	0.000100071504379427
vmr_mconsumosdolares	0.000308798510068951	0.000415103630003829	0.000306447340400667
matm_other_rank_lag1	0.000305413058296312	0.0004648940436558	0.000221611635995963
m_pagos_rank_lag1	0.000302653319883453	0.000310408361238953	0.000350077131237372
Visa_mpagado_rank_delta1	0.000302080432182058	0.000316786983731168	0.000366351735755826
vmr_Visa_mlimitecompra_delta2	0.000299049158888095	0.00082149234013981	0.000415868085673673
c_e_sp_lag1	0.000299014088270755	0.00048523793558302	0.000366698003937069
matm_other_rank_lag2	0.00029863549740361	0.000371526245787832	0.000252775772307895
Master_cconsumos_delta1	0.000296908454328121	0.000389360749538069	0.000258662331389038
ctarjeta_debito_tend6	0.000290688352639455	0.00280990667579066	0.000348692058512397
mpayroll_rank_lag2	0.000289023643546438	0.000342880605652774	0.000162746045184535
matm_rank	0.00028855273106839	0.000302265289800031	0.000292596613150919
vm_fechaalta_delta2	0.000288403057811825	0.00286142781383787	0.000471617262853908
cprestamos_personales_delta2	0.000286135718489369	0.00300466137004538	0.00015478187701593
mextraccion_autoservicio_rank	0.000284821682382385	0.00031151441635606	0.000337611476712599
mtarjeta_visa_consumo_rank_lag1	0.000283267592434828	0.000216629472717781	0.000310602558575591
vm_cconsumos_lag2	0.000282438772742785	0.000279125993672242	0.000213647467827358
vm_mconsumosdolares_rank_lag2	0.000281751187416662	0.000289168504072856	0.000235808631426954
cajas_ratio_04_delta1	0.000280735430928184	0.00172539059118154	0.00038366514481801
ctarjeta_debito_lag2	0.000277377561924078	0.00231770183545334	0.000502435130984596
mpayroll_rank_delta1	0.000276485553099728	0.000920533176780775	0.000213647467827358
c_anclaje_pesado	0.000272521410173157	0.00378664129733631	0.000529790317302848
ctarjeta_debito_transacciones_delta2	0.000272365949260798	0.000703535029224972	0.00025796979502655
mpayroll_sobre_edad_rank_delta1	0.000271916809258584	0.000507355732796695	0.000180751990609207
matm_rank_delta2	0.00026796690759919	0.000648052602914425	0.000313372704025541
matm_other_rank_delta2	0.000262418411043017	0.000531283240855097	0.000239271313239391
vmr_mconsumosdolares_lag1	0.000261282484370791	0.000351468675914612	0.000289133931338482
mextraccion_autoservicio_rank_delta1	0.000260954595622619	0.000507446715638352	0.000352501008506078
mtarjeta_master_consumo_rank_delta2	0.000258764122523145	0.000359860458269829	0.000205683299658753
vm_Fvencimiento_delta2	0.000257457008311029	0.000815563398735824	0.000415868085673673
Visa_mpagado_rank	0.000255119449705595	0.000288427420825779	0.000432488958373371
Visa_msaldodolares_rank	0.00025203293106495	0.000839461344256371	0.000380548731186817
vmr_mpagado_lag1	0.000247989954498939	0.000214644957301396	0.000221611635995963
Visa_msaldodolares_rank_delta1	0.000244267668375608	0.000501966598437439	0.000283939908619827
matm_rank_delta1	0.000243594065790112	0.000324709223624381	0.000256930990482819
vm_mconsumosdolares_rank_lag1	0.000241575235068572	0.000297745343018553	0.000229575804164567
Master_mpagado_rank_delta2	0.000240186671965948	0.000259542373098967	0.000249313090495458
vmr_mconsumosdolares_lag2	0.000239551828317684	0.000315829996028024	0.000284978713163558
vm_mpagospesos_rank_lag1	0.000234290451602075	0.000143856205684926	0.000257623526845306
vmr_mpagado_delta2	0.000233968574328831	0.000419862096888863	0.00024481160413929
rm_pagos_delta1	0.000231048674566235	0.000447290868294424	0.000297790635869575
cseguro_vida_lag2	0.000230644491487517	0.00120800054959928	0.000169325140628165
Master_mconsumosdolares_rank_delta2	0.000229628218400322	8.85012410412149e-05	0.000149241586116031
mpayroll_rank_lag1	0.000225769974564591	0.000491712529212617	0.000152704267928468
vmr_Visa_mlimitecompra_delta1	0.000225743224927668	0.000608036280388204	0.000383318876636766
vm_cconsumos_lag1	0.000224261272583797	0.000299258081950923	0.000178328113340501
mpayroll_sobre_edad_rank_lag1	0.000222528822762783	0.000343040812573753	0.000125349081610216
ctarjeta_debito_transacciones_delta1	0.000222221757628316	0.000613267594863698	0.000182137063334182
rf_004_020	0.000217584851907576	0.000328728015002236	0.000293289149513407
Visa_msaldodolares_rank_lag2	0.00021646095453552	0.0003310446040193	0.00039024424026164
rf_011_018	0.000212419005383542	0.000701399059357406	0.000280823494988634
ctarjeta_visa	0.000212270095935354	0.000370505297728461	4.50148635616799e-05
Visa_msaldodolares_rank_delta2	0.000211586204196346	0.000301421778173867	0.000267665304101373
cliente_edad_tend6	0.000210105675932625	0.00205745782642748	0.000547103726365033
vm_mconsumosdolares_rank_delta2	0.000209439104925314	0.000341529603793447	0.000186292281509106
vm_mpagado_rank_lag2	0.00020856395711177	0.000354696378675977	0.000228190731439593
rm_p_sp_lag2	0.00020254970246666	0.000428799103027113	0.000136429663410014
vm_mpagado_rank_delta2	0.000202517490271337	0.000261960013358262	0.00019979674057761
mtarjeta_master_consumo_rank_delta1	0.000200796874406044	0.00027377639844229	0.000178328113340501
m_inversiones_rank_lag1	0.000198863255106436	0.000354109595962917	0.000125002813428973
mtarjeta_master_consumo_rank_lag2	0.000190077054394961	0.00016811489985581	0.0001482027815723
cliente_edad_delta2	0.000189183280190304	0.00173248266237457	0.000396130799342783
matm_other_rank_delta1	0.000189026144402196	0.000746734465881446	0.000198411667852635
rm_ganchos_liviano_lag1	0.000188177111842606	0.00034714559849754	0.000152704267928468
vmr_mconsumosdolares_delta2	0.000187519679915764	0.000465637483337054	0.000173134090621846
vm_status04_delta1	0.000187219172138863	0.00240087325082925	0.000178328113340501
vm_cconsumos	0.000187140401672219	0.000303345699568564	0.000142662490672401
estado_delta2	0.000186542813569394	0.00106396690748115	0.000174172895165577
ctarjeta_debito_lag1	0.000185865282300805	0.00163193900218661	0.000356309958499759
vm_cconsumos_delta2	0.000185611291605223	0.00024107505966162	0.000121886399797779
vmr_mconsumosdolares_delta1	0.000185338306701631	0.00112803761827482	0.000178328113340501
ccomisiones_mantenimiento_delta1	0.000177464363534854	0.00511138608389805	0.000225420585989643
ctarjeta_visa_transacciones_delta1	0.000176677539912853	0.000440448058872425	0.000110113281635494
cajas_visitas_delta1	0.000175844810192333	0.00317762905535938	0.000202913154208803
ctarjeta_debito_delta1	0.00017317426477298	0.0038408155048392	0.000178674381521745
contactos_lag2	0.000171993907303647	0.000324510059031881	0.000136083395228771
mtarjeta_visa_descuentos_rank_delta1	0.000171534366114422	0.000587008165664563	0.0002607399404765
vmr_mpagado	0.000170628178237309	0.000258513621264076	0.000195295254221442
ctarjeta_master_debitos_automaticos_tend6	0.000170525434199012	0.000936364130022964	0.000185599745146619
ccaja_ahorro_lag2	0.000167578651901495	0.000574381259032846	0.000195641522402686
ccaja_ahorro_delta1	0.000165854500140696	0.00300607125215609	0.000131581908872603
vmr_msaldodolares2_delta2	0.000164300771690076	0.000633257929855277	0.000189408695140299
mtarjeta_visa_descuentos_rank_lag2	0.00016378434819402	0.000315222984704694	0.000170363945171896
rf_014_020	0.000162065467451131	0.000295932633075784	0.000253814576851626
ccajas_consultas_delta2	0.000161783962651506	0.00259819501999373	0.000145778904303594
cajas_ratio_03_delta1	0.000159984917427136	0.000543182009326188	0.000120847595254048
ccaja_seguridad	0.000157749203815433	0.00186900573671048	5.67879817239654e-05
vm_status03_delta2	0.000157272189119849	0.00103985437343531	0.000109420745273006
ccomisiones_otras	0.000157220149404693	0.000158474788844683	3.35880135806381e-05
visitas_delta2	0.000156510043299408	0.000388795235938683	0.000140584881584939
ccomisiones_otras_delta2	0.000153900800257203	0.000880390035251585	0.000166901263359459
vm_mconsumosdolares_rank_delta1	0.00015291010191373	0.000271428533117061	0.000168632604265678
ccaja_ahorro_lag1	0.000151825950370836	0.000686596551919695	0.000158937095190854
ctransferencias_recibidas_delta2	0.000148608449525302	0.00133182596307209	0.000165862458815728
m_ganchos_liviano_rank_lag1	0.000142609222239665	0.000335991861065847	0.000129850567966384
Master_msaldodolares_rank_lag2	0.000141659129183598	0.000129366461328861	0.000174519163346821
mttarjeta_master_debitos_automaticos_rank	0.000136303197246745	0.000409323021540815	0.000125349081610216
mtarjeta_master_consumo_rank_lag1	0.000135245979781178	0.000165850886863625	0.000124310277066485
vmr_mpagado_delta1	0.000134324610317948	0.000187123152650414	0.000136083395228771
vm_mpagado_rank_delta1	0.000129857717267755	0.000268880279077683	0.000121540131616536
vmr_msaldodolares2_lag1	0.000128687423381736	0.000210354013077643	0.000154089340653443
rf_008_025	0.000127082109680028	0.000278598366637932	0.000218148954183526
vmr_mpagosdolares_lag1	0.000123332738786889	0.000289503974611114	9.14147998483345e-05
visitas_lag1	0.000121719319920237	0.0016522701938517	0.000143008758853645
ctarjeta_visa_debitos_automaticos_lag2	0.000121287196363026	0.00036039588907966	7.75640725985869e-05
contactos_lag1	0.00011925180577473	0.000254006986805545	0.000106996868004301
vmr_mpagosdolares_lag2	0.000116112709099744	0.000191365040199031	0.000120501327072805
c_deb_aut_lag2	0.000115570959235068	0.000530813025126184	0.000110805817997981
mcheques_emitidos_rank_delta2	0.000112927642822527	0.00130534016317678	8.65670453109229e-05
vm_msaldodolares_rank_delta2	0.000111559094938877	0.000300866149356807	0.000105611795279326
vm_cconsumos_delta1	0.000110577162877718	0.000195291869437909	8.17192907735112e-05
p_y_ratio_delta2	0.000109876287779752	0.00038221919322732	9.69550907482336e-05
ccajeros_propios_descuentos_tend6	0.000108909932056722	0.000648052602914425	6.12894680801334e-05
ctarjeta_master_tend6	0.000108882277821367	0.00274082777729529	0.00031233389948181
cajas_visitas_delta2	0.000107350705535099	0.00195208619984778	0.000142662490672401
ctarjeta_debito_delta2	0.000106735020462899	0.001180799709645	0.000131235640691359
ccallcenter_transacciones	0.000105490188031947	0.00133691090320125	5.47103726365033e-05
Master_msaldodolares_rank_delta1	0.000104953976174319	0.000102915457091458	7.8602877142318e-05
vmr_mpagosdolares	0.000103903524609398	0.000371950740573107	9.3146140754553e-05
hb_cajas_lag1	0.000103800431965456	0.000741219981465202	0.000107689404366788
vm_mpagado_rank	0.000101173353010786	0.000134016899478258	9.45312134795278e-05
c_ganchos_liviano_delta2	0.000100307573279299	0.00169855885450786	7.8602877142318e-05
cextraccion_autoservicio_lag2	9.86531924866152e-05	0.000470264938602467	8.20655589547549e-05
c_ganchos_liviano_lag2	9.78725267819254e-05	0.00134006938188329	6.19820044426208e-05
ctransferencias_recibidas_lag2	9.76438928384662e-05	0.000462302486313043	0.000110459549816738
vmr_msaldodolares_lag1	9.75865533682122e-05	0.00024085713540483	0.000101802845285645
c_deb_aut_lag1	9.62640492891478e-05	0.000359102053701401	7.47939271486374e-05
vmr_msaldodolares2_delta1	9.49534043188155e-05	0.000293116755440613	0.000113229695266687
p_e_ratio_delta1	9.49238147189266e-05	0.000243107591249738	8.51819725859481e-05
c_y_sp_lag2	9.45271963395356e-05	0.000301406140019785	9.83401634732084e-05
visitas_lag2	9.41308972890434e-05	0.000331015316908817	9.52237498420151e-05
cpagomiscuentas_delta2	9.37767030428113e-05	0.00163542793250814	0.000110459549816738
cprestamos_personales_delta1	8.92282449343085e-05	0.00314481442411998	0.000131928177053846
vmr_msaldodolares_delta1	8.85965556326045e-05	0.000255528080368177	9.17610680295782e-05
vm_mpagosdolares_rank_delta1	8.70210445865129e-05	0.000514850601218755	7.51401953298811e-05
c_y_sp_delta1	8.1841156005247e-05	0.000771678209130865	7.92954135048053e-05
c_deb_aut_delta2	7.99542398876355e-05	0.000140488432803729	3.98208408430245e-05
ctransferencias_recibidas_lag1	7.92548401526604e-05	0.000201293615477046	7.410139078615e-05
ctarjeta_master_transacciones_delta2	7.85198727157835e-05	0.000670787265630716	5.85193226301839e-05
ccomisiones_mantenimiento_lag1	7.6357326158282e-05	0.000444721651171785	7.44476589673937e-05
cforex_tend6	7.53043747791749e-05	0.000687407777337333	0.000114961036172906
visitas	7.4201386090095e-05	0.000823934401626028	6.54446862550577e-05
cseguro_accidentes_personales_tend6	7.21799460815758e-05	0.00158540368101792	0.000159629631553342
p_e_ratio_lag1	7.17233917664022e-05	0.000200184775483185	9.93789680169394e-05
cextraccion_autoservicio_delta2	7.16797451862568e-05	0.000228198462816289	7.44476589673937e-05
ctransferencias_emitidas_lag1	7.12379667567322e-05	0.000694917396425279	7.79103407798306e-05
ctarjeta_visa_debitos_automaticos_lag1	6.88364372531017e-05	0.000200199311927782	4.57073999241673e-05
mcheques_emitidos_rank	6.87944873610874e-05	0.00137409518968652	6.26745408051082e-05
visitas_delta1	6.70914670559644e-05	0.000349152331721878	0.000103880454373107
vmr_mpagosdolares_delta1	6.6124053205511e-05	0.000325007939910089	5.40178362740159e-05
c_ganchos_liviano	6.44316885664266e-05	0.000665657767473483	2.07760908746215e-05
vmr_mpagosdolares_delta2	6.34513156469564e-05	0.000248168324373266	7.13312453362004e-05
ctarjeta_visa_tend6	6.09508602437268e-05	0.00103322394911963	0.000194948986040198
ccuenta_debitos_automaticos_lag2	5.88970314991973e-05	0.000286337477932263	4.32835226554614e-05
cseguro_vivienda_lag2	5.85611828546102e-05	8.81596192916642e-05	5.47103726365033e-05
c_seguros_lag2	5.73484417930358e-05	0.000327156854864107	7.20237816986878e-05
cpagomiscuentas_lag2	5.41491967778326e-05	0.000239580407126634	6.78685635237635e-05
ganchos_anclaje_ratio_delta2	5.40253526757261e-05	6.36775229196055e-05	1.55820681559661e-05
c_seguros_delta2	5.05016386757963e-05	0.000766678192441191	9.62625543857462e-05
c_y_sp_lag1	5.00839004572953e-05	0.000143048193586621	7.23700498799315e-05
cseguro_vida_tend6	4.92070557971312e-05	0.00146088250740214	0.000147856513391056
c_p_sp_lag2	4.91506557595554e-05	0.000827376019645778	5.159395900531e-05
ctransferencias_recibidas_delta1	4.81299442149883e-05	0.000223042125791874	5.64417135427217e-05
ctransferencias_emitidas_delta1	4.74157706457456e-05	0.000876097193639274	8.03342180485364e-05
ctarjeta_master_transacciones_delta1	4.63324920066396e-05	0.00032650390837585	2.63163817745206e-05
cextraccion_autoservicio_lag1	4.57999474046847e-05	0.000228696466106662	5.67879817239654e-05
c_pagos_lag1	4.573651088409e-05	0.000141144194771782	3.87820362992934e-05
cpagomiscuentas_lag1	4.51599648296098e-05	0.000209979737883071	4.57073999241673e-05
cpayroll_trx_lag2	4.47759524992348e-05	0.00031604684917837	3.7050695393075e-05
catm_trx_lag2	4.40596223374429e-05	0.000264714807323083	4.32835226554614e-05
c_deb_aut	4.29482377764147e-05	3.58785771270011e-05	9.00297271233598e-06
cpayroll_trx_lag1	4.27927531147129e-05	5.85295099224126e-05	1.17731181622855e-05
vm_mpagosdolares_rank	4.21667198701745e-05	9.79631505431029e-05	5.50566408177469e-05
ccomisiones_otras_delta1	4.18678743317636e-05	0.00044773243957672	8.13730225922675e-05
cinversion2_lag2	4.04639810407924e-05	0.000786980862071837	4.01671090242682e-05
ccaja_seguridad_tend6	4.02091813039899e-05	0.00207669667313795	0.000121540131616536
ctransferencias_recibidas	3.9861489254676e-05	0.000122817532912052	2.70089181370079e-05
cinversion2_lag1	3.75509557164397e-05	0.000957632356208307	5.12476908240663e-05
cajas_ratio_02	3.72480725931466e-05	0.000286392287979154	8.89909225796287e-05
ccuenta_debitos_automaticos_lag1	3.697292381711e-05	0.000116233564013003	3.28954772181507e-05
c_y_sp	3.56335316446985e-05	0.000145106554141559	3.28954772181507e-05
catm_trx_delta1	3.47108246166413e-05	9.8814343532622e-05	2.94327954057138e-05
vm_status03_delta1	3.0399267745911e-05	0.000559636591343111	6.54446862550577e-05
ctarjeta_debito	2.31170266181452e-05	0.000505512664636999	4.53611317429236e-05
ctarjeta_visa_debitos_automaticos_delta1	2.15357484576894e-05	0.000337502641403576	2.83939908619827e-05
ccaja_ahorro	2.06876012747018e-05	0.00247282773349328	8.06804862297801e-05
ctarjeta_visa_debitos_automaticos_delta2	2.03277550404816e-05	8.49385573902527e-05	2.73551863182516e-05
ctarjeta_visa_delta1	1.50080136774751e-05	0.000196521499635611	2.11223590558652e-05
c_pagos_delta1	1.43956181090744e-05	0.000142411833946725	2.11223590558652e-05
c_deb_aut_delta1	1.38243821042865e-05	7.56902265132966e-05	2.21611635995963e-05
ccheques_emitidos	1.20235463794273e-05	0.00017934138071657	6.57909544363014e-06
mprestamos_hipotecarios_rank_lag1	6.95444313233488e-06	2.9532577476766e-05	5.88655908114276e-06
ctarjeta_visa_debitos_automaticos	6.06477717285144e-06	7.59053352902912e-06	2.07760908746215e-06
ccomisiones_mantenimiento	2.61091185026476e-06	0.0009967023102867	3.32417453993944e-05
ccuenta_debitos_automaticos	2.43628586726895e-06	1.16759477277003e-05	6.92536362487383e-07
