Feature	Gain	Cover	Frequency
rf_013_015	0.142681262824385	0.00499749720688719	0.0041042565795041
m_y_sp_rank	0.0610547703279292	0.00166781988181132	0.000761614623000762
rf_001_023	0.0438851457407353	0.00278513541447824	0.00482355927900482
rf_002_016	0.0434349301529858	0.00139442410011616	0.00194634848100195
rf_019_021	0.0360943111849484	0.00273965064062178	0.00596598121350597
rf_005_023	0.0310349270742206	0.00386031145851022	0.0013962934755014
rf_020_015	0.0280397414494631	0.0013178225638783	0.00279258695100279
ctrx_quarter_normalizado	0.0159262531686968	0.00298227998754601	0.00148091732250148
mcuentas_saldo_rank	0.0141131921973908	0.0052698792137488	0.00291952272150292
rf_008_023	0.0106608606475652	0.00203578007624187	0.00545823813150546
rf_016_029	0.0103698700162063	0.00156436104029908	0.000507743082000508
mpasivos_margen_rank	0.00940542041562468	0.00323596068226059	0.0022002200220022
rf_018_022	0.009394978273408	0.00269140388846383	0.00406194465600406
mpayroll_rank	0.00809818409163175	0.000970746932422109	0.000253871541000254
cdescubierto_preacordado	0.00785095568538128	0.00469910337494835	0.00283489887450284
rf_013_023	0.00782828198336675	0.00216140229099282	0.00571210967250571
vm_status01	0.00699928702188207	0.00247853349821506	0.000888550393500889
mpayroll_sobre_edad_rank	0.00611359078566069	0.00063879263128964	0.000296183464500296
rf_003_017	0.00598276991311697	0.000820608081676506	0.000592366929000592
mrentabilidad_annual_rank_lag2	0.00554819556968644	0.00522822400151657	0.00385038503850385
thomebanking	0.00549465021263305	0.00306576786553866	0.00715071507150715
m_anclaje_pesado_rank	0.00491348495641413	0.00177944273048124	0.000803926546500804
rf_015_029	0.00448267985133617	0.00345926018808961	0.00452737581450453
rf_011_025	0.00432680887873158	0.00142189161655518	0.00372344926800372
mcuentas_saldo_rank_delta2	0.00406066231847	0.00382353049399552	0.00406194465600406
ccomisiones_mantenimiento_tend6	0.00406058515000092	0.0047746522110626	0.00105779808750106
mcomisiones_otras_rank_delta2	0.00388342945576647	0.00333031787506952	0.00372344926800372
rf_005_022	0.00378288451455628	0.00103227121550293	0.00143860539900144
mrentabilidad_annual_rank_delta2	0.00367285744037615	0.00321074281861428	0.0041042565795041
mprestamos_personales_rank	0.00355553199489657	0.00324391403490739	0.00101548616400102
vm_mpagominimo_rank	0.00349724875743758	0.00195781672728292	0.00169247694000169
tcallcenter_delta2	0.0034165788370049	0.00242860036510869	0.00135398155200135
m_anclaje_pesado_rank_lag1	0.00331754534827706	0.000996399270997093	0.000507743082000508
rf_006_026	0.00327980468735009	0.00154523269482295	0.00351188965050351
mpasivos_margen_rank_lag1	0.00322251670835758	0.00111077551150745	0.00131166962850131
rm_anclaje_pesado	0.00321642632575393	0.0013454263188325	0.000507743082000508
rf_010_024	0.00305279061106033	0.000474216504949908	0.000253871541000254
vm_status06	0.00301018441996708	0.000663538812009444	0.000465431158500465
rf_012_023	0.00295998693763857	0.00192695297928686	0.00126935770500127
cproductos_tend6	0.00293173704737129	0.00365892689098046	0.000761614623000762
mactivos_margen_rank	0.00290330156311192	0.00367900260932476	0.00291952272150292
mcomisiones_rank_delta2	0.00286887676069384	0.00215672953889438	0.003004146568503
foto_mes	0.00285022010452795	0.00126680810911151	0.00207328425150207
Visa_status	0.00280150317302745	0.00180881186182545	0.000761614623000762
m_anclaje_pesado_rank_delta1	0.00270750229817849	0.00254982115993009	0.000888550393500889
rf_017_021	0.00257432087117911	0.00150880091305725	0.00389269696200389
mrentabilidad_annual_rank_delta1	0.00243469729798328	0.00205124429257648	0.00308877041550309
Visa_fechaalta_lag2	0.00241684036160634	0.00230705671935215	0.00372344926800372
ctarjeta_visa_transacciones_tend6	0.00238318502696467	0.00547132560379805	0.00279258695100279
mcuenta_corriente_rank	0.00231875513339924	0.00348888576840358	0.00342726580350343
Visa_mpagominimo_rank_lag2	0.00225871699790975	0.00236933546614309	0.00334264195650334
mcomisiones_mantenimiento_rank	0.00222956418932602	0.00482917280408775	0.00401963273250402
Visa_mlimitecompra_rank_delta2	0.00218302816505289	0.00352909273087358	0.00630447660150631
Master_fechaalta	0.00217005671926016	0.00274018471849852	0.00537361428450537
vm_status06_delta2	0.00216087351457526	0.00100574706491693	0.000296183464500296
mcuentas_saldo_rank_delta1	0.00214010254440476	0.00388315430703263	0.00397732080900398
r_time_alta_visa_lag2	0.00212951453579402	0.00290803572107924	0.0055005500550055
Visa_mlimitecompra_rank_delta1	0.00211293017764646	0.00294559805354866	0.00626216467800626
mtarjeta_visa_consumo_rank	0.00207390572025731	0.000786562191218697	0.000846238470000846
cproductos_delta2	0.0020611230820982	0.000786012085281345	0.000169247694000169
Visa_mpagospesos_rank_delta2	0.00199360352665754	0.00350302251786128	0.00617754083100618
rf_018_012	0.00198532602793805	0.00163976390657563	0.000719302699500719
mcuenta_corriente_rank_lag2	0.00198032632186456	0.00341722717157158	0.00287721079800288
Visa_mfinanciacion_limite_rank_delta2	0.00196190391027518	0.00448565025021028	0.00655834814250656
r_time_alta_master_lag2	0.00192891868998863	0.00369560424553193	0.00605060506050605
Visa_mconsumospesos_rank_lag1	0.00192684927441357	0.00293722110215718	0.00499280697300499
rm_deb_aut	0.00191511385807421	0.00162954086606036	0.00228484386900229
rf_015_015	0.00190243398364972	0.000506244577063111	0.0013962934755014
r_time_alta_visa_delta2	0.00190089842512551	0.00276440311807968	0.00499280697300499
mactivos_margen_rank_delta2	0.00185201386894294	0.00528184816800904	0.00448506389100448
r_time_alta_master_delta1	0.00184959166810072	0.00342735461615393	0.00621985275450622
Visa_fechaalta_lag1	0.00184743396261821	0.0029591068464889	0.00431581619700432
Master_fechaalta_lag1	0.0018453924707248	0.00282544140746558	0.00465431158500465
r_time_alta_master	0.00181890074057971	0.00220223492025734	0.0052043665905052
r_time_alta_visa	0.00181737430527058	0.00274848210201769	0.00541592620800542
mcomisiones_otras_rank_lag2	0.00181342320214987	0.00129254573986617	0.00245409156300245
mcomisiones_otras_rank	0.00179128317951352	0.0016825880223709	0.00283489887450284
Master_fechaalta_lag2	0.00178980799786247	0.00253987174130666	0.00482355927900482
mcuenta_debitos_automaticos_rank	0.00178302802844227	0.00290495890587293	0.00122704578150123
mcuenta_corriente_rank_lag1	0.00177002679745463	0.00245591504254119	0.0024964034865025
cliente_edad_lag1	0.00176383436370827	0.00316770117913931	0.00351188965050351
Master_mfinanciacion_limite_rank_delta2	0.00176186608428716	0.00339180437772176	0.00643141237200643
thomebanking_lag2	0.00174806476597515	0.00205517345714879	0.00571210967250571
mcuenta_corriente_rank_delta2	0.00174584544175506	0.00384800591497717	0.00262333925700262
cliente_edad_lag2	0.00174393743723435	0.00300017474478594	0.00308877041550309
rf_002_024	0.00174003180204568	0.00103172683387294	0.00105779808750106
mrentabilidad_annual_rank_lag1	0.00173901764893861	0.0026560780428802	0.003004146568503
r_time_alta_master_lag1	0.00173164259469759	0.00231087883937681	0.00528899043750529
Master_mlimitecompra_rank_delta1	0.00171646521101388	0.00278619784592437	0.00621985275450622
mpayroll_sobre_edad_rank_lag1	0.00171235461299405	0.00127943364142601	0.000592366929000592
Master_mlimitecompra_rank_delta2	0.00168067488579207	0.00297532838868732	0.00621985275450622
numero_de_cliente	0.00168041146847135	0.00406342533929361	0.00372344926800372
r_time_alta_visa_lag1	0.0016565658231759	0.00234505295431949	0.00499280697300499
r_time_alta_master_delta2	0.00164853601182379	0.00250938179058125	0.0055005500550055
Master_Fvencimiento_lag1	0.00162069956493144	0.00279916969883418	0.00456968773800457
Visa_mpagominimo_rank	0.00160842873444723	0.00213871571606136	0.00346957772700347
Visa_mconsumospesos_rank_lag2	0.00157550894648361	0.0022546856037409	0.00473893543200474
Visa_mfinanciacion_limite_rank_lag1	0.00157437877559234	0.00259289771767996	0.00389269696200389
mactivos_margen_rank_delta1	0.00156956516302588	0.00362346079986649	0.00406194465600406
Master_mfinanciacion_limite_rank_delta1	0.00154950007306214	0.00298652112686947	0.0055005500550055
Master_mfinanciacion_limite_rank_lag2	0.00153062905655383	0.00275237119643847	0.00435812812050436
Visa_msaldopesos_rank	0.00153054943393422	0.00115266026846484	0.00211559617500212
rf_011_016	0.001503307326035	0.00015966180847067	0.000296183464500296
rf_007_015	0.00150246691505024	0.000875904890779746	0.000888550393500889
Visa_mconsumospesos_rank	0.00150133636758873	0.00268053514607829	0.00431581619700432
rf_007_026	0.00150125325566557	0.00128880204285234	0.0024964034865025
Master_Fvencimiento_lag2	0.0014936484229345	0.002842012132413	0.00444275196750444
mcomisiones_mantenimiento_rank_lag2	0.0014716722546842	0.00232767910904939	0.00215790809850216
Visa_mconsumototal_rank_delta1	0.0014702021397704	0.00244763654923631	0.00444275196750444
vm_msaldopesos_rank	0.00146640120743315	0.00124779825679775	0.000888550393500889
mcomisiones_mantenimiento_rank_delta2	0.00146453722276839	0.00190192916966007	0.00135398155200135
Visa_mpagospesos_rank_delta1	0.0014586696139987	0.00226528415881902	0.00490818312600491
mrentabilidad_rank_delta2	0.00145768017153238	0.00188850509646876	0.00313108233900313
Master_mfinanciacion_limite_rank_lag1	0.00144917023774323	0.00223042026483938	0.00461199966150461
vm_status01_delta1	0.00144501036182751	0.000870518889984173	0.00055005500550055
mcomisiones_rank_lag2	0.00143235515384188	0.00173617269114259	0.00215790809850216
Visa_msaldototal_rank_lag2	0.00142163417289399	0.00195425792539685	0.00304645849200305
Visa_mpagospesos_rank_lag2	0.00141409716250151	0.00211463126527244	0.00435812812050436
Visa_Fvencimiento_lag2	0.00141040613492533	0.00263730460446042	0.00380807311500381
cproductos	0.00140543428154744	0.00180529484738311	0.000380807311500381
mcomisiones_rank_lag1	0.00140127492164598	0.00171430011271779	0.00275027502750275
vm_fechaalta_lag1	0.00139289083465153	0.00264703649940415	0.00372344926800372
Visa_msaldototal_rank_lag1	0.00139281375687711	0.00115329681144334	0.00198866040450199
thomebanking_lag1	0.00138708276283691	0.00181723746982949	0.0046966235085047
cdescubierto_preacordado_delta2	0.00138601849703722	0.0029976405939174	0.000676990776000677
vm_fechaalta_lag2	0.00137644462828735	0.00285144121149736	0.00321570618600322
rf_010_023	0.00137239545683679	0.00147034730593179	0.0044004400440044
Visa_mconsumospesos_rank_delta1	0.00137164992769105	0.00248763972636428	0.00435812812050436
Visa_mfinanciacion_limite_rank	0.00136462576741346	0.00194979640024001	0.0035965134975036
Visa_mfinanciacion_limite_rank_lag2	0.00135863941150931	0.00171585769675061	0.0033003300330033
Visa_mpagominimo_rank_delta2	0.00135701447357372	0.00212397963162301	0.00376576119150377
tcallcenter_delta1	0.00135475208455326	0.00232496864951415	0.000973174240500973
Visa_mconsumosdolares_rank_lag2	0.00135051486272187	0.00200809904313829	0.00342726580350343
mcaja_ahorro_dolares_rank_delta2	0.00134605639767656	0.00278050616711574	0.00160785309300161
Visa_fechaalta	0.00134536976166551	0.0024987780836265	0.00338495388000338
Visa_mlimitecompra_rank_lag1	0.00134063066598527	0.00225396376858273	0.00368113734450368
vm_fechaalta	0.00134038406367345	0.00196904896318586	0.00355420157400355
Visa_mfinanciacion_limite_rank_delta1	0.00134027083230421	0.00255685919582993	0.00482355927900482
Visa_mlimitecompra_rank_lag2	0.00133380356689493	0.0025321714030452	0.00355420157400355
ctarjeta_master_delta2	0.00132863637545593	0.00219215498742609	0.000507743082000508
rm_e_sp	0.00132004015517742	0.00314951791680842	0.00346957772700347
Visa_cconsumos	0.00132003383095228	0.00215635803134668	0.0041042565795041
Visa_msaldopesos_rank_delta2	0.00131476519224904	0.00225330719052847	0.00317339426250317
Master_Fvencimiento	0.00131172777558454	0.00227506413794458	0.00389269696200389
ccaja_seguridad_lag2	0.00131164737104521	0.00137444855715066	0.000253871541000254
vmr_mpagominimo_lag2	0.00131161557288588	0.00103116527932086	0.00177710078700178
ccaja_seguridad_lag1	0.00130505154665862	0.000902271622913332	0.000169247694000169
m_e_sp_rank_delta2	0.00129997206344449	0.00430892714365139	0.00351188965050351
vm_Fvencimiento	0.0012991414107518	0.00245988313240354	0.00342726580350343
mrentabilidad_rank	0.00129894430512151	0.00265910448418174	0.00296183464500296
Visa_mconsumototal_rank_delta2	0.00129833576747708	0.00169171371316514	0.00401963273250402
Visa_Fvencimiento_lag1	0.00129793037970963	0.00277496103057554	0.00401963273250402
e_y_ratio_lag1	0.00129044279090008	0.00179391492435027	0.0035965134975036
mcomisiones_rank_delta1	0.00128420304796535	0.00458382899061312	0.00342726580350343
Visa_Fvencimiento	0.00128420070307078	0.00278122514012023	0.00406194465600406
Master_mlimitecompra_rank	0.00128343945730855	0.00190200358565576	0.00368113734450368
ccajas_transacciones_delta2	0.00128114709455239	0.00129535179533432	0.000507743082000508
rm_e_sp_delta1	0.00127634228308132	0.00299940310815373	0.00338495388000338
mautoservicio_rank	0.00127590752079599	0.00190808852438006	0.00122704578150123
Visa_msaldototal_rank_delta2	0.00127483411711676	0.00218501391399376	0.00338495388000338
rm_e_sp_lag2	0.00126976815287603	0.00363072151132265	0.00313108233900313
r_time_alta_visa_delta1	0.00126430370245154	0.00139825766875554	0.00389269696200389
mpasivos_margen_rank_delta2	0.00126289626036728	0.00314228697175053	0.00304645849200305
Visa_mpagospesos_rank	0.00125948790307918	0.00145862335202658	0.00317339426250317
mcaja_ahorro_rank_delta1	0.00125061283821265	0.00292792482700359	0.00283489887450284
rf_004_016	0.00124866060149721	0.000246097132323279	0.000253871541000254
mrentabilidad_rank_delta1	0.00124053218479123	0.00179890709279943	0.00325801810950326
e_y_ratio	0.00123348893730938	0.00183416252940253	0.00325801810950326
Master_mfinanciacion_limite_rank	0.0012238536918304	0.00170302150992524	0.00372344926800372
vm_Fvencimiento_lag1	0.00122182524989982	0.00221361770544386	0.00325801810950326
m_anclaje_pesado_rank_delta2	0.00121933567683231	0.00309281579024815	0.00118473385800118
Visa_cconsumos_lag2	0.00120963814296313	0.00200219327523438	0.00321570618600322
Visa_mpagominimo_rank_lag1	0.00120702678644275	0.00163543690264177	0.00287721079800288
vmr_mpagominimo	0.0012020150466478	0.00119823605880834	0.00177710078700178
m_ganchos_liviano_rank	0.00118642492589023	0.00203252924209179	0.000465431158500465
cliente_antiguedad_lag2	0.00118272138937824	0.00232446090345127	0.00253871541000254
ctrx_quarter_delta2	0.0011758963637737	0.00229742900680238	0.0019040365575019
vm_Fvencimiento_lag2	0.00117134531293926	0.00175558381740233	0.00321570618600322
Visa_mconsumospesos_rank_delta2	0.00116924862969922	0.00166842952054523	0.00385038503850385
rm_e_sp_delta2	0.00116311866611845	0.0018469700946911	0.00338495388000338
Visa_cconsumos_lag1	0.00116245972452037	0.00181273243993671	0.00262333925700262
Master_mlimitecompra_rank_lag1	0.00116016650285375	0.00165056223998064	0.00385038503850385
vmr_pagominimo_saldo_lag1	0.00114234591110072	0.00215052438971551	0.0024964034865025
mprestamos_personales_rank_delta1	0.0011400973794495	0.0029704638722923	0.00101548616400102
ctrx_quarter	0.00113972270117996	0.00435687222481143	0.00173478886350173
Master_mlimitecompra_rank_lag2	0.00113802757930836	0.00157242830666235	0.00376576119150377
cliente_edad	0.00113648844858179	0.00296866300519666	0.00266565118050267
mcomisiones_mantenimiento_rank_delta1	0.00112758563261511	0.00223351654269072	0.0013962934755014
mcaja_ahorro_rank_delta2	0.00109563965598836	0.00235882392053685	0.00270796310400271
ctrx_quarter_normalizado_delta2	0.00108474856253716	0.0020218247873275	0.00173478886350173
mcomisiones_mantenimiento_rank_lag1	0.00107643343907521	0.00382405598541122	0.00224253194550224
m_deb_aut_rank_delta2	0.0010659761442223	0.002208674766038	0.00186172463400186
mrentabilidad_annual_rank	0.00106329899534819	0.00157972050180899	0.00207328425150207
mprestamos_personales_rank_delta2	0.0010622583438353	0.0017594998160677	0.000888550393500889
vmr_Master_mlimitecompra	0.00106033117144806	0.00227787992473525	0.00304645849200305
Visa_msaldototal_rank	0.00105922898100587	0.00256675824054859	0.0022002200220022
vmr_pagominimo_saldo	0.00105505677120757	0.00239247254406384	0.00258102733350258
Visa_mpagospesos_rank_lag1	0.0010464240207802	0.000940364026244337	0.00279258695100279
rf_012_015	0.00104620711494603	0.00108794811861491	0.00173478886350173
rm_e_sp_lag1	0.00104509369225629	0.00239854431688121	0.003004146568503
mcuentas_saldo_rank_lag1	0.00104002279225846	0.00187840570099249	0.00156554116950157
chomebanking_transacciones_delta2	0.00103208115851029	0.00317405802246324	0.0019040365575019
rf_010_019	0.00102591689928467	0.000830467056243639	0.00114242193450114
mcuentas_saldo_rank_lag2	0.00102433181962079	0.00245886134353968	0.00241177963950241
ccomisiones_otras_tend6	0.0010239493020147	0.00435969774292461	0.00258102733350258
vmr_mpagominimo_lag1	0.0010181873867633	0.00115482863609303	0.00152322924600152
chomebanking_transacciones_lag2	0.00101020089405348	0.00159990440956241	0.00207328425150207
ctarjeta_visa_debitos_automaticos_tend6	0.00100386250513721	0.00378125762899908	0.00122704578150123
mpasivos_margen_rank_delta1	0.000999959546241985	0.00317872505025432	0.00262333925700262
vm_mfinanciacion_limite_rank_delta2	0.000987741484092769	0.00208174798163956	0.00287721079800288
mactivos_margen_rank_lag1	0.000987323687301942	0.00149101491765718	0.00165016501650165
cajas_ratio_01_delta2	0.000977403148509628	0.00174052030258295	0.000380807311500381
e_y_ratio_delta2	0.000976109317676446	0.00317355027640036	0.00253871541000254
vmr_Master_mlimitecompra_lag2	0.000963191365653135	0.00142161627737114	0.00232715579250233
vm_mlimitecompra_rank_delta2	0.000960930675130368	0.00164042334678357	0.00283489887450284
Master_mpagospesos_rank_lag2	0.000946404940913809	0.0018646215688682	0.00215790809850216
cliente_antiguedad	0.00092214086881722	0.00149650052140083	0.00224253194550224
m_y_sp_rank_delta2	0.000920067709911214	0.00137460883775676	0.00169247694000169
rf_005_021	0.000920044728738725	0.00139889764631845	0.00241177963950241
mcomisiones_otras_rank_lag1	0.000910556963503365	0.00169487524812039	0.00236946771600237
Visa_msaldopesos_rank_delta1	0.00090953592983443	0.00239382004601652	0.00262333925700262
rm_ganchos_liviano	0.000909149552460505	0.00100885479138299	0.000296183464500296
vm_msaldototal_rank	0.000908139008713294	0.000819243406801743	0.000803926546500804
Visa_msaldopesos_rank_lag2	0.000903764393666773	0.00136502978181956	0.00236946771600237
vm_mlimitecompra_rank_delta1	0.000900468788315356	0.00145870349232963	0.00232715579250233
vmr_Visa_mlimitecompra_lag2	0.000889022433235161	0.00175008447532101	0.00232715579250233
chomebanking_transacciones	0.000887043633523186	0.00211563759850643	0.00177710078700178
ctarjeta_debito_transacciones_tend6	0.000870945862286834	0.0043948100718437	0.00203097232800203
Master_cconsumos_lag2	0.000868299652179294	0.00170499525110317	0.00236946771600237
cpagomiscuentas_tend6	0.000868007156303092	0.0030813912176179	0.000973174240500973
m_deb_aut_rank	0.000865328087251154	0.00122415686739853	0.00148091732250148
e_y_ratio_lag2	0.000862055977675785	0.00109256248277828	0.00266565118050267
rf_011_021	0.000857718091141098	0.00103316477988192	0.000930862317000931
Master_msaldototal_rank	0.000852882981625879	0.0017351045353891	0.0013962934755014
cajas_ratio_01	0.000852564496714562	0.00188938320521788	0.000380807311500381
ctrx_quarter_normalizado_delta1	0.000850334019883396	0.00156438222023631	0.0011001100110011
Visa_mpagominimo_rank_delta1	0.000845911887971429	0.00141878045550471	0.00241177963950241
vm_mfinanciacion_limite_rank_delta1	0.000842852636851542	0.00263792569180905	0.00283489887450284
cliente_antiguedad_lag1	0.000842262425731335	0.00241865266377747	0.00215790809850216
mcomisiones_rank	0.000838921045947228	0.00197254880470612	0.00270796310400271
rf_018_021	0.000838002525509197	0.000887438225249851	0.00105779808750106
thomebanking_delta2	0.000835535709156349	0.00164339998661107	0.00114242193450114
m_anclaje_pesado_rank_lag2	0.00083197895725682	0.00122456558294408	0.00055005500550055
vmr_pagominimo_saldo_lag2	0.000821850782739063	0.00310544418471634	0.00224253194550224
Visa_cconsumos_delta2	0.000814112415553668	0.00144178930894057	0.00203097232800203
rm_deb_aut_lag2	0.000811896204671362	0.00123134259042827	0.00194634848100195
seguros_ratio_01	0.000811062733455612	0.00234019416223183	0.00181941271050182
vmr_Master_mlimitecompra_lag1	0.00079896956042966	0.00141558228498235	0.00211559617500212
ctrx_quarter_delta1	0.000795414164247661	0.00157272253606068	0.00105779808750106
rm_deb_aut_lag1	0.00077759198156421	0.00128230896101323	0.00181941271050182
contactos_delta2	0.000776542934188147	0.00217148909299291	0.000634678852500635
Master_mconsumospesos_rank_lag2	0.000775340377857554	0.00132445016694038	0.00181941271050182
vmr_Visa_mlimitecompra	0.000770966362837281	0.00120569826588359	0.00215790809850216
seguros_ratio_01_lag2	0.000765287694140311	0.00189507774618019	0.00173478886350173
mactivos_margen_rank_lag2	0.000762095108900686	0.00189905900194947	0.00173478886350173
mpayroll_rank_delta2	0.000760622991904133	0.00278774913321908	0.000930862317000931
mcuenta_debitos_automaticos_rank_lag2	0.000760076509112836	0.000891006186027703	0.000973174240500973
Master_mconsumospesos_rank_lag1	0.000736290930476964	0.00141724748599354	0.00156554116950157
m_deb_aut_rank_lag2	0.000733103747513671	0.00080061536578893	0.00156554116950157
mcaja_ahorro_dolares_rank_lag1	0.000730696538313215	0.0023714105275613	0.00160785309300161
ctransferencias_recibidas_tend6	0.000723917096672945	0.00295535456301404	0.00173478886350173
m_e_sp_rank_delta1	0.000723456508401767	0.00151777777186012	0.0019040365575019
Master_msaldopesos_rank	0.000717838147190674	0.000769824316496349	0.00160785309300161
cproductos_delta1	0.000716885264799312	0.000537757461513862	0.000126935770500127
Master_cconsumos_delta1	0.00071375663780092	0.000527001487983324	0.00122704578150123
Visa_msaldopesos_rank_lag1	0.000705763805086034	0.00136888682011912	0.00207328425150207
rf_009_023	0.000704909591343848	0.000637409066200587	0.000719302699500719
mcaja_ahorro_dolares_rank	0.000702826024472347	0.00271896471111283	0.0013962934755014
vmr_Visa_mlimitecompra_lag1	0.000694736740159797	0.00092715804916347	0.00194634848100195
cprestamos_personales_delta2	0.000690695987552775	0.00149502021551738	0.000296183464500296
vmr_pagominimo_saldo_delta2	0.000689763205277407	0.00150576531286393	0.00207328425150207
Master_cconsumos	0.000687873353253304	0.00122298624654329	0.00186172463400186
rf_007_025	0.000681011738123971	0.000615371627723811	0.00131166962850131
rf_010_021	0.000678888730193359	0.00194118131766233	0.00198866040450199
mrentabilidad_rank_lag2	0.000678234316033511	0.00181875555614152	0.00181941271050182
Visa_msaldototal_rank_delta1	0.000676312171327869	0.00137043295553721	0.00215790809850216
Master_mpagospesos_rank	0.000675528897422535	0.00186234100481574	0.00152322924600152
mtransferencias_emitidas_rank	0.000674679914816032	0.00202757256434826	0.00152322924600152
chomebanking_transacciones_lag1	0.00067230615489514	0.00125696344531278	0.00173478886350173
c_e_y_ratio_lag1	0.00066001409526205	0.00244447272455812	0.00186172463400186
chomebanking_transacciones_delta1	0.000659681828524696	0.0026840389946137	0.00122704578150123
rf_002_019	0.000655046304840832	0.00132185476598309	0.00148091732250148
c_e_sp	0.000653640480839929	0.00045279958139102	0.000296183464500296
mttarjeta_visa_debitos_automaticos_rank_delta2	0.000652768885747619	0.000844062858655762	0.00101548616400102
rf_005_018	0.00065022393530853	0.000886716962522417	0.00118473385800118
vmr_msaldopesos2_lag1	0.000646980202622836	0.00101132597487055	0.00160785309300161
mcaja_ahorro_dolares_rank_delta1	0.000641727342279037	0.00295182724481844	0.00114242193450114
Visa_fultimo_cierre	0.000637923749279818	0.00119347000049992	0.00165016501650165
rf_001_015	0.000637133104462224	0.00114433025639372	0.00148091732250148
Master_fultimo_cierre_lag1	0.000636549817774198	0.000956892391317287	0.00181941271050182
Master_fultimo_cierre_lag2	0.000631757893288068	0.00146425607046939	0.00173478886350173
atm_ratio_eme_lag1	0.000631344415091784	0.00102443349386482	0.00177710078700178
rm_y_sp_delta2	0.000629792963715479	0.00303475185096681	0.00165016501650165
vm_fultimo_cierre	0.000629311261066153	0.00110595736200204	0.0019040365575019
mtransferencias_recibidas_rank_delta2	0.000628574795273869	0.00124078598028103	0.00148091732250148
atm_ratio_c	0.000627236634653796	0.00109792615877515	0.0022002200220022
mcaja_ahorro_rank	0.000624896201456519	0.00180770020133603	0.0011001100110011
Master_mpagominimo_rank	0.000615947893377722	0.00167590775568109	0.00181941271050182
mtransferencias_emitidas_rank_lag2	0.000614139504513735	0.00179183013160954	0.00169247694000169
vm_fultimo_cierre_lag2	0.000611037416192394	0.00192578579301604	0.00186172463400186
vmr_msaldototal_delta2	0.000610792568494232	0.000682424446853482	0.000930862317000931
rf_016_015	0.000603614249532912	0.000755946878162086	0.00148091732250148
rm_y_sp_lag2	0.000598975269758041	0.000895497477582817	0.00122704578150123
Master_mpagospesos_rank_delta1	0.000597029509397113	0.00114483628516439	0.00135398155200135
Visa_mconsumosdolares_rank_delta1	0.000594123257420955	0.000818902238083052	0.00126935770500127
ccaja_ahorro	0.000593581287177174	0.00249417631293933	0.000465431158500465
mcaja_ahorro_rank_lag1	0.000591073015528756	0.00125666005702267	0.00105779808750106
c_e_y_ratio_delta2	0.000587188392725181	0.00180486323460812	0.0013962934755014
vm_mlimitecompra_rank_lag2	0.000579129603413191	0.00095678591920038	0.00173478886350173
mtransferencias_recibidas_rank_lag2	0.000576112046228606	0.000888862432921164	0.00169247694000169
ctrx_quarter_normalizado_lag2	0.000571921083021308	0.00207237213861366	0.00122704578150123
vm_mfinanciacion_limite_rank	0.000566720130791557	0.00126821342656853	0.00143860539900144
c_e_sp_delta1	0.000564621470409576	0.00207663388544362	0.000803926546500804
mtransferencias_recibidas_rank	0.000564590888055408	0.00215243917052762	0.00160785309300161
Visa_fultimo_cierre_lag2	0.000563498652322454	0.00142227457271761	0.0013962934755014
vm_mpagominimo_rank_lag2	0.000559353653477464	0.000896650925515974	0.00114242193450114
Master_Fvencimiento_delta2	0.000558222604820054	0.000913384220792433	0.0013962934755014
ccaja_seguridad	0.000557771030792381	0.00224204518822726	0.000423119235000423
Master_mpagominimo_rank_lag2	0.000557008485547641	0.000875908897794899	0.00122704578150123
vmr_msaldopesos2	0.000554782187045199	0.00131526494334959	0.00177710078700178
vmr_msaldopesos	0.000554671958134708	0.000736465915352547	0.00122704578150123
mprestamos_personales_rank_lag2	0.000554001876973199	0.00255557294396601	0.000973174240500973
vmr_mconsumospesos	0.000551529219568525	0.00110369568816388	0.0011001100110011
vmr_msaldopesos_lag2	0.000548886380343761	0.00095074162305834	0.00126935770500127
rm_y_sp_lag1	0.000545025082331953	0.00118763635886874	0.00118473385800118
seguros_ratio_01_lag1	0.000542826081490321	0.00156035402514667	0.00126935770500127
mtransferencias_emitidas_rank_delta2	0.000542668869958361	0.00222830513326965	0.000973174240500973
rf_014_015	0.000539967654963965	0.000679981884902721	0.00152322924600152
vmr_msaldopesos2_lag2	0.000539311864106966	0.000715307158055621	0.00135398155200135
Master_fultimo_cierre	0.000535426358519554	0.00124438256259568	0.00148091732250148
m_inversiones_rank	0.000532824341632429	0.00123149657429627	0.000338495388000338
Master_cconsumos_lag1	0.000529586398260889	0.000914960122608802	0.00148091732250148
m_e_sp_rank	0.000528166264808557	0.000767152209820429	0.000973174240500973
rf_014_021	0.000522380574390433	0.000889324384525163	0.00055005500550055
mcaja_ahorro_rank_lag2	0.000517904305508854	0.00071388695739946	0.000846238470000846
rf_017_015	0.000516688308873916	0.000539923539419107	0.0013962934755014
mrentabilidad_rank_lag1	0.000516343110829154	0.00104429798526752	0.00160785309300161
rf_003_013	0.000515033387620138	0.000647732282094664	0.00148091732250148
rf_010_015	0.000513032074123029	0.00109157160517416	0.00148091732250148
vmr_mpagospesos_delta2	0.000511864045098935	0.00177154146903143	0.0013962934755014
vmr_msaldopesos2_delta1	0.000508804685946062	0.00181591572725994	0.00126935770500127
internet_lag1	0.000499880960869932	0.00103831551164497	0.000380807311500381
vmr_pagominimo_saldo_delta1	0.000490058221495311	0.00109557518574215	0.00135398155200135
vm_mpagominimo_rank_lag1	0.000489081319898432	0.00100945011934849	0.00101548616400102
m_deb_aut_rank_lag1	0.000488667760267461	0.000389366241805445	0.000973174240500973
Master_cconsumos_delta2	0.000487405155091126	0.000567630331905805	0.00101548616400102
e_y_ratio_delta1	0.000487142933590679	0.00140776402598926	0.00165016501650165
ccajas_transacciones_delta1	0.000486287726089699	0.00132659792706207	0.000423119235000423
Master_msaldototal_rank_delta2	0.000485333833396992	0.00124377349629252	0.00131166962850131
Visa_cconsumos_delta1	0.00047782453989824	0.00130731445285647	0.00143860539900144
Master_msaldototal_rank_lag2	0.000477384282856482	0.000586452426938141	0.00126935770500127
Master_msaldopesos_rank_lag1	0.000473812053073306	0.000830146495031447	0.00131166962850131
atm_ratio_c_lag2	0.00047361070196365	0.00101565813068104	0.00173478886350173
c_e_sp_delta2	0.000472229951780015	0.00258317669892022	0.00126935770500127
m_deb_aut_rank_delta1	0.000471171491258288	0.00146613020869925	0.0011001100110011
Master_mpagospesos_rank_lag1	0.000470859461510865	0.00188372644468415	0.00152322924600152
vm_mfinanciacion_limite_rank_lag2	0.000468707919849831	0.00112542057945877	0.00131166962850131
ctrx_quarter_lag2	0.000468303199101677	0.00107777602443515	0.000930862317000931
m_inversiones_rank_lag1	0.000464990344161796	0.000761279642899206	0.000211559617500212
vm_Finiciomora_lag1	0.000463388139340308	0.00232044472940708	0.00055005500550055
vm_mpagospesos_rank_delta2	0.000462453000257807	0.00086097646961408	0.00126935770500127
vmr_msaldopesos2_delta2	0.000458155067649543	0.00126652132131274	0.0013962934755014
mcaja_ahorro_dolares_rank_lag2	0.00045806972624385	0.00113493151613838	0.00114242193450114
vmr_msaldototal_lag1	0.000454060286491728	0.000497622052885864	0.00118473385800118
rm_pagos_lag2	0.000452865978925817	0.00162680407471127	0.00126935770500127
mautoservicio_rank_delta2	0.000449942373059928	0.00148566097298282	0.000930862317000931
cplazo_fijo_tend6	0.000446723610462954	0.00243799509834888	0.000465431158500465
Master_fechaalta_delta2	0.000446509321631431	0.00054040953311402	0.0011001100110011
Master_mconsumospesos_rank	0.00044552553447194	0.000545302098615111	0.000846238470000846
c_anclaje_pesado_lag2	0.000444789355838208	0.00196199089221026	0.000507743082000508
Master_mpagominimo_rank_lag1	0.000443591675521024	0.00106980149185112	0.00131166962850131
mtransferencias_recibidas_rank_lag1	0.000442464503270461	0.00203239586573029	0.00131166962850131
internet_tend6	0.000437096453381165	0.00303595338308179	0.000803926546500804
ctrx_quarter_normalizado_lag1	0.000431351697047677	0.00156339420478587	0.000888550393500889
c_e_y_ratio_lag2	0.000431085883224336	0.00110552689408853	0.00131166962850131
vm_mlimitecompra_rank_lag1	0.000430194989012507	0.000464649470058164	0.000930862317000931
Visa_fultimo_cierre_delta2	0.000427143762042736	0.000793455402142312	0.00114242193450114
Master_msaldototal_rank_lag1	0.000425453134271056	0.000998417089341699	0.00131166962850131
vm_mconsumospesos_rank_delta2	0.000422122082693715	0.00115872402725191	0.00101548616400102
mpasivos_margen_rank_lag2	0.000421825129132741	0.00129101105306279	0.00126935770500127
Master_mconsumospesos_rank_delta1	0.00042077492779092	0.000558975179176602	0.000973174240500973
rf_020_019	0.000418527166742859	0.000643411574898895	0.000338495388000338
rm_y_sp	0.000417411759332818	0.00115530375360396	0.000888550393500889
rf_006_017	0.00041670981787492	0.00076618193972281	0.00169247694000169
m_tax_rank_delta2	0.000416510931237639	0.000933089004019771	0.000719302699500719
mttarjeta_visa_debitos_automaticos_rank_lag2	0.000413662212289974	0.000500579230068341	0.0011001100110011
m_e_sp_rank_lag2	0.000413514870589285	0.00154936049286067	0.0011001100110011
vm_mconsumototal_rank_delta2	0.00041317075697386	0.000818282868026637	0.00101548616400102
vmr_Visa_mlimitecompra_delta1	0.000413152532194772	0.00111126608464825	0.00055005500550055
c_e_y_ratio	0.000410532204584459	0.000939343382241945	0.00118473385800118
mtarjeta_visa_consumo_rank_delta2	0.000404937976833412	0.000988415579521287	0.00105779808750106
vmr_mpagospesos	0.000401819057165601	0.000632668767275287	0.0011001100110011
mttarjeta_visa_debitos_automaticos_rank_lag1	0.000398812496988972	0.00073591351969225	0.00114242193450114
vmr_mconsumospesos_lag1	0.000398061931662034	0.00070747516072487	0.000973174240500973
vm_mfinanciacion_limite_rank_lag1	0.000397456187327445	0.000740069366836034	0.00126935770500127
vm_mconsumospesos_rank_lag2	0.000394976157672155	0.00039248942390138	0.000761614623000762
Visa_mconsumosdolares_rank_delta2	0.000392228439842298	0.000858041617230308	0.00143860539900144
ctarjeta_debito_tend6	0.00038861875977306	0.00371482818694098	0.000719302699500719
c_e_y_ratio_delta1	0.000379342726490061	0.0012431684370045	0.000846238470000846
ccaja_ahorro_tend6	0.000377993403355569	0.00481056995002732	0.000888550393500889
rf_001_018	0.000376778703212935	0.00140021709916507	0.000930862317000931
cprestamos_personales_tend6	0.000372069560353566	0.0059162181994319	0.00118473385800118
Visa_mpagado_rank_lag2	0.000370708957080124	0.000438610168305604	0.00105779808750106
vmr_msaldopesos_delta2	0.000370475443248031	0.00124599166539474	0.000846238470000846
vmr_msaldototal_lag2	0.000370116180514077	0.000422413240628832	0.0011001100110011
cpayroll_trx_tend6	0.000369407626394417	0.00175080802777139	0.000423119235000423
mcuenta_corriente_rank_delta1	0.000368871023846766	0.00171159709478213	0.00101548616400102
vm_mpagospesos_rank_delta1	0.000366595973376795	0.00121170649888926	0.00105779808750106
ccallcenter_transacciones_delta2	0.000366561365781048	0.00173998393498326	0.000380807311500381
m_y_sp_rank_delta1	0.000364742086974933	0.000730679785472469	0.0011001100110011
vm_msaldopesos_rank_delta2	0.000364161325389179	0.00109172387174995	0.000719302699500719
rf_020_027	0.000360930468499301	0.00064385234656566	0.000973174240500973
vmr_mpagominimo_delta2	0.000359580891101457	0.00136310240753125	0.00118473385800118
vm_fultimo_cierre_delta2	0.000359525185434998	0.000560004982070771	0.000888550393500889
vmr_msaldototal	0.000354638178898403	0.000679923496967643	0.00126935770500127
ctarjeta_master_transacciones_tend6	0.000352943960356201	0.00233186529502218	0.000719302699500719
rm_pagos	0.00035098917116852	0.00133267656904828	0.000888550393500889
vm_mpagominimo_rank_delta1	0.000350118177564334	0.00163143446693525	0.00118473385800118
rf_015_021	0.000346386666513202	0.000988611350833019	0.000930862317000931
Master_msaldopesos_rank_delta1	0.000343988621259105	0.000723139155386371	0.000846238470000846
Master_mpagospesos_rank_delta2	0.000343975572881264	0.00128923880750396	0.00114242193450114
vmr_msaldopesos_delta1	0.000343312618780636	0.000579864321596845	0.00101548616400102
ctarjeta_visa_transacciones	0.000339551035903542	0.00142473659731339	0.000761614623000762
vm_cconsumos_lag2	0.000338460014625342	0.000970848825093127	0.000507743082000508
ctransferencias_emitidas_tend6	0.00033843166831286	0.00129859862246925	0.00055005500550055
mpagomiscuentas_rank	0.000335491046991275	0.000868232601624356	0.000634678852500635
rf_009_020	0.000331915714256948	0.000680280693746944	0.000888550393500889
vmr_msaldopesos_lag1	0.000331666614303248	0.00057048905100168	0.00105779808750106
m_y_sp_rank_lag1	0.000325276449323965	0.00070061744050689	0.000676990776000677
rm_anclaje_pesado_delta2	0.000323424703060399	0.00174708665555627	0.000507743082000508
rf_018_019	0.000321925708710614	0.000468527115864224	0.000507743082000508
vmr_mpagominimo_delta1	0.000321148286624233	0.000973637707639203	0.000719302699500719
rf_008_019	0.000317220926911435	0.000864605108049953	0.000846238470000846
vm_mconsumospesos_rank_delta1	0.000315152586373111	0.00174539397786975	0.00105779808750106
m_pagos_rank_lag2	0.00031400104347222	0.00076202838230197	0.000719302699500719
ctrx_quarter_lag1	0.000313672107333983	0.00231825632670313	0.000888550393500889
rf_017_016	0.00031285572057056	0.00116774782537513	0.000676990776000677
rm_deb_aut_delta1	0.00031137325565363	0.000838555502544144	0.000846238470000846
rm_pagos_lag1	0.000308201782481697	0.000786334936216482	0.000973174240500973
rf_019_015	0.000307422390350179	0.000442806085600912	0.00105779808750106
Master_msaldopesos_rank_lag2	0.000304192362052815	0.00104813327119911	0.00122704578150123
vm_fultimo_cierre_lag1	0.000302045942391237	0.00106190366498573	0.0011001100110011
mautoservicio_rank_delta1	0.000299826838925702	0.0018204745656419	0.000846238470000846
vmr_mconsumospesos_lag2	0.000297688727790581	0.000729913873147623	0.00101548616400102
vmr_Master_mlimitecompra_delta2	0.000294920467572632	0.000775704897447877	0.00055005500550055
mprestamos_personales_rank_lag1	0.000293659765054938	0.00160227255551749	0.000465431158500465
vmr_msaldototal_delta1	0.000290337489879729	0.000800139675847266	0.000888550393500889
rf_020_025	0.000290133978110331	0.000206641771409718	0.000126935770500127
mtarjeta_visa_consumo_rank_lag1	0.000288686615811729	0.00121743366840353	0.000846238470000846
m_y_sp_rank_lag2	0.000287946263822109	0.00108289870709214	0.000888550393500889
Master_msaldototal_rank_delta1	0.000287073682542959	0.00104688766191744	0.000888550393500889
mttarjeta_visa_debitos_automaticos_rank	0.000285642745116714	0.000831344592562017	0.000761614623000762
rf_019_023	0.000284832621951548	0.000566782561985702	0.000296183464500296
cpayroll_trx	0.000282726427812048	0.000916299038100443	0.000169247694000169
Master_mpagominimo_rank_delta1	0.000282430839913594	0.00079649672664299	0.000676990776000677
rf_013_022	0.000281901794659221	0.000858461781390575	0.000846238470000846
rf_008_015	0.000281037381059727	0.00104127726827333	0.000592366929000592
c_ganchos_liviano_delta2	0.000280355610729015	0.00158220485120349	0.000296183464500296
mtarjeta_visa_consumo_rank_delta1	0.000277449750697896	0.00144354094699291	0.000761614623000762
vmr_mpagospesos_lag1	0.00027706798674858	0.000724675559481952	0.000930862317000931
vm_msaldototal_rank_lag1	0.000274816224621677	0.000688510530439255	0.000930862317000931
ccomisiones_mantenimiento_delta1	0.000273260244125161	0.00274889711430133	0.000507743082000508
rf_017_019	0.000272223934995771	0.000725069964259096	0.000803926546500804
rm_anclaje_pesado_delta1	0.000270477364150319	0.00146064746710928	0.000465431158500465
m_pagos_rank_delta2	0.000270358934625005	0.00138142706025395	0.000761614623000762
Master_msaldopesos_rank_delta2	0.000262566478519427	0.000653061612247367	0.000761614623000762
m_pagos_rank	0.000262224556858744	0.000748267719837863	0.000592366929000592
mautoservicio_rank_lag1	0.000261582469557724	0.00070657758933073	0.000888550393500889
vm_mpagospesos_rank_lag2	0.000261386999951978	0.000676822067239679	0.000676990776000677
seguros_ratio_01_delta2	0.000258642069915764	0.00127499673079082	0.00055005500550055
cmobile_app_trx_lag2	0.000256719534940956	0.00285695887136222	0.000592366929000592
vm_mpagominimo_rank_delta2	0.000255809998470667	0.000752277597143952	0.000719302699500719
c_e_sp_lag2	0.000254155143965842	0.00212821447420837	0.000761614623000762
Master_mconsumosdolares_rank_delta2	0.000252688596359146	0.000188636535037738	0.000634678852500635
vm_msaldopesos_rank_delta1	0.000251625710460828	0.000404582595631349	0.000803926546500804
mautoservicio_rank_lag2	0.000250787545769438	0.000906001581589488	0.000888550393500889
contactos_delta1	0.000248445884956916	0.000682392390732263	0.000169247694000169
vm_msaldopesos_rank_lag2	0.000247302243897365	0.000927615993752317	0.000761614623000762
Visa_mpagosdolares_rank	0.000246824791652789	0.000222489516337495	0.000634678852500635
rf_005_020	0.00024516764942889	0.00047354389883504	0.000507743082000508
vmr_mpagospesos_delta1	0.000242570057987685	0.000564749860441959	0.000676990776000677
Visa_mpagado_rank_delta2	0.000242510674183848	0.00182396353097818	0.000761614623000762
rf_008_025	0.000234321557118457	0.00105923213074054	0.00055005500550055
Master_mpagominimo_rank_delta2	0.000233140443659841	0.00117685462595508	0.000719302699500719
vm_mpagospesos_rank	0.000232012534711118	0.000695454115267643	0.000676990776000677
rf_013_016	0.000231976805501466	0.00114007423387112	0.000380807311500381
Master_mconsumototal_rank_delta2	0.000231420523430977	0.000623656417766784	0.000761614623000762
vm_mconsumospesos_rank	0.000230901075713838	0.000369602498212293	0.000676990776000677
rm_deb_aut_delta2	0.000230121482477906	0.00109851175541813	0.000761614623000762
cseguro_vida_lag2	0.000228288753010265	0.00154342037911259	0.000296183464500296
rm_anclaje_pesado_lag1	0.000225201569575737	0.00132369226864584	0.000465431158500465
Visa_msaldodolares_rank	0.000224052067726637	0.000668959158649181	0.000507743082000508
mtransferencias_recibidas_rank_delta1	0.000222104241216745	0.000547324496405606	0.000719302699500719
mtarjeta_master_consumo_rank	0.000221954398161482	0.000667661458170536	0.000338495388000338
thomebanking_delta1	0.000219180359529136	0.000640657038196982	0.000338495388000338
active_quarter_lag2	0.000218510107829839	0.000416767928709824	0.000507743082000508
vm_msaldopesos_rank_lag1	0.000217376876520258	0.000469268986098156	0.00055005500550055
mtransferencias_emitidas_rank_delta1	0.000217147641349088	0.00105535906438037	0.000634678852500635
rf_020_028	0.000214524301654977	0.000414408369215791	0.000634678852500635
mpayroll_sobre_edad_rank_delta2	0.000213601903002645	0.00170973955704362	0.000465431158500465
m_e_sp_rank_lag1	0.000211066966063962	0.000878974264386491	0.000592366929000592
ctarjeta_visa_transacciones_lag2	0.000210306171242988	0.000619497136038584	0.000676990776000677
vm_mpagospesos_rank_lag1	0.000208010510044414	0.000140403521217458	0.000380807311500381
vm_msaldototal_rank_delta1	0.000206712722322222	0.000290374077326659	0.000803926546500804
vm_Fvencimiento_delta2	0.000205414516008376	0.000629882746882891	0.000507743082000508
mcuenta_debitos_automaticos_rank_delta2	0.00020459538038418	0.000383024281680654	0.000380807311500381
vmr_mconsumospesos_delta1	0.000203455795481004	0.000862380069778895	0.000634678852500635
m_pagos_rank_lag1	0.000200145042841127	0.000472811187492885	0.000761614623000762
matm_rank_lag2	0.000199367467741148	0.000851594329850082	0.000676990776000677
rm_pagos_delta2	0.000197306335327745	0.000337307673376087	0.000423119235000423
mttarjeta_visa_debitos_automaticos_rank_delta1	0.000196530754552702	0.000652648317255933	0.00055005500550055
vmr_mconsumospesos_delta2	0.000194257983578759	0.000869546902594346	0.000676990776000677
rf_007_021	0.000190822855987749	0.000974144308840615	0.000507743082000508
vm_mconsumosdolares_rank_lag2	0.000190351172391195	0.00129182504956947	0.00055005500550055
rf_015_017	0.000188986420216987	0.000876698279779923	0.000423119235000423
rf_008_021	0.000181656902145271	0.000489029867537627	0.00055005500550055
rf_003_015	0.000180536761347068	0.00121804044498375	0.000507743082000508
mpagomiscuentas_rank_delta2	0.000179835964333484	0.00121414161924046	0.000507743082000508
rf_005_019	0.000175558725540354	0.00020847870164173	0.000126935770500127
vm_mpagado_rank_lag2	0.000175531737356853	0.00110902902533173	0.000380807311500381
Master_mconsumospesos_rank_delta2	0.000174580358097257	0.00045317566838461	0.00055005500550055
rf_011_024	0.000173106889890325	0.000566732188080929	0.000465431158500465
Visa_msaldodolares_rank_delta2	0.000169268169193693	0.000725529053709415	0.000380807311500381
ctarjeta_visa_transacciones_delta2	0.000163579353498411	0.00023022935231974	8.46238470000846e-05
Visa_msaldodolares_rank_delta1	0.000157930347187204	0.000800732714089822	0.000338495388000338
ctarjeta_debito_lag1	0.00015659602288964	0.00199916397177916	0.000423119235000423
ctransferencias_recibidas_delta2	0.00015600565425348	0.0019938163238429	0.000380807311500381
c_e_sp_lag1	0.000155681395943584	0.000651987732186522	0.000465431158500465
ccuenta_debitos_automaticos_tend6	0.000154276671178324	0.00222076106859914	0.000465431158500465
mextraccion_autoservicio_rank	0.000150388420033826	0.000641132728138646	0.000634678852500635
c_ganchos_liviano	0.000150299628517524	0.00160352331667577	0.000296183464500296
Visa_msaldodolares_rank_lag2	0.000145501139773474	0.000823489125571088	0.000465431158500465
ctarjeta_visa	0.000143918446384659	9.2495648055259e-05	4.23119235000423e-05
rm_ganchos_liviano_lag1	0.000143533377849663	0.000915904633323298	0.000253871541000254
vm_mconsumosdolares_rank_lag1	0.000142881448544976	0.000918931074624839	0.000380807311500381
vm_status05_delta1	0.000142500213637694	0.00141156439364595	0.000296183464500296
mextraccion_autoservicio_rank_lag2	0.000142327252777149	0.000464166338516931	0.000465431158500465
mextraccion_autoservicio_rank_lag1	0.000141233493586162	0.00120586369836632	0.000592366929000592
ccallcenter_transacciones	0.000140627428239268	0.000229074759525111	4.23119235000423e-05
vm_cconsumos_delta2	0.000138544510578498	0.000332692736781984	0.000169247694000169
cextraccion_autoservicio_tend6	0.000136370597504375	0.00111643341690265	0.000423119235000423
rf_003_020	0.000135707712497301	0.000895882723468184	0.000253871541000254
vm_fechaalta_delta2	0.000132505112021026	0.000117513160943955	0.000253871541000254
cajas_visitas_delta1	0.000132247735004271	0.00158427418831434	0.000296183464500296
vmr_mpagospesos_lag2	0.000131715365613468	0.000327070322092419	0.000465431158500465
atm_ratio_c_delta2	0.000131169761410085	0.000666589867832635	0.000380807311500381
mextraccion_autoservicio_rank_delta2	0.00013092642868165	0.000770459714613374	0.000380807311500381
Visa_mpagado_rank_delta1	0.00012983411949591	0.000490396259704599	0.000296183464500296
vm_msaldototal_rank_lag2	0.000123908891742512	0.00119621251615637	0.000465431158500465
vm_mpagado_rank_delta2	0.000123198916313867	0.00092492442443137	0.000253871541000254
vm_mconsumospesos_rank_lag1	0.00012206910849248	0.00015114861856401	0.000338495388000338
mpayroll_rank_lag1	0.000121156435508676	0.00182013511421542	0.000465431158500465
rf_020_017	0.000120857564456396	0.000267469406284755	0.000211559617500212
vmr_mconsumosdolares_lag1	0.000119139119227467	0.000542192654856842	0.000296183464500296
Visa_mpagado_rank	0.000118897813275036	0.000399187435943999	0.000380807311500381
mcuenta_debitos_automaticos_rank_lag1	0.000118789396577935	0.00012319510843007	0.000253871541000254
cajas_ratio_04_delta1	0.000117576581418009	0.00148349947452347	0.000338495388000338
cajas_ratio_03_delta1	0.000117036445420016	0.00266419224856382	0.000507743082000508
rf_013_017	0.000114192801905759	0.000706545533209511	0.000338495388000338
rf_016_027	0.000113715178809908	0.000472831794999383	0.000296183464500296
mv_status07_rank_delta2	0.000113509254818242	0.00145835201985769	0.000423119235000423
atm_ratio_c_delta1	0.000112728251944744	0.000511866991752677	0.000253871541000254
ctarjeta_visa_transacciones_lag1	0.000110995756640013	0.000292423951792485	0.000338495388000338
mpayroll_rank_delta1	0.000107995049946237	0.00136344758326509	0.000380807311500381
vmr_msaldodolares2_delta2	0.000105887277946377	0.00171621775568359	0.000380807311500381
c_anclaje_pesado_delta2	0.000105568608800234	0.000687224278575332	0.000126935770500127
vmr_mconsumosdolares_lag2	0.00010509440803508	0.000356422852945285	0.000211559617500212
ctarjeta_debito_transacciones_delta2	0.000103753862194957	0.000956282752583385	0.000296183464500296
mtarjeta_visa_descuentos_rank_delta1	0.000103199921896207	0.00168825336936567	0.000338495388000338
mpagomiscuentas_rank_delta1	0.0001008024415003	0.000556376343634897	0.000253871541000254
c_y_sp_lag2	9.95920329680769e-05	0.000716668398345967	0.000211559617500212
rf_004_021	9.9105890313698e-05	0.000381395716236568	0.000253871541000254
rf_012_013	9.86543838066413e-05	0.000965243583325643	0.000338495388000338
Visa_mpagado_rank_lag1	9.86089665459568e-05	0.00034067356610411	0.000423119235000423
c_anclaje_pesado	9.78297942528417e-05	0.00129565003174781	0.000253871541000254
atm_ratio_eme_delta1	9.65837452523492e-05	0.000404128658057655	0.000211559617500212
vmr_Master_mlimitecompra_delta1	9.39109775137565e-05	6.67648864694343e-05	0.000211559617500212
mextraccion_autoservicio_rank_delta1	9.0263977171814e-05	0.00133640538286296	0.000380807311500381
rm_p_sp_lag2	8.99045734162282e-05	0.000651961972803399	0.000126935770500127
mpayroll_sobre_edad_rank_lag2	8.9815784962468e-05	0.000707833502365642	0.000211559617500212
mtarjeta_visa_consumo_rank_lag2	8.941654850408e-05	0.000115532550597193	0.000380807311500381
vmr_mconsumosdolares_delta1	8.82681711385118e-05	0.00190153648217513	0.000380807311500381
c_p_sp_lag2	8.75738631938173e-05	0.00159319494890507	0.000296183464500296
mv_status07_rank_lag2	8.6795360126474e-05	0.000623058227647603	0.000338495388000338
m_tax_rank_delta1	8.63626833832332e-05	0.000384773630010049	0.000253871541000254
atm_ratio_eme_delta2	8.32066493685426e-05	0.000732876202206725	0.000211559617500212
rf_015_025	8.25857405785987e-05	0.000333562259070057	0.000211559617500212
cprestamos_personales_delta1	8.25585803139826e-05	0.000229074759525111	4.23119235000423e-05
vmr_mpagado_delta2	8.21344347042322e-05	0.000773217685899704	0.000296183464500296
rm_pagos_delta1	8.07538522249289e-05	0.000157110484680058	0.000169247694000169
ctarjeta_debito_transacciones_delta1	7.76639066184204e-05	0.000358732038534544	0.000126935770500127
mcuenta_debitos_automaticos_rank_delta1	7.66140929798131e-05	0.000173810578973825	0.000169247694000169
vm_cconsumos	7.64803572088623e-05	0.000815928460409228	0.000253871541000254
rf_007_023	7.55703492517513e-05	0.000320540032255465	0.000253871541000254
vm_mpagosdolares_rank_delta1	7.5206579034327e-05	0.00165458871777807	0.000338495388000338
vmr_mconsumosdolares	7.39712442053281e-05	0.000162228587891156	0.000169247694000169
ccajeros_propios_descuentos_tend6	7.37016347677785e-05	0.00114537379762555	0.000211559617500212
c_ganchos_liviano_lag2	7.2389398200255e-05	0.000449049587639101	8.46238470000846e-05
hb_cajas_lag1	7.17615857166045e-05	0.00152004459757491	0.000296183464500296
Master_mpagado_rank_delta2	7.00691498151465e-05	0.000366677377151035	0.000126935770500127
rf_020_020	6.94052215180831e-05	0.000928630913447348	0.000211559617500212
ctarjeta_debito_delta2	6.87944979238282e-05	0.00156571884600501	0.000296183464500296
vmr_mpagosdolares_delta1	6.8765251079233e-05	0.000843227109781117	0.000169247694000169
matm_rank_delta2	6.87078477515481e-05	0.00114915641992943	0.000253871541000254
vmr_mpagado_lag2	6.75731140117823e-05	0.000407339422056206	0.000211559617500212
contactos	6.66735692423861e-05	0.00139719752703236	0.000296183464500296
rf_014_017	6.62264971036169e-05	0.00033855328265775	0.000169247694000169
ctarjeta_debito_transacciones	6.56943271880086e-05	0.00019626646431866	0.000211559617500212
cdescubierto_preacordado_delta1	6.41510888929452e-05	0.0012028424089414	0.000253871541000254
contactos_lag1	6.39795494860743e-05	0.000658507718270227	0.000169247694000169
vmr_msaldodolares_lag1	6.28700032514142e-05	0.000687994770346067	0.000211559617500212
ccomisiones_otras	6.2381557179418e-05	0.000756748853623304	0.000169247694000169
mtarjeta_master_consumo_rank_delta2	6.10875538792889e-05	0.000493755855694525	0.000211559617500212
vm_Finiciomora_lag2	5.92079265202926e-05	0.000486773345576085	0.000126935770500127
mv_status07_rank_delta1	5.8332448027929e-05	0.000703609535964267	0.000211559617500212
vmr_msaldodolares2_lag1	5.82528944654037e-05	0.000150988337957914	0.000126935770500127
rf_006_022	5.49897658072924e-05	0.000326994761235259	0.000169247694000169
mtarjeta_master_consumo_rank_lag2	5.47267390511448e-05	0.000676263374841286	0.000211559617500212
mpayroll_sobre_edad_rank_delta1	5.40852252839079e-05	0.000441093372838625	0.000211559617500212
Master_msaldodolares_rank_lag2	5.40586325783061e-05	0.00010644464023153	8.46238470000846e-05
matm_other_rank_delta2	5.32850720201217e-05	0.000393385850434047	0.000126935770500127
rf_004_025	5.11403035450878e-05	0.000225336786818649	0.000169247694000169
ccomisiones_mantenimiento_delta2	5.09801874691044e-05	0.00112347088037175	0.000211559617500212
ctarjeta_visa_transacciones_delta1	5.07237406935342e-05	0.000412664172763022	0.000126935770500127
Master_status_delta1	5.06170789537259e-05	5.60375344757001e-05	0.000126935770500127
mtarjeta_master_consumo_rank_delta1	4.97052103213285e-05	0.000668141155127353	0.000211559617500212
vmr_mpagado_lag1	4.95881781864247e-05	0.000373729723819274	0.000126935770500127
seguros_ratio_01_delta1	4.92921199586453e-05	0.00012191858788866	0.000126935770500127
matm_other_rank_lag2	4.9209278720824e-05	0.00013652415811919	0.000126935770500127
mpayroll_rank_lag2	4.64820831916762e-05	0.000297113876813011	0.000126935770500127
rf_017_020	4.54010379881682e-05	0.000251242712209708	0.000126935770500127
ccomisiones_otras_lag2	4.48626748886596e-05	0.000344347426568133	0.000126935770500127
matm_other_rank_lag1	4.35058739423014e-05	0.000318231991527677	0.000126935770500127
matm_rank	4.29622187697542e-05	8.1309779041942e-05	0.000126935770500127
vm_status04_delta1	4.24293503051348e-05	0.00113160340383893	0.000211559617500212
ccomisiones_mantenimiento_lag2	4.23250587318966e-05	0.00131513843615692	0.000253871541000254
mcheques_emitidos_rank_delta2	4.05970379219907e-05	0.000916299038100443	0.000169247694000169
ctransferencias_recibidas_lag2	4.04867667229176e-05	0.000505629214021848	0.000169247694000169
c_deb_aut_lag1	4.01906772427384e-05	0.000588527488356352	0.000126935770500127
ccomisiones_otras_delta1	4.0176433479224e-05	0.00137444855715066	0.000253871541000254
matm_rank_delta1	4.00246184843433e-05	0.000476195970435198	0.000211559617500212
rf_004_020	3.95659039585138e-05	0.000299709850201036	8.46238470000846e-05
vm_cconsumos_lag1	3.92650868776535e-05	0.00017687136611953	0.000126935770500127
ccomisiones_otras_lag1	3.80493963040267e-05	0.000680151896831331	0.000169247694000169
vm_mpagado_rank_delta1	3.72995254507485e-05	0.000856408472340334	0.000169247694000169
matm_other_rank_delta1	3.65572871280075e-05	0.000236072725273425	8.46238470000846e-05
cprestamos_personales	3.56441815179081e-05	0.000704134454949233	0.000169247694000169
ctarjeta_debito_lag2	3.52362069029953e-05	0.000458149519050221	8.46238470000846e-05
vmr_msaldodolares2_delta1	3.37874324589186e-05	0.000176296645660527	8.46238470000846e-05
ccomisiones_mantenimiento	3.35895291448792e-05	0.000687224278575332	0.000126935770500127
rf_016_021	3.27667815535094e-05	0.000293685016704021	8.46238470000846e-05
vmr_mpagosdolares	3.12008966506132e-05	0.000685982103878085	0.000169247694000169
mtarjeta_master_consumo_rank_lag1	2.96429560305884e-05	0.000259219534516682	0.000126935770500127
mv_status07_rank_lag1	2.90345620905335e-05	0.000674170568070256	0.000169247694000169
ccaja_ahorro_lag2	2.79628351179933e-05	0.00114537379762555	0.000211559617500212
rf_001_009	2.7734042086291e-05	0.000421015364771377	0.000126935770500127
vmr_Visa_mlimitecompra_delta2	2.71848205140845e-05	0.000171256393029533	8.46238470000846e-05
vm_msaldodolares_rank_delta2	2.69695331490955e-05	0.000487193509736352	0.000126935770500127
cforex_tend6	2.69191847612989e-05	0.000862132779700917	0.000169247694000169
vmr_mpagado_delta1	2.68790532074234e-05	0.000270171851789687	8.46238470000846e-05
cpagomiscuentas_delta2	2.51247387117906e-05	0.000908797333304397	0.000169247694000169
ctarjeta_visa_debitos_automaticos	2.32638265244775e-05	0.000440255906671772	8.46238470000846e-05
ctransferencias_recibidas	2.23129440937887e-05	0.000442894812365001	8.46238470000846e-05
rf_005_024	2.12379024377057e-05	0.000100107259552627	4.23119235000423e-05
c_y_sp_delta1	2.09486946588035e-05	0.000687224278575332	0.000126935770500127
ctarjeta_visa_tend6	1.91145414707259e-05	0.000678253716510561	0.000126935770500127
cliente_edad_delta2	1.90261866922425e-05	0.000916299038100443	0.000169247694000169
ctransferencias_emitidas_lag1	1.86444980464146e-05	1.19162906325275e-05	4.23119235000423e-05
rf_014_020	1.80710188244556e-05	9.19140584274236e-05	4.23119235000423e-05
ccomisiones_otras_delta2	1.80044874810265e-05	2.10356846886737e-05	4.23119235000423e-05
vm_cconsumos_delta1	1.79645785522707e-05	2.10248085046886e-05	8.46238470000846e-05
contactos_lag2	1.78621069490327e-05	0.000392633676446866	8.46238470000846e-05
cproductos_lag1	1.76479493004229e-05	1.45488995876601e-05	4.23119235000423e-05
visitas_delta1	1.70734838916247e-05	0.000386168643713823	8.46238470000846e-05
cseguro_vivienda_lag2	1.69975521349913e-05	6.99825196368185e-05	4.23119235000423e-05
cpayroll_trx_lag2	1.57967581527866e-05	0.000687224278575332	0.000126935770500127
ctransferencias_recibidas_lag1	1.54810657012696e-05	0.000163980225943495	8.46238470000846e-05
cproductos_lag2	1.5256145266322e-05	0.000431526910377618	8.46238470000846e-05
visitas_lag1	1.5148172469049e-05	1.8646358796366e-05	4.23119235000423e-05
vmr_mpagado	1.44482159424586e-05	0.000120233351801704	4.23119235000423e-05
vm_mconsumosdolares_rank_delta2	1.42992434690924e-05	0.000234155082307629	8.46238470000846e-05
vmr_msaldodolares_delta1	1.41124636944013e-05	0.000679088320523734	0.000126935770500127
m_ganchos_liviano_rank_lag1	1.38035892818654e-05	2.6440003267801e-05	4.23119235000423e-05
ctarjeta_visa_delta1	1.26084481257096e-05	0.000213374129296501	4.23119235000423e-05
vm_mpagado_rank	1.12635909977373e-05	0.000123817340640166	4.23119235000423e-05
ctarjeta_visa_debitos_automaticos_delta2	1.11664214991723e-05	0.000458149519050221	8.46238470000846e-05
ctransferencias_emitidas_delta1	1.11202836970472e-05	0.000229074759525111	4.23119235000423e-05
rf_006_009	1.05134747552456e-05	0.000143675535304768	4.23119235000423e-05
ctarjeta_visa_delta2	8.43557677005381e-06	0.000141371501592133	4.23119235000423e-05
vm_status03_delta2	8.24977083557481e-06	0.000225763247717013	4.23119235000423e-05
vm_mconsumosdolares_rank_delta1	7.66260614914532e-06	0.000159649787425213	4.23119235000423e-05
catm_trx_delta1	7.55338479920738e-06	0.000206932566223636	4.23119235000423e-05
cextraccion_autoservicio_delta2	7.49330534009957e-06	0.000207806667957597	4.23119235000423e-05
ccallcenter_transacciones_delta1	6.7957610357778e-06	0.000214595124056514	4.23119235000423e-05
ctarjeta_master_transacciones_delta2	6.51514766682992e-06	0.000225017370467929	4.23119235000423e-05
p_y_ratio_delta2	5.64727199593207e-06	0.000229074759525111	4.23119235000423e-05
ctarjeta_visa_debitos_automaticos_lag1	5.36358740349434e-06	0.000212622527740056	4.23119235000423e-05
cextraccion_autoservicio_lag2	4.79059240081669e-06	0.000229074759525111	4.23119235000423e-05
mttarjeta_master_debitos_automaticos_rank	4.05943054590818e-06	0.000145495865045433	4.23119235000423e-05
vmr_mpagosdolares_delta2	3.80571353242226e-06	0.000229074759525111	4.23119235000423e-05
ctarjeta_debito	3.56195214452787e-06	0.000229074759525111	4.23119235000423e-05
vmr_mconsumosdolares_delta2	1.79006878437116e-06	6.24934083169666e-05	4.23119235000423e-05
