Feature	Gain	Cover	Frequency
rf_020_015	0.0534076043743328	0.00184039587768695	0.00427491667779551
rf_001_023	0.0439561104809135	0.00097659700517859	0.0012672469036998
rf_002_016	0.0360361555003216	0.00254920919867403	0.00699483781833694
rf_019_021	0.028926183572893	0.000588262470608659	0.00157421080493717
rf_013_015	0.0205037088794311	0.00216124094420493	0.00509012440925061
rf_005_023	0.0191716828292671	0.00216291990845075	0.000344433673219393
ctrx_quarter	0.01455060880192	0.00171704740727232	0.00063218230677367
rf_016_029	0.014021728521921	0.00106279151751883	0.000268533365871187
ctrx_quarter_normalizado	0.0124050991757112	0.00215686249765879	0.000711925667658495
mpasivos_margen_rank	0.00865268683284696	0.00284998338222319	0.00132585347013323
mcuentas_saldo_rank	0.00761777426757349	0.00659039319929691	0.00163810156998345
m_e_sp_rank	0.00734801646855853	0.000824055295735557	0.000657162154761688
m_y_sp_rank	0.00681094338145858	0.000800564708980916	0.000515449555598897
cdescubierto_preacordado	0.00592431876774837	0.00871518627050303	0.00539997060064045
m_anclaje_pesado_rank	0.0055452899840702	0.00197864882266985	0.000873333916196453
c_e_sp	0.00554039675084134	0.000719440101572374	0.000501038104836579
vm_status01	0.00530396361371109	0.00472134171558176	0.00096844949122775
rf_018_022	0.00524175435556516	0.000602594951712164	0.000989586285679149
ccomisiones_mantenimiento_tend6	0.00513603241782124	0.00842402280286234	0.00101360537028301
mcaja_ahorro_rank	0.00464472002766714	0.00280362282162319	0.000679259712597241
rf_012_023	0.00448733145924665	0.000407603972981249	0.00053418444158991
thomebanking	0.00444192706194656	0.00164580631579827	0.00684832140225338
rf_013_023	0.00388634833228438	0.000506264429179408	0.00132825537859362
mrentabilidad_annual_rank_delta1	0.00381245779589758	0.00366162355980584	0.00494504913824328
mrentabilidad_annual_rank_delta2	0.00356513870356275	0.00697850061160465	0.00559836823946835
rf_015_029	0.00347384510687229	0.00128929533220451	0.000973253308148523
rf_010_024	0.00335555958806819	0.000351833057612143	0.000291591687090895
cliente_edad_lag2	0.00329553762677186	0.00448902996096813	0.00521790593934316
Master_mlimitecompra_rank_delta2	0.00327757035094886	0.00230046542008776	0.00659996406744943
Visa_mfinanciacion_limite_rank_delta2	0.00322343919634707	0.00331746277310673	0.00678779330905164
rf_015_015	0.00320474159737401	0.00195481320128593	0.00520109258012046
mrentabilidad_annual_rank_lag2	0.00319035490042496	0.00644166035347912	0.00344625825896224
rf_007_015	0.00317221138904186	0.00410003305796599	0.00764575501110162
mcuentas_saldo_rank_delta2	0.00317146092341965	0.0028206687988669	0.00405826453466867
Master_mfinanciacion_limite_rank_delta2	0.00314398609548182	0.00232600153718578	0.00639676261170075
Visa_mlimitecompra_rank_delta2	0.00313913243522107	0.00254311616086055	0.00655432780670209
Master_mlimitecompra_rank_delta1	0.00311396218465388	0.0022911293836124	0.00655288666162586
r_time_alta_master	0.00308731847605485	0.00205347071580341	0.00528419861284983
r_time_alta_master_delta2	0.00304449597470551	0.00181234960812544	0.0049974107426797
mcomisiones_mantenimiento_rank	0.00303905698494844	0.003528687294078	0.00337756367699519
thomebanking_lag2	0.00302919841291634	0.00126453132457058	0.00606385809909121
r_time_alta_visa_delta2	0.00302525513478469	0.00186682111776928	0.00515689746444935
Visa_mfinanciacion_limite_rank_delta1	0.00292637652402276	0.00250567228381288	0.00677049956813686
Master_mfinanciacion_limite_rank_delta1	0.00291533287812165	0.00329139143355239	0.00648755475150336
r_time_alta_master_lag2	0.00289049425392963	0.00183667755245583	0.00469140760482649
Visa_mlimitecompra_rank_delta1	0.00288255958431231	0.00209322356704167	0.00649331933180828
r_time_alta_master_delta1	0.00286964562222075	0.00191429428737163	0.00496762707777091
mprestamos_personales_rank	0.00286436167899914	0.00225503181575409	0.000921372085404179
thomebanking_lag1	0.00284166202727907	0.00111244945701655	0.0059437626760719
r_time_alta_visa	0.00278990801288131	0.00202181173551839	0.00492631425225227
mcuentas_saldo_rank_delta1	0.00267322990253555	0.00378145619067589	0.00360910765257643
r_time_alta_master_lag1	0.00266948833719014	0.00149307654307536	0.00439741400927521
r_time_alta_visa_lag2	0.00261909934399424	0.00175968882550769	0.00422928041704817
rf_018_012	0.00260463112502835	0.00126258331911294	0.00109190758609161
vm_mlimitecompra_rank_delta2	0.00258962048668871	0.00232886996184159	0.00476778829386678
cproductos_tend6	0.00256568749862808	0.0054064581644568	0.00081088429622641
tcallcenter_delta2	0.00255865674449653	0.0019303706539792	0.00122593407818116
r_time_alta_visa_lag1	0.00255119144808481	0.0016589104000795	0.00420622209582846
active_quarter_lag2	0.00254658040965017	0.00405461595972945	0.00917096688344691
rm_e_sp_delta2	0.00253296190687658	0.00208527755639907	0.00485329623505653
Master_Fvencimiento_lag2	0.00253282675256127	0.00182320126385574	0.00410053812357146
Master_fechaalta_lag2	0.00251963118450224	0.00149784100349687	0.00345442474772755
rf_016_015	0.00250831919468915	0.00223336245619129	0.00602638832710919
cliente_edad_lag1	0.00250790774060109	0.00529822237423163	0.00453864622674592
Master_Fvencimiento_lag1	0.00246678612299644	0.00178777762686897	0.00386851376629815
mcomisiones_otras_rank_delta2	0.00245362177015447	0.00185349583544389	0.00331799634717761
Master_fechaalta	0.00244430754190044	0.00129905137530971	0.00329397726257375
r_time_alta_visa_delta1	0.00243270966360436	0.00151006793579986	0.00468324111606118
rf_017_015	0.00243134637049227	0.00169144796232641	0.00384257315492598
mcuenta_corriente_rank_delta2	0.00242689423795533	0.00467087407847798	0.0029951798501017
numero_de_cliente	0.00242626346826024	0.00603595723735135	0.00450790179845298
mactivos_margen_rank_delta2	0.00236362281271014	0.00348465875083388	0.00428644583840536
rf_012_015	0.00235937770293253	0.00164415292783167	0.00430518072439638
ctarjeta_visa_transacciones_tend6	0.00232316432663961	0.00442738642955287	0.00144642927484462
rm_e_sp_delta1	0.00232050263268299	0.00172433060005928	0.00415626239985243
mcuenta_corriente_rank_lag2	0.0023036152130329	0.0043370914186337	0.00325026252859472
Visa_Fvencimiento	0.00228482489844385	0.00227252080193627	0.00361343108780513
mcomisiones_rank_lag2	0.0022830375563248	0.00139134930305914	0.00267428487979409
rf_011_021	0.00228171079704723	0.00127561872332172	0.00284770267063398
mcuenta_corriente_rank	0.00226811867933685	0.00376094556730269	0.00281743862403311
mrentabilidad_annual_rank_lag1	0.00226732411915328	0.00484452181563437	0.00293080870336335
rf_008_023	0.00224580452727883	0.000401387711432795	0.00161408248537958
Master_fechaalta_lag1	0.00223450692600773	0.00141027047916376	0.00328773230057675
Master_Fvencimiento	0.00222077340104096	0.00175497049227345	0.00380318185617564
vm_status06	0.00221296915043537	0.000497169651376157	0.000421294743951754
mrentabilidad_rank_delta1	0.00220958824666927	0.00319870920790798	0.00323248840598786
mrentabilidad_rank_delta2	0.00219090382683074	0.00196931871041252	0.00350582558877982
rm_anclaje_pesado	0.0021851285597403	0.00350905709121712	0.000645632994151833
rf_019_015	0.00218467476278348	0.00204437315974619	0.00485233547167237
mcomisiones_rank_delta2	0.00214306042509529	0.00193390810670541	0.00338813207422089
m_anclaje_pesado_rank_delta2	0.00212321262783935	0.00522554594687109	0.000963645674306977
rf_011_016	0.00212312000873195	0.00266029470119738	0.00618827695733922
mactivos_margen_rank	0.00211159997962411	0.00312898095743491	0.00211656173529239
Visa_Fvencimiento_lag2	0.0020989474051984	0.0017673348664347	0.00364801856963469
Visa_Fvencimiento_lag1	0.00208909256898492	0.00172757417071463	0.00355290299460339
vm_mfinanciacion_limite_rank_delta2	0.00208593160246604	0.0019354987388176	0.00438012026836043
rm_e_sp	0.00208117276867657	0.00253751524171017	0.00402175552607079
mcomisiones_otras_rank_lag2	0.00206633978181125	0.00140945608303995	0.00269205900240095
Master_mfinanciacion_limite_rank	0.00205107389849966	0.0053022876543558	0.00375178101512338
Visa_mfinanciacion_limite_rank	0.0020469150587146	0.00442770315050565	0.00394249254687805
mcomisiones_mantenimiento_rank_delta2	0.00202918721461407	0.00409065824850505	0.00377820200818763
mactivos_margen_rank_delta1	0.00202411894267992	0.0042946909730737	0.00367395918100686
ccomisiones_otras_tend6	0.00201703737050277	0.0038691026267131	0.00332328054579046
rf_017_021	0.00200701506289736	0.000440256138204491	0.000984302087066299
vm_mlimitecompra_rank_delta1	0.00200196869427198	0.00175162804846205	0.00434985622175956
rf_001_015	0.00200152030213126	0.00226989906989049	0.00579820702337249
cliente_edad	0.00199314750466795	0.00390515455766425	0.00379789765756279
Visa_fechaalta_lag2	0.00198625494933913	0.00126390160062254	0.0028577906861676
rf_010_015	0.00197449393866726	0.00222892149893079	0.0061042101612257
mpasivos_margen_rank_lag1	0.00197168179190592	0.00110023968451749	0.0010582808676462
cliente_antiguedad_lag2	0.00196484916135027	0.00269423642568695	0.00355722642983209
Master_mlimitecompra_rank	0.00196256451448335	0.00162130415860118	0.00374601643481845
vm_Fvencimiento	0.00195774211254125	0.00206396552932504	0.00330310451472322
Visa_fechaalta	0.00195596065596822	0.0012141781678731	0.0028366538917162
mrentabilidad_annual_rank	0.00195248410149732	0.00268974431586803	0.00274009717160867
Visa_fechaalta_lag1	0.00194691002746203	0.00108276483474523	0.00273817564484036
Visa_mfinanciacion_limite_rank_lag1	0.00194293023187943	0.00203852468999558	0.00297932725426315
mcuenta_corriente_rank_lag1	0.00192984482873436	0.00335381500062689	0.00279822335635002
Master_mfinanciacion_limite_rank_lag2	0.00192841073818967	0.00128304013424377	0.00309269733359338
rf_003_017	0.00192014911314056	0.000920958588009932	0.0019368989824555
vm_Fvencimiento_lag2	0.00190739828597291	0.00184927252169674	0.00333144703455578
Master_mlimitecompra_rank_lag2	0.00190659382801179	0.00104182615934113	0.00297932725426315
vm_Fvencimiento_lag1	0.0019008683676456	0.00185981276784215	0.00315802924371589
vm_fechaalta_lag1	0.00189121295176394	0.00116485169858822	0.00270599007147119
vmr_Master_mlimitecompra	0.00189103658343655	0.00159315313252227	0.00311719679988932
Visa_mlimitecompra_rank_lag1	0.00188135790335161	0.00135262951287493	0.00289670160322586
rf_017_016	0.00187297033913228	0.00128718712772006	0.0023404196038004
rf_010_019	0.00187127143622286	0.00129103178179353	0.00242208449145353
thomebanking_delta2	0.00186157894495184	0.00636902028856027	0.00255034640323816
mcomisiones_otras_rank	0.00185557805287241	0.00129423188094556	0.00254169953278077
rf_002_019	0.00185334482964791	0.00120820843550797	0.00276555740128877
Visa_mpagospesos_rank_delta2	0.00184665062390434	0.00164606028089663	0.00286451602985668
rf_014_015	0.00183603765844386	0.00137153949425032	0.00441855080372661
vm_mfinanciacion_limite_rank_delta1	0.00182737044595118	0.00170235530570618	0.00410342041372393
rm_e_sp_lag2	0.00181807781025376	0.00199736097601978	0.00333048627117162
rf_005_019	0.00181086333248547	0.000686634029250431	0.000891588420495389
rf_008_015	0.00180550027124495	0.00353526615862645	0.00595577221837383
vm_fechaalta	0.00180282293365127	0.00120784215540713	0.002760753584368
mcomisiones_rank_delta1	0.00179086342264965	0.00275549945887811	0.00306147252360836
mcomisiones_rank	0.00178613633269511	0.00154407932092211	0.00261952136689728
Visa_mfinanciacion_limite_rank_lag2	0.00178225812574715	0.00200527340247467	0.00293657328366827
rf_008_019	0.00178176908057663	0.00155870670551338	0.00419853598875523
mpayroll_rank	0.00177546758429951	0.00238739645572724	0.000256523823569255
Master_mlimitecompra_rank_lag1	0.00176429447414964	0.00108875381060478	0.00295771007811967
vmr_Master_mlimitecompra_lag1	0.00175257223106841	0.0013665899122296	0.00272280343069389
mcomisiones_mantenimiento_rank_lag1	0.00174991840661624	0.00260420780029566	0.00301439511778479
Master_mfinanciacion_limite_rank_lag1	0.00173184794786814	0.00124033996410824	0.00292168145121388
rm_e_sp_lag1	0.00170915115590247	0.00207590364578501	0.00307011939406575
mcomisiones_mantenimiento_rank_lag2	0.00170037641691602	0.00187719756950039	0.002984611452876
rf_005_022	0.00168952656987233	0.000270493503230875	0.000480381692077257
Visa_mconsumospesos_rank_lag1	0.00168325494156323	0.00125899115929749	0.00215162959881403
vm_fechaalta_lag2	0.00167735301271011	0.00128272770324198	0.00279678221127379
Visa_mlimitecompra_rank_lag2	0.00167212885869836	0.00149120113993107	0.00306243328699251
mpasivos_margen_rank_delta2	0.00166507021417492	0.00227617902699691	0.00246243655358802
rf_005_018	0.00166498300852068	0.000986191582700024	0.00339677894467828
cliente_antiguedad_lag1	0.00165885962448206	0.00268937967003423	0.0031661957324812
mcaja_ahorro_dolares_rank_delta2	0.0016502764348312	0.0050140371860045	0.00192777173030603
rf_006_017	0.00164878283230232	0.00126158756020412	0.00414761552939504
mcomisiones_mantenimiento_rank_delta1	0.00164633970050209	0.00441383480124213	0.00381567178016965
Visa_mpagospesos_rank_delta1	0.00164557077285007	0.000736928229764358	0.00248933792834435
mrentabilidad_rank	0.00164124139368582	0.00302555260885446	0.00244129975913662
e_y_ratio_delta2	0.00164083165831445	0.00269077623293515	0.00246051502681971
vmr_Master_mlimitecompra_lag2	0.00162985198884747	0.00141256968860877	0.00290294656522286
Visa_status	0.00162293839683304	0.00110180306522675	0.000541390166971069
m_anclaje_pesado_rank_delta1	0.00162159808128958	0.005958996660653	0.00100880155336224
mcomisiones_rank_lag1	0.0016164950687551	0.00141287309028516	0.00235242914610233
mcomisiones_otras_rank_lag1	0.00161016055774072	0.00150336425410607	0.00239854578854174
Visa_msaldototal_rank	0.00159972702995278	0.000686265297749033	0.0012336201852544
Visa_mconsumospesos_rank	0.00159784856179109	0.00150623602900932	0.00224290212030871
mcaja_ahorro_rank_delta2	0.00159642977455819	0.0015917742197054	0.00205603364209066
Visa_mconsumospesos_rank_delta2	0.00159142162089865	0.0007024751022606	0.00221455960047615
Visa_mconsumospesos_rank_lag2	0.00159014409828825	0.00103057811213974	0.00233273349672716
rf_003_013	0.00157623066646406	0.00199543200977318	0.0047250343232719
Visa_mconsumototal_rank_delta2	0.00154759362558956	0.000696026039371984	0.00225010784568987
ctrx_quarter_delta2	0.00153424662760532	0.00142135093227998	0.00159198492754403
seguros_ratio_01	0.00152466570270117	0.0013583988841007	0.00243841746898416
mcaja_ahorro_dolares_rank_delta1	0.00151361316262087	0.00411435458948031	0.00178846103960363
rf_008_021	0.00151072830201667	0.000760836371748284	0.00190423302739425
chomebanking_transacciones	0.00147584393607197	0.0017054450101195	0.00164866996720915
internet_tend6	0.00146939255761167	0.00846838375602285	0.00191528180631202
vmr_Visa_mlimitecompra	0.00146817546882599	0.00122288399012031	0.00240671227730706
Visa_mpagospesos_rank_lag2	0.00146076874148351	0.000909372206674128	0.00236587983348049
vmr_pagominimo_saldo_lag2	0.00146057591542022	0.00359980401783014	0.00179374523821648
mprestamos_personales_rank_delta2	0.00145843301151006	0.00415142838675628	0.000926656284017029
seguros_ratio_01_lag2	0.0014400396634218	0.00147208397435141	0.00237933052085865
mpasivos_margen_rank_delta1	0.00143473657073918	0.00203745812646716	0.00213769852974379
Visa_mpagospesos_rank	0.00143385126477975	0.000620679464804527	0.00196716302905637
cproductos_delta2	0.00142857182572301	0.00502045360440895	0.000289189778630509
e_y_ratio	0.00141708877942696	0.001499123903125	0.00188790004986362
Visa_mpagominimo_rank_lag1	0.00141497824091152	0.00104395062478265	0.00139646957886859
tcallcenter_delta1	0.00140994850307362	0.00154643303317298	0.00109863292978069
Visa_mconsumospesos_rank_delta1	0.00140414665839717	0.000705179405648697	0.00217949173695451
Visa_mpagominimo_rank	0.00140287534838042	0.000989138166177129	0.00150311431450974
Visa_mconsumototal_rank_delta1	0.0014020833678409	0.000756579841523496	0.00216363914111597
chomebanking_transacciones_delta2	0.00138190728686822	0.002179128364692	0.00154971133864123
cliente_antiguedad	0.001381606519794	0.00195212025605377	0.00238221281101112
e_y_ratio_delta1	0.00136596319104439	0.00146433554659421	0.00220831463847915
rf_004_016	0.00135939912979998	0.00377267376216108	0.00473848501065006
ctrx_quarter_normalizado_delta2	0.00135414986141314	0.00179677218324586	0.00160495523323012
Visa_mpagominimo_rank_lag2	0.00135290021601787	0.000868600308221694	0.00159006340077572
mv_status07_rank_delta2	0.00135031364628512	0.00861853718846707	0.00449829416461143
m_e_sp_rank_delta2	0.00134917463656614	0.0011798017283503	0.00202673035887395
e_y_ratio_lag1	0.00134903548628023	0.00106034922799427	0.0019537123416782
Master_fultimo_cierre	0.0013479721586666	0.00110379654416483	0.0025916592287568
mcaja_ahorro_rank_delta1	0.00134220739904015	0.00167054981338083	0.00176252042823146
rf_018_021	0.00134029407573413	0.000418091963437983	0.000937705062934806
e_y_ratio_lag2	0.00133756776641419	0.000695939341505394	0.00204978868009366
vmr_pagominimo_saldo	0.00131934641996974	0.0015820190345904	0.0014320178240823
mcuenta_corriente_rank_delta1	0.00130959557208586	0.00291648849037894	0.00226596044152842
m_deb_aut_rank	0.00130867701595728	0.000502022280504591	0.000662926735066615
Visa_msaldototal_rank_delta2	0.00130170119630949	0.000693535457256332	0.00175867737469484
vmr_mpagominimo	0.00129888950416202	0.000388352348080691	0.000896392237416161
Visa_mpagominimo_rank_delta2	0.00129261075550484	0.000661628231807605	0.00176252042823146
vmr_Visa_mlimitecompra_lag1	0.00129000223298848	0.00106888880442661	0.00210887562821916
rf_015_017	0.00128696096183568	0.000906931959983376	0.00188597852309531
rf_009_023	0.00128312907892891	0.000898596462647936	0.00242832945345053
mrentabilidad_rank_lag2	0.00128159982036976	0.00167495841215389	0.00233705693195586
mv_status07_rank_lag2	0.00127586582232688	0.00747745071520994	0.0048854818084257
vmr_Visa_mlimitecompra_lag2	0.00126945496540594	0.00107390624938625	0.00219918738632968
mcuenta_debitos_automaticos_rank	0.00126469226496801	0.00200472461560189	0.000589908717870871
vmr_pagominimo_saldo_lag1	0.00126398176522	0.00128575130155345	0.00147092874114056
Master_fultimo_cierre_lag2	0.00125895975309049	0.000954648063381541	0.00195467310506236
Visa_cconsumos_lag2	0.00125874077696945	0.000599419325709094	0.00172601141963358
rf_014_021	0.00125797310972883	0.00129401640283605	0.00148630095528703
m_deb_aut_rank_delta2	0.00125621823568701	0.00152191665785262	0.00146612492421979
vm_msaldopesos_rank	0.00125125771936137	0.000419171682816095	0.000475577875156484
Visa_msaldopesos_rank_delta2	0.00124707073484693	0.00071106362499085	0.00176252042823146
rf_013_022	0.0012442940790469	0.00109653459684942	0.00195707501352274
mv_status07_rank_lag1	0.00123432700558974	0.00681331147294865	0.0045559399676607
rf_011_025	0.00122756713092446	0.00044186286784704	0.00155931897248278
ctransferencias_recibidas_tend6	0.00122748340390137	0.00306282431586924	0.00181824470451242
mpayroll_sobre_edad_rank	0.00122641547969604	0.00138860483755848	0.000294473977243358
mactivos_margen_rank_lag1	0.00121262309394535	0.00253669112169746	0.00169046317441987
cajas_ratio_01	0.00120912902123612	0.00347395189116352	0.000728258645189122
m_anclaje_pesado_rank_lag1	0.00120665686162714	0.00179649358157184	0.000805119715921483
seguros_ratio_01_lag1	0.00120611365487009	0.00144174012961194	0.00213625738466756
rm_deb_aut	0.00120151787771362	0.000883438799258143	0.00126436461354734
vmr_pagominimo_saldo_delta2	0.00119146210333976	0.000791848549994669	0.00171832531256035
Visa_cconsumos	0.00118674984224027	0.000818843372997893	0.00164578767705668
mcuentas_saldo_rank_lag1	0.00117948467846317	0.00163212178072033	0.00125763926985826
mpasivos_margen_rank_lag2	0.00117511285421753	0.00240412142206719	0.00141760637331999
Visa_mpagominimo_rank_delta1	0.00117021122491047	0.00064441384334519	0.00160015141630934
Visa_msaldopesos_rank_delta1	0.00116782952532478	0.000545700436894864	0.00148053637498211
Visa_cconsumos_lag1	0.0011663663319793	0.000833078656069063	0.00158237729370248
rf_010_023	0.00114636733376592	0.000434566314927009	0.00144402736638423
mrentabilidad_rank_lag1	0.00113498314034871	0.00160978020626639	0.00215066883542988
ctarjeta_debito_transacciones_tend6	0.00113332875205993	0.00401282170467209	0.00134843140966086
ctrx_quarter_normalizado_delta1	0.00112514222193544	0.000923780803765124	0.00105972201272243
mprestamos_personales_rank_delta1	0.00112333088982018	0.00445415274116691	0.000862765518970753
m_y_sp_rank_delta2	0.00112131035343403	0.000827161628816038	0.00129414827845613
vm_fultimo_cierre	0.00111683547116966	0.00121276783627235	0.00213913967482002
Master_mpagospesos_rank	0.00111247146551599	0.00073384714610968	0.000997272392752385
ccaja_seguridad_lag2	0.00110608272782406	0.00247498785782181	0.000195515348675444
rf_007_026	0.00110380486115846	0.000333963450635831	0.000743630859335594
m_e_sp_rank_delta1	0.00110342703433815	0.00118450854000189	0.00163569966152306
rf_020_019	0.00108907530460192	0.000866236626941869	0.00165299340243784
mv_status07_rank_delta1	0.00108468889695263	0.0112583681697554	0.00437243416128719
rf_019_023	0.00108292308692607	0.000757744665357832	0.000887264985266694
Visa_msaldopesos_rank	0.00107952893931814	0.000769020086532179	0.00122064987956831
Visa_msaldototal_rank_delta1	0.00107649876506326	0.000504698842209647	0.00158670072893118
rf_005_021	0.0010681634919305	0.000493201283287587	0.000926175902324951
rf_018_019	0.00106788754964206	0.000505290079168842	0.00163858195167552
mactivos_margen_rank_lag2	0.00105925180815084	0.00233727009443855	0.00174762859577706
vm_fultimo_cierre_lag2	0.0010536199345988	0.00130188458151076	0.00191047798939125
mcuentas_saldo_rank_lag2	0.00105204817126106	0.0016700067464427	0.00151416309342751
mcaja_ahorro_dolares_rank_lag2	0.00104931340187258	0.00157071211291881	0.00121344415418715
Visa_mpagospesos_rank_lag1	0.00104908114017518	0.000541892390403134	0.00182977386512227
mtransferencias_recibidas_rank_delta2	0.0010463312452639	0.000901251533741387	0.00148870286374742
vm_mpagominimo_rank_lag1	0.00104281230683115	0.000769999094203815	0.000688867346438786
chomebanking_transacciones_lag1	0.00104082250582626	0.00102489449907702	0.00126964881216019
rm_deb_aut_lag2	0.00103914482495043	0.000639623193794332	0.00131000087429468
Master_mpagospesos_rank_lag2	0.00103906753342543	0.000892256936507824	0.00114667109898841
chomebanking_transacciones_lag2	0.00103475220953053	0.0011023675819198	0.00135131369981332
internet_lag1	0.00103458347476758	0.0041773593427717	0.000759003073482066
ccaja_seguridad_lag1	0.00103367603479188	0.00135745031465272	0.00011913465963516
vmr_mpagominimo_lag2	0.00103222529277967	0.000685769951408539	0.00102561491258494
vmr_msaldopesos2_lag2	0.00102617479180808	0.000489654719522611	0.00136140171534695
rf_004_021	0.00102033549811293	0.0012141829481042	0.00208005272669452
vm_mpagominimo_rank	0.00101489859825351	0.000695465281493125	0.000660044444914151
cdescubierto_preacordado_delta2	0.00100939320217024	0.00215102771489467	0.000340590619682775
rf_006_026	0.00100869142435592	0.000313373361027704	0.000777737959473079
thomebanking_delta1	0.00100665071934473	0.00136171236052878	0.00209014074222814
Visa_fultimo_cierre_lag2	0.00100319500586728	0.00105051273809392	0.00168085554057832
rf_017_019	0.000998855073885783	0.00043596598293531	0.00128598178969082
Visa_mconsumosdolares_rank_lag2	0.000991098037676493	0.000676013581449926	0.00164578767705668
Master_fultimo_cierre_lag1	0.000986947178036128	0.000754930580081174	0.00172649180132566
rf_010_021	0.000986638060282786	0.000853897583919776	0.00121920873449208
chomebanking_transacciones_delta1	0.000981437480059666	0.00364617131978169	0.0013517940815054
rm_deb_aut_lag1	0.00097757941593881	0.000802254377675857	0.00119230735973575
vmr_pagominimo_saldo_delta1	0.000975298963438065	0.000793099336275424	0.00145411538191786
m_deb_aut_rank_delta1	0.000969820681430981	0.000751718836776471	0.00133594148566685
vmr_msaldopesos2_delta2	0.000968402026152848	0.000697388527805074	0.0015165650018879
vm_fultimo_cierre_lag1	0.000968100606849241	0.00159755723706097	0.00164434653198045
cprestamos_personales_tend6	0.000966747236232377	0.00933142653488413	0.0011279362129974
cpayroll_trx	0.000965199375130572	0.00173722133077815	5.18812227443438e-05
rf_015_021	0.000963708398497927	0.000518714316363639	0.00134747064627671
mtransferencias_emitidas_rank	0.000959485093794633	0.000856778347291755	0.000883902313422153
Visa_fultimo_cierre	0.000955092866160815	0.00105279977224946	0.00184850875111328
rf_013_016	0.000953991874857098	0.00212564186865118	0.00309750115051415
c_e_y_ratio_delta2	0.000953426549929069	0.000849766320263773	0.00126340385016319
ctrx_quarter_delta1	0.000953347144304545	0.000933760823168464	0.00103474216473441
Visa_msaldototal_rank_lag2	0.000952897710655247	0.000685103415595373	0.00121728720772377
rf_007_021	0.000952506575187419	0.00146898397405572	0.00186820440048845
ctarjeta_visa_debitos_automaticos_tend6	0.000951616432196798	0.00464821995045222	0.000868530099275681
rf_007_025	0.000943665612610028	0.00035687105347984	0.00119903270342483
vm_mfinanciacion_limite_rank_lag2	0.00093785588459854	0.000848230681237561	0.00142817477054568
mcaja_ahorro_rank_lag2	0.000937415279499753	0.00137062581640369	0.00101936995058794
m_anclaje_pesado_rank_lag2	0.000921127364725007	0.00175404202431009	0.000905999871257706
rf_007_023	0.000914065711599166	0.000586430498111017	0.00156748546124809
mtransferencias_recibidas_rank_delta1	0.000913585678605251	0.000710015446966653	0.00127493301077304
rf_020_025	0.000910696435455448	0.000532780493652616	0.000685504674594246
ctransferencias_emitidas_tend6	0.000908469255408513	0.00162737917862051	0.00106068277610658
cpagomiscuentas_tend6	0.000906314474853378	0.00331303207087192	0.000781581013009697
rm_y_sp_delta2	0.000898689876341512	0.00108243360967245	0.00107749613532929
Master_mconsumospesos_rank_lag2	0.000897165086251032	0.000734668324441714	0.00109430949455199
mcaja_ahorro_dolares_rank	0.000893497172469673	0.00238221852574405	0.000952116513697123
vm_mpagospesos_rank_delta2	0.000891202104716988	0.000640326909182708	0.00118942506958329
foto_mes	0.000882555183317568	0.00235041687394625	0.000851236358360899
vm_mlimitecompra_rank_lag2	0.00088033795486145	0.000779655120166036	0.00138542079995081
ccajas_transacciones_delta2	0.000877400456228447	0.00062379053725943	0.000734983988878203
mtransferencias_emitidas_rank_lag2	0.000871590360721918	0.0022685872437357	0.000888706130342925
mprestamos_personales_rank_lag2	0.000868100846286076	0.00181336391596519	0.00103474216473441
vm_status06_delta2	0.000867671138502715	0.00213525168571278	0.000242592754499015
mcaja_ahorro_dolares_rank_lag1	0.000865083148163114	0.00151168684073188	0.00104819285211257
atm_ratio_c	0.000864994290494384	0.000412891603139643	0.00105780048595412
atm_ratio_c_lag2	0.000859779270126267	0.00036542819828288	0.00122113026126039
mtarjeta_visa_consumo_rank_delta2	0.000855582902621347	0.000633409792213202	0.000879578878193457
vmr_msaldopesos2	0.000855390124590257	0.000711536867869598	0.00122977713171778
rm_deb_aut_delta2	0.000850437725197731	0.00102324143796383	0.00110103483824107
rf_009_020	0.000846837059314694	0.000407878856697748	0.0011447495722201
vm_mlimitecompra_rank_lag1	0.000844737983969472	0.000736197017832997	0.00127493301077304
vmr_msaldopesos2_lag1	0.000835474905760928	0.000474536482825211	0.00118221934420213
vmr_mpagominimo_lag1	0.000828516236247753	0.000460615673589638	0.000877657351425148
Visa_msaldopesos_rank_lag2	0.000827803842202614	0.000708571408608156	0.00113081850314986
c_e_sp_delta2	0.000820295026944639	0.00177405211254494	0.000906480252949784
ctarjeta_master_delta2	0.000819942919498056	0.00544022191726548	0.000234426265733701
rf_005_020	0.000818760539101738	0.000529465137817437	0.00123313980356232
mtarjeta_visa_consumo_rank	0.000812897373702478	0.000501208660657627	0.000413128255186441
mttarjeta_visa_debitos_automaticos_rank_delta2	0.000807458006517675	0.000665830136656507	0.00101696804212755
rf_015_025	0.000805487288003754	0.000818662173639588	0.00165203263905369
vm_mfinanciacion_limite_rank_lag1	0.000803052280568395	0.00072881985469111	0.00124851201770879
mcaja_ahorro_rank_lag1	0.000801546074631946	0.000837945871030849	0.000801276662384865
contactos_delta2	0.00079681564466448	0.00373031172187657	0.00045540184408924
Master_mconsumospesos_rank	0.000794822742847584	0.000479577093520175	0.000915127123407174
rm_y_sp	0.000793735214540476	0.00128382147731665	0.000795512082079937
Visa_msaldototal_rank_lag1	0.000791881085766323	0.00043756503152276	0.00103954598165518
rf_008_025	0.000789298033034994	0.000348469490899219	0.000267572602487032
Master_mconsumospesos_rank_lag1	0.000783684379215451	0.000493334271768147	0.000915607505099252
rm_y_sp_lag2	0.000782157865234072	0.00079932262517216	0.000888706130342925
rm_anclaje_pesado_delta2	0.000780310977419838	0.0029569233621106	0.000736425133954435
vm_mfinanciacion_limite_rank	0.000779014798900247	0.000969995301748231	0.00169478660964856
rf_020_017	0.000778755109017569	0.000841478788666022	0.00153289797941853
mprestamos_personales_rank_lag1	0.000777725717901206	0.00167575899872119	0.000888706130342925
vm_msaldopesos_rank_delta2	0.000777001967210724	0.00201498773091362	0.00108374109732629
rf_011_024	0.00077338506950046	0.000543445066663262	0.00139743034225274
Visa_msaldopesos_rank_lag1	0.000773374370721642	0.000462945239544957	0.00104483018026803
m_y_sp_rank_delta1	0.000768603392438725	0.000566370442161355	0.00108710376917083
mautoservicio_rank	0.000768599732716207	0.0012420139029829	0.000655721009685456
Master_mpagospesos_rank_delta2	0.000766249011907919	0.000527885537007789	0.000881020023269689
mtransferencias_emitidas_rank_delta2	0.00076582117686989	0.00131058353983639	0.000960283002462437
mautoservicio_rank_delta2	0.000765652624829617	0.000865922684243061	0.000981900178605913
rf_001_018	0.000765370774954461	0.000544606254253428	0.000964606437691132
m_deb_aut_rank_lag2	0.000762920785821843	0.000502662341191673	0.00080560009761356
vm_mpagominimo_rank_delta2	0.000759297204552348	0.000450198283469127	0.000997752774444463
Master_mpagospesos_rank_lag1	0.000753410818215995	0.000666251532413341	0.000950194986928814
vmr_msaldototal_delta2	0.000752885913026359	0.000467716277891308	0.000790708265159165
mttarjeta_visa_debitos_automaticos_rank_delta1	0.000751209443859498	0.000676705203262189	0.000954038040465432
vmr_mpagospesos_delta2	0.000748754450645137	0.000670028078407832	0.000938185444626883
seguros_ratio_01_delta2	0.000746367394867217	0.00167494080292651	0.001212483390803
c_anclaje_pesado	0.000744360166434862	0.00352302059567917	0.00059375177140749
Master_Fvencimiento_delta2	0.000742118155331937	0.000937855969522834	0.00107749613532929
Visa_cconsumos_delta2	0.000735931069396913	0.000550083050821958	0.000958841857386205
Master_msaldototal_rank	0.000734523785789304	0.000495705960956478	0.000771012615783997
atm_ratio_eme_lag1	0.000730748998835042	0.000496703149848958	0.00110199560162523
vm_mpagominimo_rank_delta1	0.00072983765209876	0.000510026797907307	0.000883421931730076
Master_mpagominimo_rank_lag2	0.000728887842694873	0.000393987505125611	0.000730660553649508
vm_msaldototal_rank	0.000726909976219463	0.000408417020834748	0.000452039172244699
vm_mconsumospesos_rank_delta2	0.000723309504927089	0.000480315128516437	0.000798394372232401
vm_msaldopesos_rank_delta1	0.000722640070036869	0.000607485250695921	0.000965086819383209
vmr_msaldototal_lag2	0.00072230649480556	0.000409892151123723	0.000841628724519354
rf_020_027	0.000719588515554439	0.000269934583902439	0.000747473912872212
vmr_msaldopesos2_delta1	0.000718656419481314	0.00155598683573171	0.00120864033726638
c_e_y_ratio_delta1	0.000716742489778005	0.000739154836896017	0.00109238796778368
rf_014_017	0.000715491640509257	0.000580937399728741	0.00119663079496445
vmr_mpagominimo_delta2	0.000713638908650822	0.000631218444392979	0.000921372085404179
Master_cconsumos	0.000711222269363683	0.000321888341741054	0.000612486657398503
ccajas_transacciones_delta1	0.000710947540123215	0.00177960457567753	0.000810403914534332
rf_013_017	0.000710766561904517	0.000595023351648929	0.00113322041161025
rf_003_015	0.000704176804073784	0.000835723839846908	0.00134362759274009
Master_mpagominimo_rank	0.000702105060675608	0.000398427849535972	0.000724895973344581
Master_msaldopesos_rank	0.000693474256404717	0.000524204064498479	0.000783982921470083
vmr_msaldopesos_lag2	0.000692710753763864	0.000460322281798886	0.000810403914534332
mcuenta_debitos_automaticos_rank_lag2	0.000690225299142642	0.000554517797867699	0.000664848261834924
ccallcenter_transacciones_delta2	0.000689626232751977	0.00453250248570781	0.000352600161984707
vm_mpagospesos_rank_delta1	0.00068874307563117	0.000481619723039557	0.000930979719245724
mautoservicio_rank_lag2	0.0006731775286417	0.000521827227368965	0.000719131393039654
ccaja_ahorro_tend6	0.000671459838436928	0.00506451193216991	0.00032041458861553
c_e_y_ratio	0.000670334181178133	0.00068077599903763	0.000895431474032007
Master_cconsumos_lag2	0.000669690302950536	0.000434659182151682	0.00070231803381695
vm_mconsumototal_rank_delta2	0.000668437756532068	0.000462407892541478	0.000823374220220418
c_e_y_ratio_lag2	0.000666581967427176	0.000615406706476217	0.000944910788315964
Master_mpagospesos_rank_delta1	0.000664445713732105	0.00050541003436974	0.000783502539778006
c_e_y_ratio_lag1	0.000662920441615215	0.000629147664623794	0.000869490862659835
Master_mpagominimo_rank_lag1	0.000660034528094447	0.00037818912734192	0.00073210169872574
vmr_mconsumospesos_lag2	0.00065781876818641	0.00045934327412725	0.000776296814396847
rf_016_027	0.00065231285402829	0.000500531011828575	0.000978057125069295
rm_anclaje_pesado_lag1	0.000648832533334028	0.00180440592631337	0.000688386964746709
vm_msaldototal_rank_delta1	0.000647867602891156	0.000555876404916564	0.00088438269511423
mtarjeta_visa_consumo_rank_delta1	0.000647841740169158	0.000491096061340488	0.000723935209960426
Master_msaldototal_rank_delta2	0.000642780551569629	0.000523347790281713	0.000821452693452109
mtransferencias_emitidas_rank_delta1	0.000641836565081146	0.000667916523675944	0.000739787805798976
ctrx_quarter_normalizado_lag2	0.000638473880109421	0.00082569626327264	0.000809443151150178
mautoservicio_rank_delta1	0.000636030250170955	0.000745734069154546	0.000817129258223414
vmr_mpagospesos	0.000633157691115051	0.00034400385620638	0.000640829177231061
vm_mpagominimo_rank_lag2	0.000631983644700338	0.0005331263862721	0.000749875821332598
Master_msaldopesos_rank_delta2	0.000630285610130818	0.000530710204163545	0.000782541776393852
rm_y_sp_lag1	0.000628851951425273	0.000700911394697938	0.000695592690127868
vmr_msaldopesos_delta2	0.000623340795230536	0.000775737945492563	0.000826256510372882
vmr_msaldototal	0.000619370064805245	0.000386548198979444	0.000734503607186126
Visa_cconsumos_delta1	0.000617340170002139	0.000589844481962194	0.000860363610510367
m_ganchos_liviano_rank	0.000616157842609971	0.00169346513813661	0.000223377486815924
c_e_sp_delta1	0.000612756750727486	0.00106014890771157	0.000601918260172803
Master_msaldopesos_rank_lag2	0.000610712561129901	0.000447598859168464	0.000746513149488057
mtransferencias_recibidas_rank_lag2	0.000607321113543152	0.000639313255049777	0.000827697655449114
rf_001_009	0.000606439044529788	0.00107583349965245	0.00134699026458463
Visa_fultimo_cierre_delta2	0.000605603264611321	0.00047314976638322	0.00109863292978069
m_deb_aut_rank_lag1	0.000603352767193202	0.000332943668001492	0.000670132460447773
mcuenta_debitos_automaticos_rank_lag1	0.00060213724828783	0.000522697106858857	0.000531302151437446
ctarjeta_visa_transacciones	0.000595084470954529	0.00069266774317027	0.000354041307060938
rf_004_025	0.000591558496714036	0.000443624280865134	0.000912725214946788
Visa_mconsumosdolares_rank_delta2	0.000590109171262309	0.000384694858440225	0.00094395002493181
mtransferencias_recibidas_rank	0.000589802534745697	0.000549123858638209	0.000700876888740718
vmr_mconsumospesos	0.000589038890292274	0.000460951392896784	0.000649956429380529
rf_020_028	0.000587644183633736	0.000224512705434805	0.00037998191843311
mttarjeta_visa_debitos_automaticos_rank	0.000587237724398388	0.000363807046233684	0.000607202458785653
rm_deb_aut_delta1	0.000586921245733547	0.000586487738314171	0.000895431474032007
m_inversiones_rank	0.000584665072578016	0.00150332270286652	0.000208005272669452
vmr_msaldopesos	0.000584514769511843	0.000396632321193372	0.000741228950875207
mtransferencias_recibidas_rank_lag1	0.000583209191814815	0.000806404721399577	0.000738827042414821
rm_pagos_lag2	0.000581711075641318	0.00053334979057677	0.000669652078755696
Master_mconsumospesos_rank_delta2	0.000580493743326043	0.000311249099869563	0.00062161390954797
rm_anclaje_pesado_delta1	0.000579914188008138	0.00270294367791782	0.0006970338352041
Master_cconsumos_lag1	0.000577153751163643	0.000333901430201579	0.000545233220507687
m_e_sp_rank_lag2	0.000573006957603702	0.000836997791862987	0.000777257577781002
Master_msaldototal_rank_delta1	0.000571232439478056	0.000428589841210323	0.000748434676256366
vmr_mconsumospesos_delta2	0.000569837879309353	0.000334628025328546	0.000634103833541979
rf_017_020	0.000564807052782494	0.000570977890376781	0.000921372085404179
mttarjeta_visa_debitos_automaticos_rank_lag2	0.000564599539085035	0.000347325994249785	0.000648515284304297
mcuenta_debitos_automaticos_rank_delta2	0.00056328997088164	0.000939994326234213	0.000930499337553647
vmr_msaldopesos_delta1	0.000561118815045819	0.000362800133452302	0.000673975513984392
Visa_mconsumosdolares_rank_delta1	0.000560544444247655	0.000430182230159576	0.000891108038803312
Master_mpagominimo_rank_delta2	0.000559136661334748	0.000521007274737212	0.000714327576118881
rf_006_009	0.00055690203348692	0.000943389475157728	0.00108422147901837
vm_Finiciomora_lag1	0.000556663804171052	0.0035747337485525	0.00061296703909058
vm_mconsumospesos_rank_delta1	0.000554352243744373	0.000479539995658317	0.000738346660722744
ccomisiones_mantenimiento_delta2	0.000553703752113862	0.00320430309971009	0.000244994662959401
cpayroll_trx_tend6	0.000553113555955934	0.00218855538898493	0.000487107035766339
mttarjeta_visa_debitos_automaticos_rank_lag1	0.000552422307852584	0.000361444713224169	0.000592791008023335
rf_002_024	0.000552265701184045	0.000678731857821233	0.000910803688178479
cproductos_delta1	0.000552195344663561	0.0033791655058456	0.000169094355611194
vmr_mpagospesos_lag2	0.000552004321564223	0.000385812370243689	0.000728739026881199
vmr_Master_mlimitecompra_delta2	0.000549582067748467	0.000795547059737894	0.000648515284304297
Master_msaldototal_rank_lag1	0.000549382567106612	0.000463746602389104	0.000649476047688451
seguros_ratio_01_delta1	0.000546892749735192	0.000937146452486458	0.000927617047401183
rf_005_024	0.00054686686126059	0.000254621910283692	0.000194554585291289
Master_fechaalta_delta2	0.000546613069503307	0.000304856337480551	0.000885343458498385
cajas_ratio_01_delta2	0.000542177305053514	0.00280138595946584	0.000580781465721404
vm_fultimo_cierre_delta2	0.000540891375936142	0.000841681642062637	0.00104819285211257
vmr_msaldototal_lag1	0.0005368745844808	0.00031748096866827	0.000644672230767679
Master_msaldopesos_rank_lag1	0.000534494658455116	0.000318734574059674	0.000613927802474734
ctrx_quarter_lag2	0.000531696673361285	0.000800042029524141	0.000817129258223414
Master_status_delta1	0.000530760920747569	0.000599811835795957	0.000326659550612535
mpayroll_sobre_edad_rank_delta2	0.000530704895014963	0.000943271276793901	0.000335786802762003
cextraccion_autoservicio_tend6	0.000528923041510325	0.00118214882181965	0.000755160019945448
Master_mconsumospesos_rank_delta1	0.000528894908280829	0.00034871732749617	0.000665809025219078
Master_msaldopesos_rank_delta1	0.000527480029909867	0.000452915456710182	0.000747473912872212
vmr_mpagospesos_lag1	0.000526858620291747	0.000268306363648285	0.000573095358648168
vmr_mconsumospesos_lag1	0.000526030328901233	0.000522980856474061	0.000654279864609224
rm_pagos	0.000525970150369182	0.000528359801303438	0.000558203526193773
mautoservicio_rank_lag1	0.000524912531766431	0.000659292496494202	0.000619212001087584
m_pagos_rank_delta2	0.000524678694267525	0.000460221447522381	0.000562046579730391
m_pagos_rank_lag2	0.000523141699886803	0.000462345014117029	0.000526017952824596
Master_mconsumototal_rank_delta2	0.000520422458736133	0.000375841175882377	0.000598555588328262
Visa_mpagosdolares_rank	0.000517022166711453	0.000316955388387496	0.000796472845464092
vmr_mpagominimo_delta1	0.000513305924343475	0.000523198867697492	0.000741709332567285
vmr_msaldototal_delta1	0.000512632149396716	0.000383645454715746	0.000650436811072606
cmobile_app_trx_lag2	0.000508015721985843	0.00215045200347237	0.000695112308435791
cproductos	0.000505385551231835	0.00148303875233208	7.92629791927474e-05
ctarjeta_master_transacciones_tend6	0.000503531672243075	0.00157043714748896	0.000477979783616871
mpagomiscuentas_rank_delta2	0.000502960850386707	0.000575186577433909	0.00050440077668112
Visa_mpagado_rank_lag2	0.000502771489052193	0.000397558460326192	0.00072681750011289
mpayroll_rank_delta2	0.000502348458404375	0.000815969310120787	0.00033098298584123
vmr_msaldopesos_lag1	0.000495845414915612	0.000363764923000671	0.000698474980280332
vm_status01_delta1	0.000490030627439044	0.00256711426924515	0.000437147339790304
matm_rank_lag2	0.000483358970647923	0.000359635211898358	0.000443872683479385
vmr_mpagospesos_delta1	0.000481107585278765	0.000379584750539291	0.000698474980280332
rm_ganchos_liviano	0.000476124033309604	0.000723416518426127	0.000194074203599212
Visa_mpagado_rank_delta2	0.000472558257090758	0.000425000582218869	0.000636986123694443
vm_msaldototal_rank_lag2	0.000466880405488396	0.000276113012168866	0.000501518486528656
c_anclaje_pesado_lag2	0.000464701807904656	0.00455259788268226	0.000817609639915491
ccomisiones_otras	0.000462526647628379	0.000225753645256631	4.32343522869531e-05
atm_ratio_c_delta2	0.000458822436276364	0.0004476844539048	0.000584144137565944
contactos_delta1	0.000458377635585893	0.000774460275518964	0.000247396571419787
rf_020_020	0.00045787167610456	0.000300395809872219	0.000487587417458416
vm_mconsumospesos_rank_lag2	0.000450054404991451	0.000353477171113283	0.000451558790552622
m_y_sp_rank_lag2	0.000445186971308391	0.000418121216818039	0.000525057189440442
ccomisiones_otras_lag1	0.000443145480436074	0.000479634211153301	0.000175819699300276
rf_006_022	0.000440915950079897	0.000419484604098002	0.000713847194426804
ctarjeta_visa_transacciones_delta2	0.000438502197657742	0.000407478461272407	0.000212328707898148
m_tax_rank_delta2	0.000438240234678888	0.000520727243079529	0.000514969173906819
Master_msaldototal_rank_lag2	0.000435272510648737	0.000405207728930608	0.000677338185828932
m_pagos_rank	0.000433561246344754	0.000407330355821707	0.000406883293189437
rm_pagos_lag1	0.00043293944571992	0.000434456328755068	0.000547154747275996
mcuenta_debitos_automaticos_rank_delta1	0.000430924289042294	0.000739198798679453	0.000782541776393852
vm_Finiciomora_lag2	0.00042763799866818	0.00236060967491849	0.000673495132292314
m_e_sp_rank_lag1	0.000424147347066232	0.000628208247071256	0.000659083681529997
vmr_Master_mlimitecompra_delta1	0.00042372290634788	0.000756277624690716	0.000516410318983051
c_e_sp_lag2	0.000421869677503294	0.000576203867811008	0.00053946864020276
rf_015_027	0.00042161370205059	0.000572067783067231	0.000776296814396847
mextraccion_autoservicio_rank_lag1	0.000420536353088098	0.00122655896641812	0.000479420928693102
ctrx_quarter_normalizado_lag1	0.000419793408866962	0.000997589451332509	0.000585585282642176
ctrx_quarter_lag1	0.00041685856872307	0.0012051257992996	0.000604320168633189
cproductos_lag1	0.000407345137234053	0.00157541945570719	0.000380942681817265
vmr_mconsumospesos_delta1	0.000406754876184499	0.000351734674736202	0.000525537571132519
Master_mpagominimo_rank_delta1	0.000404059449176673	0.000448579664533847	0.000598075206636185
cprestamos_personales_delta2	0.000401985563493206	0.00321682697833465	0.00017870198945274
rf_016_021	0.000401502186605362	0.000341148423973555	0.000501038104836579
ccomisiones_otras_lag2	0.000401241009788746	0.000775095147408186	0.000254602296800946
ctarjeta_visa_transacciones_lag2	0.00040108694793033	0.000325624398769574	0.000373736956436106
ccuenta_debitos_automaticos_tend6	0.000399828447387498	0.0038953694246057	0.000484705127305952
vm_mpagospesos_rank_lag2	0.000398797237246119	0.000363583927925746	0.000440510011634845
cplazo_fijo_tend6	0.00039828854317779	0.00428550569773299	0.000269013747563264
m_y_sp_rank_lag1	0.000398261802819158	0.000422814218913125	0.000419853598875523
rm_pagos_delta2	0.000397612003058987	0.000649591487331644	0.000497675432992038
mextraccion_autoservicio_rank_lag2	0.000395271958834971	0.00027053685216417	0.000453480317320931
ccomisiones_mantenimiento_lag2	0.00039490944390021	0.00220819670486171	0.00022241672343177
mpagomiscuentas_rank	0.000392236987864667	0.000636244060687831	0.000414569400262673
atm_ratio_c_delta1	0.000391716226342611	0.000364967620973709	0.000465489859622862
rf_013_024	0.000385746419453479	0.000219062751702443	0.00037133504797572
vmr_mconsumosdolares	0.000385420140790777	0.00044202122832343	0.00036605084936287
mtarjeta_master_consumo_rank	0.00038384326292413	0.000344995897157678	0.000193113440215057
atm_ratio_eme_delta1	0.000376165722537167	0.000300606221753903	0.000451558790552622
ctarjeta_visa	0.000374467746346409	0.000366367942688827	4.99596959760347e-05
vmr_Visa_mlimitecompra_delta2	0.000372507907849792	0.000860704347007256	0.000472695585004021
vm_msaldopesos_rank_lag2	0.0003703098830282	0.000344841050355428	0.000503920394989043
atm_ratio_eme_delta2	0.000366090499653021	0.000468028790606455	0.000578859938953095
mtarjeta_visa_consumo_rank_lag2	0.00036320918864554	0.000304115973653753	0.000417932072107214
vm_msaldopesos_rank_lag1	0.000359490181688244	0.000228478050129347	0.00041504978195475
m_pagos_rank_lag1	0.000359027417448966	0.000316709921477756	0.00042561817918045
mpayroll_sobre_edad_rank_lag2	0.000356119871857625	0.000386193644744636	0.000240671227730706
rf_003_020	0.000351561405477581	0.000432662924959623	0.000599516351712417
matm_other_rank_lag1	0.00034988885643437	0.000397150669842485	0.000275739091252345
cdescubierto_preacordado_delta1	0.000349649755707821	0.00241795724941657	0.00029591512231959
vm_mconsumospesos_rank	0.000348787786378734	0.000329461657784684	0.000365090085978715
mextraccion_autoservicio_rank_delta1	0.000348217148722243	0.000548979920568466	0.000441951156711076
vm_mconsumospesos_rank_lag1	0.000347700520185483	0.000377367581299801	0.00039055031565881
m_tax_rank_delta1	0.00034395914957735	0.000340249536243664	0.000437147339790304
rf_012_013	0.000342018419525582	0.000457275068328657	0.000597594824944108
vm_fechaalta_delta2	0.000342006743339266	0.00276647401148998	0.000481822837153489
ctarjeta_debito_transacciones_delta2	0.000338435059845966	0.000549809515375768	0.00032041458861553
vmr_mconsumosdolares_lag1	0.000337210013321519	0.000366516824416372	0.000334345657685771
vm_cconsumos_delta2	0.000336603853517327	0.00030229282619814	0.000165731683766654
mextraccion_autoservicio_rank_delta2	0.000331641763810716	0.000512825316790388	0.000483263982229721
ctarjeta_visa_transacciones_lag1	0.00033085604419951	0.000239217186573793	0.000297836649087899
matm_rank_delta2	0.000330782826015246	0.0006612931253506	0.000402559857960741
ctarjeta_debito_transacciones	0.000329125024576857	0.000431860990122011	0.00034155138306693
Master_cconsumos_delta1	0.000329110558483708	0.000363188067591446	0.000294473977243358
mpayroll_rank_lag2	0.000328781994451823	0.000370265465301117	0.000217612906510997
mtarjeta_visa_consumo_rank_lag1	0.000328557325421624	0.000263542230080187	0.000342992528143161
matm_rank	0.000323846755076303	0.000313650941284823	0.000367491994439102
c_e_sp_lag1	0.000323728326377163	0.000452929960830181	0.000407363674881514
vm_cconsumos_lag2	0.000323446890144672	0.000326591067725042	0.000263729548950414
Visa_mpagado_rank_lag1	0.000319632249910692	0.000528085857290488	0.00052890024297706
cproductos_lag2	0.000316801459925064	0.00242297118070207	0.000508243830217738
mpagomiscuentas_rank_delta1	0.000314952374091162	0.00036387274376878	0.000394873750887505
Visa_mpagado_rank_delta1	0.000310121366080506	0.000373113829328985	0.000446754973631849
vmr_mpagado_delta2	0.000308245937026522	0.000524907739030178	0.000368452757823256
cajas_ratio_04_delta1	0.000305616346847445	0.0016330034677896	0.000447235355323926
vmr_mpagado_lag2	0.000304336955144175	0.000354045160623803	0.000446274591939772
vm_msaldototal_rank_lag1	0.000301896711486881	0.000336753553043644	0.000407844056573591
vm_Fvencimiento_delta2	0.000297598970034183	0.000942297457920124	0.000454921462397162
ctarjeta_debito_lag2	0.000297047655644478	0.0023755521461955	0.000519772990827592
matm_other_rank_lag2	0.000290454998646432	0.000276405913679506	0.000275258709560268
mpayroll_rank_lag1	0.000289928983730677	0.00044594391864817	0.000189270386678439
ccallcenter_transacciones_delta1	0.000286738266708943	0.00197480907139751	0.00019791725713583
vm_mpagospesos_rank	0.000286657710696849	0.000144246374220155	0.000285827106785968
mextraccion_autoservicio_rank	0.000286413816857935	0.000344269914880852	0.000411687110110209
Visa_mpagado_rank	0.000284059447243431	0.000292684602546903	0.000485665890690107
vmr_mconsumosdolares_lag2	0.000284005978980051	0.00031764803161666	0.000360286269057943
mpayroll_sobre_edad_rank_lag1	0.000282412638809486	0.000346357078177135	0.000166212065458731
Master_cconsumos_delta2	0.000280070748083934	0.000127387888262858	0.000285346725093891
ctarjeta_debito_tend6	0.000279352367941668	0.00272162469848059	0.00038526611704596
cprestamos_personales	0.000277847701832455	0.00306336378741987	0.000515929937290974
vmr_Visa_mlimitecompra_delta1	0.000277223628546181	0.000572069580760978	0.000416971308723059
vm_mconsumosdolares_rank_lag1	0.000272670978787357	0.000334067635159772	0.000271896037715727
mpayroll_sobre_edad_rank_delta1	0.000266527319058147	0.000473649361818023	0.000224338250200079
vm_cconsumos_lag1	0.00026448370435742	0.000278402824578382	0.000211367944513993
Visa_msaldodolares_rank	0.000263401267788261	0.000737257452860011	0.000438108103174458
vm_mpagado_rank_lag2	0.000256825501523019	0.000392154143500984	0.000283425198325582
rf_004_020	0.000253904188295752	0.000430454049625372	0.000384305353661806
m_inversiones_rank_lag1	0.000253716805864966	0.000314445072497309	0.000160447485153804
Master_mpagado_rank_delta2	0.000251036713368194	0.00028727060268947	0.000275258709560268
mtarjeta_master_consumo_rank_delta2	0.000249437631003792	0.000316591641400576	0.000265170694026646
Visa_msaldodolares_rank_delta2	0.000248064471149085	0.00033922938589924	0.000332904512609539
c_anclaje_pesado_delta2	0.000247826178428403	0.00142825113458559	0.000122497331479701
vm_mconsumosdolares_rank_lag2	0.000247812047263409	0.000357953060831811	0.000280542908173118
mpayroll_rank_delta1	0.000246612847414214	0.000982253530265087	0.000250759243264328
vm_mconsumosdolares_rank_delta2	0.000244625571248748	0.000325479643566311	0.000255563060185101
Visa_msaldodolares_rank_lag2	0.000243773033241816	0.000306432792326142	0.00042561817918045
rm_pagos_delta1	0.000242645555218313	0.000430296873992587	0.000367011612747024
matm_other_rank_delta2	0.000242262438650845	0.000524889476095982	0.00029255245047505
vmr_mpagado_lag1	0.000241363910554296	0.000254492803187358	0.000284385961709736
rf_011_018	0.000241285840152713	0.000860937802054236	0.000380462300125188
Visa_msaldodolares_rank_delta1	0.000240347882897051	0.000464181358279008	0.000305522756161135
rm_ganchos_liviano_lag1	0.000236564961892073	0.000380216353894429	0.000194074203599212
cliente_edad_tend6	0.000236251277606235	0.0019638509431694	0.00053418444158991
contactos	0.000235037168528312	0.000451538219017035	0.000107605499025306
matm_rank_delta1	0.00023259414888302	0.00033600383303803	0.000311287336466063
vm_cconsumos	0.000232261904964408	0.000377961923366377	0.000193113440215057
mtarjeta_master_consumo_rank_lag1	0.000228118775565748	0.000125901971811405	0.000158045576693418
ctarjeta_debito_lag1	0.000221356840385841	0.00207796739820591	0.000395354132579582
cajas_visitas_delta2	0.000217469539952072	0.00165572717473469	0.000165251302074576
vm_mpagospesos_rank_lag1	0.00021714866168054	0.00014459908990454	0.0002661314574108
Master_mconsumosdolares_rank_delta2	0.000214883981854977	0.000108368451852323	0.000187829241602207
vm_mpagado_rank_delta2	0.000211755065681072	0.000348746131452789	0.000254602296800946
ccaja_ahorro_delta1	0.000209516969730889	0.00378497121308695	0.000161888630230036
ctarjeta_debito_delta1	0.000203504312478592	0.00336503146561769	0.000173898172531967
cseguro_vida_lag2	0.000200591052131505	0.00114554459032158	0.000183986188065589
m_ganchos_liviano_rank_lag1	0.00020020481842412	0.000353751523692994	0.000154682904848877
cliente_edad_delta2	0.0001964671038871	0.0015126962457705	0.000426578942564604
mtarjeta_master_consumo_rank_lag2	0.000193350142779283	0.000153422129955347	0.000181584279605203
vm_mconsumosdolares_rank_delta1	0.000191910026649969	0.000276615304144289	0.000192152676830903
rf_014_020	0.000189462571682267	0.000298184033713968	0.000328581077380844
ctarjeta_debito_transacciones_delta1	0.000189279531755898	0.00059137987584835	0.000206083745901143
mtarjeta_visa_descuentos_rank_lag2	0.000188266425409682	0.00052108445299828	0.000250278861572251
matm_other_rank_delta1	0.000183921500458183	0.000481520523030095	0.000229622448812929
vmr_mpagado	0.000181571323486457	0.000247335285535943	0.000242112372806937
vmr_mconsumosdolares_delta1	0.000180110955198498	0.000820056693706706	0.000205122982516989
ctarjeta_master_debitos_automaticos_tend6	0.000177568162953255	0.00081978332168722	0.000207044509285298
ctarjeta_visa_transacciones_delta1	0.000176727678730074	0.000359950952290913	0.000129703056860859
ccaja_ahorro_lag1	0.000175839024374029	0.000597802463610883	0.000156124049925109
mtarjeta_master_consumo_rank_delta1	0.000175568491957344	0.00028817447493384	0.000216652143126843
ctarjeta_visa_delta2	0.000175405903786162	0.000386056856593203	5.14008410522665e-05
visitas_delta2	0.000175253887744851	0.000381281936862626	0.000170535500687426
vmr_msaldodolares2_lag1	0.000173602803799579	0.000267982451920519	0.000221936341739693
vmr_mconsumosdolares_delta2	0.000172982564073551	0.000324913696889593	0.000214250234666457
rm_p_sp_lag2	0.000172201417202016	0.000515979493038529	0.000180143134528971
mtarjeta_visa_descuentos_rank_delta1	0.000171305393202058	0.00131796405322572	0.000331463367533307
estado_delta2	0.000171287701859852	0.00107414832519188	0.000193593821907135
vm_status04_delta1	0.000168513659597546	0.00202594267232099	0.000172937409147812
vm_mpagado_rank_delta1	0.000167747307298452	0.000308175247846547	0.000166212065458731
vmr_mpagado_delta1	0.000166208412611742	0.000225163511427689	0.00018206466129728
Master_msaldodolares_rank_lag2	0.000162945051359689	0.000121210767410065	0.000196476112059598
cajas_visitas_delta1	0.000159393005052701	0.00308540498359145	0.000198397638827907
ccaja_ahorro_lag2	0.000157197909691971	0.000451700542591003	0.000184466569757667
cajas_ratio_03_delta1	0.000157187864627475	0.000457656097689548	0.000150359469620181
ctarjeta_visa_debitos_automaticos_lag2	0.000155737687221632	0.00039147486040489	9.46351933392196e-05
ctransferencias_recibidas_delta2	0.000151873292245635	0.00134873934446433	0.000172937409147812
c_deb_aut_lag2	0.000147505787374376	0.000568697148149349	0.000136908782242018
vm_status05_delta1	0.000147283407404986	0.0013140568475812	0.0001436341259311
ctarjeta_master_tend6	0.000144104265609078	0.00235199704674937	0.000307444282929444
mttarjeta_master_debitos_automaticos_rank	0.000143785483979599	0.000464035459088815	0.000160927866845881
vmr_msaldodolares2_delta2	0.000142051601950655	0.000462519962403898	0.000196956493751675
c_y_sp_lag2	0.000130830369521037	0.000284172522657553	0.000123458094863855
ccomisiones_mantenimiento_delta1	0.000128509615751751	0.00601727691135207	0.000254121915108869
ccomisiones_otras_delta2	0.00012774381494067	0.000819141218166336	0.000183025424681435
ccallcenter_transacciones	0.000127327850668137	0.00234134971525602	9.65567201075286e-05
vm_msaldodolares_rank_delta2	0.000126699874034277	0.00032367479990157	0.000135948018857864
contactos_lag2	0.000124966589361663	0.000357764425558464	0.000144114507623177
p_y_ratio_delta2	0.000119933946484392	0.000537709729048654	0.000144114507623177
vm_status03_delta2	0.000119890372827533	0.00083009901954103	0.000103762445488687
ccajas_consultas_delta2	0.000119368394769506	0.00238371334895089	0.000155163286540954
visitas_lag2	0.000119176652858272	0.000427553348195477	0.000121056186403469
ccajeros_propios_descuentos_tend6	0.000118731817292626	0.000780182457283881	8.74294679580608e-05
ctransferencias_recibidas_lag2	0.000115791621635555	0.000327656242126478	0.000122977713171778
cprestamos_personales_delta1	0.000115540678601208	0.00293666126989784	0.000129703056860859
Master_msaldodolares_rank_delta1	0.000115392647487976	0.000109886890217916	9.22332848788333e-05
ctarjeta_debito_delta2	0.000114743515891125	0.00103345699610462	0.000134506873781632
cpagomiscuentas_delta2	0.000110892477662645	0.00160373815758463	0.000111928934254001
visitas_delta1	0.000106460145965866	0.000373481988836919	0.000122016949787623
c_ganchos_liviano_lag2	0.000104306520996039	0.00122713410584695	6.53319101225069e-05
visitas_lag1	0.000104289629048872	0.000950410490654443	0.000117213132866851
p_e_ratio_delta1	0.000104272849008822	0.000380253574326316	0.0001436341259311
vm_cconsumos_delta1	0.000102884418462353	0.000213997627001846	0.000110968170869846
vmr_mpagosdolares_lag2	0.000100524051500282	0.000244576193345256	0.000155163286540954
vmr_msaldodolares2_delta1	9.97584064423e-05	0.000303311791698958	0.000153241759772645
vm_mpagado_rank	9.86759933955471e-05	0.000129235713150809	0.000110007407485692
vmr_msaldodolares_delta1	9.83462495517431e-05	0.000272844559797798	0.000108085880717383
c_y_sp_lag1	9.62429678711562e-05	0.000197699898923407	9.55959567233741e-05
mcheques_emitidos_rank_delta2	9.58243989871977e-05	0.00120320255298765	9.36744299550651e-05
vmr_mpagosdolares_lag1	9.5526480410269e-05	0.00018909487009603	0.000111928934254001
c_deb_aut	9.35803015787984e-05	0.000112127960612899	1.58525958385495e-05
c_ganchos_liviano_delta2	9.18480555873129e-05	0.00202203599781326	9.03117581105243e-05
vmr_mpagosdolares	9.16244597046074e-05	0.000342559490994475	0.000102801682104533
ctarjeta_visa_debitos_automaticos_lag1	8.99567399929899e-05	0.000282037802190342	6.7253436890816e-05
p_e_ratio_lag1	8.74300747887478e-05	0.000295216204765315	0.000135948018857864
vmr_msaldodolares_lag1	8.59919875228279e-05	0.000244635353812184	0.000120575804711392
contactos_lag1	8.47861408685892e-05	0.000233562132327634	0.000109527025793615
ctarjeta_master_transacciones_delta2	8.46491467218463e-05	0.000550186867635814	6.19692382779661e-05
c_deb_aut_delta2	8.23326096438866e-05	0.000142049510748665	5.66850396651163e-05
cseguro_accidentes_personales_tend6	8.21589777175876e-05	0.00121954367085606	0.000170055118995349
ctransferencias_recibidas_lag1	8.20513750202253e-05	0.000193332565393157	7.97433608848246e-05
cextraccion_autoservicio_delta2	8.03958480982589e-05	0.00020303435083256	7.97433608848246e-05
cforex_tend6	7.92742751583386e-05	0.00086193899490097	0.000155643668233031
mcheques_emitidos_rank	7.68597795742375e-05	0.00171639202533172	7.63806890402839e-05
cextraccion_autoservicio_lag2	7.66056771215176e-05	0.000359836267601226	8.83902313422153e-05
ccomisiones_mantenimiento_lag1	7.48633491804906e-05	0.000599295407410618	8.406679611352e-05
ccaja_seguridad	7.36529391241648e-05	0.00185792498512501	5.90869481255026e-05
c_deb_aut_lag1	7.01204426950086e-05	0.000295522384695673	7.63806890402839e-05
visitas	6.97267287309026e-05	0.00112884736566467	9.17529031867561e-05
c_y_sp_delta1	6.81735749543674e-05	0.00068132948442815	8.69490862659835e-05
vm_mpagosdolares_rank	6.77565861405339e-05	0.000132461756292131	7.83022158085929e-05
c_ganchos_liviano	6.73086566588351e-05	0.000823687095370947	2.49798479880174e-05
hb_cajas_lag1	6.6211049414658e-05	0.0004918176310963	0.000106164353949074
vm_mpagosdolares_rank_delta1	6.58599197111082e-05	0.000542568976958609	0.000102801682104533
catm_trx_lag2	6.3789250253391e-05	0.00025386295666929	6.86945819670477e-05
c_y_sp	6.33260406463352e-05	0.000170418874904415	5.66850396651163e-05
vmr_mpagosdolares_delta1	6.28916739035807e-05	0.000194610031083376	6.34103833541979e-05
c_seguros_lag2	5.89802708650489e-05	0.000347571624586229	6.48515284304297e-05
cinversion2_lag1	5.82037778600604e-05	0.00111033871941818	5.66850396651163e-05
c_seguros_delta2	5.80575871885544e-05	0.000663759969737463	8.16648876531337e-05
ctransferencias_emitidas_delta1	5.75762583436354e-05	0.000658554870064701	7.92629791927474e-05
vmr_mpagosdolares_delta2	5.70927316445016e-05	0.000204780606023838	8.74294679580608e-05
ctarjeta_visa_tend6	5.57858562640153e-05	0.000816273692357398	0.000180623516221049
ctransferencias_recibidas_delta1	5.46634287946596e-05	0.00018555954191697	6.38907650462752e-05
cpagomiscuentas_lag2	5.44296375928883e-05	0.000195469655547579	7.73414524244384e-05
ctransferencias_emitidas_lag1	5.41003611093573e-05	0.000593337400911509	7.25376355036658e-05
cpagomiscuentas_lag1	5.30876679801565e-05	0.00015690005450455	4.27539705948759e-05
c_p_sp_lag2	5.22089681437238e-05	0.00100405857484907	5.95673298175799e-05
cseguro_vida_tend6	5.21123667167214e-05	0.00187148719531485	0.000169094355611194
ccaja_seguridad_tend6	4.57797543138754e-05	0.00204127863424509	0.000126340385016319
cseguro_vivienda_lag2	4.51019413831598e-05	0.000170511537845709	7.39787805798976e-05
ccomisiones_otras_delta1	4.37016980682821e-05	0.000393553321229172	8.74294679580608e-05
vm_status03_delta1	4.32105427496033e-05	0.00044488944869586	6.19692382779661e-05
catm_trx_delta1	4.24624121018087e-05	0.000176964441261875	4.89989325918802e-05
cajas_ratio_02	4.14240325274614e-05	0.000326162481193222	0.000111928934254001
ganchos_anclaje_ratio_delta2	4.10394229645779e-05	9.77590762110282e-05	1.92152676830903e-05
ctarjeta_master_transacciones_delta1	4.07248631536584e-05	0.000281628826863029	2.97836649087899e-05
ccuenta_debitos_automaticos_lag2	4.05184613073128e-05	0.000395111921707328	5.14008410522665e-05
cpayroll_trx_lag2	4.0188611734765e-05	0.000321312303465351	4.37147339790304e-05
ctarjeta_visa_debitos_automaticos_delta1	3.80033015088774e-05	0.000231465571995859	2.97836649087899e-05
c_pagos_delta1	3.71228719817636e-05	0.000120036342256857	3.02640466008672e-05
ccuenta_debitos_automaticos_lag1	3.59666451727058e-05	8.59516602577654e-05	3.12248099850217e-05
ccaja_ahorro	3.51158598861056e-05	0.00364992167664683	0.000117693514558928
cinversion2_lag2	3.4184819606333e-05	0.000853427813858493	4.65970241314939e-05
ctarjeta_visa_debitos_automaticos_delta2	3.16703964473917e-05	0.000136516944817319	4.03520621344896e-05
c_pagos_lag1	3.0580232483942e-05	0.000241110484942193	4.99596959760347e-05
c_deb_aut_delta1	2.74183194056261e-05	4.76529389769834e-05	2.25779395276311e-05
ctarjeta_debito	2.66503845022897e-05	0.000899042208983699	6.10084748938116e-05
cpayroll_trx_lag1	2.53618608746554e-05	7.30327384324196e-05	1.63329775306267e-05
ctransferencias_recibidas	2.51194688673358e-05	0.000146111277198697	3.3626718445408e-05
cextraccion_autoservicio_lag1	2.49459993562622e-05	0.000140934736342497	5.28419861284983e-05
ctarjeta_visa_delta1	1.48910469855864e-05	0.000207236500821519	2.25779395276311e-05
ctarjeta_visa_debitos_automaticos	1.0750673557392e-05	2.84043783271302e-05	5.28419861284983e-06
mprestamos_hipotecarios_rank_lag1	8.45611069043706e-06	6.18875274846603e-05	8.16648876531337e-06
ccheques_emitidos	6.60331517224469e-06	7.98354975656467e-05	2.88229015246354e-06
ccomisiones_mantenimiento	6.06182723846028e-06	0.000666221216759708	2.73817564484036e-05
ccuenta_debitos_automaticos	1.78096448541337e-07	3.44501449664057e-05	1.44114507623177e-06
