Feature	Gain	Cover	Frequency
rf_020_015	0.0487018283151152	0.00198221629852792	0.00520852158501581
rf_001_023	0.0429666077255949	0.00103786836991406	0.00153021353816778
rf_002_016	0.0289214289396621	0.00311254963860434	0.00810349490676634
rf_013_015	0.0263234440734824	0.00273008692665459	0.00591614018513372
rf_005_023	0.0174193183979689	0.00155715291458195	0.000290712529242627
m_y_sp_rank	0.016992872692916	0.00070535760165317	0.000473926856353736
rf_019_021	0.015101484115152	0.000660832175047368	0.0019785900972033
ctrx_quarter_normalizado	0.0150489932997368	0.00163415758146389	0.000601989931936501
c_e_sp	0.0127960721858459	0.000725361406579089	0.000436847766343154
rf_016_029	0.0126599716402301	0.000817582147891912	0.000229952675863943
mpasivos_margen_rank	0.00861183915215559	0.00243487089886902	0.00117562526562962
ctrx_quarter_lag1	0.00834354465257293	0.00100571071893457	0.000587345249327279
mcuentas_saldo_rank	0.00660586101640364	0.00430796621442047	0.00144514974343762
cdescubierto_preacordado	0.00570618763714827	0.00997196569337431	0.00558710220991376
vm_status01	0.00562346294663046	0.00459414677548311	0.00119120471521389
rf_015_029	0.00521876633712189	0.000915678196952019	0.00101453375692818
ctrx_quarter	0.00517429427081364	0.00164555872676765	0.000608221711770212
thomebanking	0.00449126500666414	0.00241916817357667	0.00813870446282681
ctrx_quarter_normalizado_lag1	0.00439658029388358	0.000899648545242701	0.000552135693266811
rf_008_023	0.00439382261082322	0.000592819277215748	0.00224593345206951
rf_017_015	0.00428677346522729	0.0019227748993191	0.00452302580330758
rf_012_023	0.00420609235248999	0.000441350607305624	0.000513810247289487
rf_018_022	0.00402674928027687	0.000590139542461211	0.00102543937163718
mcaja_ahorro_rank	0.00391301116677391	0.00158200043417124	0.000570831032767945
mrentabilidad_annual_rank_delta2	0.00384479327807666	0.00746050378224548	0.00557432706125466
m_anclaje_pesado_rank	0.00347925345921454	0.00212853111704871	0.000874941888653051
mcuentas_saldo_rank_delta2	0.00346633758808962	0.00286240845504479	0.00389735510800298
rf_015_015	0.0034024153464681	0.00240161441264911	0.00586503959049728
ccomisiones_mantenimiento_tend6	0.00338074426173614	0.00782944729045537	0.000847522057384721
mrentabilidad_annual_rank_delta1	0.00335184252408581	0.00448077060654831	0.00480501384078301
rf_013_023	0.00331291489362648	0.000601920790802603	0.00160717601911412
r_time_alta_master	0.00330892316637428	0.00241005998858942	0.00568868022120326
Master_mlimitecompra_rank_delta1	0.00329196091529552	0.002351960791748	0.00679980656555396
mrentabilidad_annual_rank_lag2	0.00326749864291099	0.00547983313599958	0.00331624163850941
Master_mlimitecompra_rank_delta2	0.00325660609028004	0.00242021310946138	0.00676179270856832
Visa_mlimitecompra_rank_delta2	0.00321503020657484	0.0026463778359435	0.00664058459080264
Visa_mfinanciacion_limite_rank_delta2	0.00321256276896436	0.00287840705694476	0.00669355471938919
r_time_alta_master_delta1	0.00319596755286929	0.00196027842682936	0.00532162838899767
Master_mfinanciacion_limite_rank_delta1	0.00315313725167261	0.00273534818759031	0.00683906677850634
r_time_alta_visa_delta2	0.00315271133550203	0.00201745808231602	0.00542819182415413
Master_mfinanciacion_limite_rank_delta2	0.00314995141453471	0.00242207406880467	0.00648759439588503
thomebanking_lag2	0.00310820787656895	0.00161158128454482	0.00711513462513975
thomebanking_lag1	0.00309263108722981	0.00146301748135513	0.00680354563345419
r_time_alta_master_lag2	0.00306771782502125	0.00180591478610938	0.00485954191432798
r_time_alta_master_lag1	0.00305394602352198	0.0015796751175628	0.00465295841284046
Visa_mfinanciacion_limite_rank_delta1	0.00304391058469807	0.00246796374119669	0.00681133535824633
mcomisiones_mantenimiento_rank	0.00303330824413524	0.00316484385537766	0.00340940674702339
rf_007_015	0.00300560503859275	0.00496832677705476	0.00859985617052144
Visa_mlimitecompra_rank_delta1	0.00298860622993642	0.00225575753017058	0.00669635902031436
mcomisiones_rank_delta2	0.00291841837858677	0.00228077603219255	0.00349727484267872
rf_010_024	0.00288056669701873	0.000352670906336115	0.000296321131092967
cliente_edad_lag2	0.00287875134153919	0.00501939907125033	0.00483025254910954
r_time_alta_master_delta2	0.00286726842760041	0.00194115858245607	0.00534842504228263
r_time_alta_visa	0.00281493396420147	0.00221372687374331	0.00492466401359027
r_time_alta_visa_lag2	0.00280702516674261	0.00181534786829598	0.00425630562642474
rf_018_012	0.00278759194734953	0.001173754788904	0.00095283913657444
rf_019_015	0.00267675719938146	0.00266503215555658	0.00580365655913523
mprestamos_personales_rank	0.00265781314514122	0.00219776927315828	0.000950346424640956
cliente_edad_lag1	0.00260501837582779	0.00572483520084567	0.00429494266139375
rf_008_025	0.00259798608094704	0.00043758532451646	0.000291958885209369
Master_Fvencimiento_lag2	0.00259470866875563	0.00187855160375879	0.00413603227563412
r_time_alta_visa_lag1	0.00259299415073975	0.00178529557229433	0.00430834098803623
rf_011_025	0.0025870526617029	0.000585168320657752	0.00177262977369915
mcuentas_saldo_rank_delta1	0.00252352376962288	0.00354349452914047	0.00341968918374901
Master_fechaalta_lag1	0.00251474590328156	0.00145833699362148	0.00339507365340586
rf_016_015	0.00251107090019213	0.00300176931156408	0.00680666152337104
rm_e_sp_delta2	0.00247675777177447	0.0027737189415572	0.00485736079138619
tcallcenter_delta2	0.0024742471426248	0.00233589019431875	0.0010918078268662
mcomisiones_otras_rank_lag2	0.002443739484703	0.0014910458968563	0.00281302541693723
mcuenta_corriente_rank_lag2	0.00241681279588854	0.00450275640113972	0.00329287246413299
mactivos_margen_rank_delta2	0.00240140880992881	0.0037419915127054	0.0041880676372456
rf_003_017	0.00239848348160409	0.000967339603600159	0.0019268663245835
active_quarter_lag2	0.00237536353722246	0.00519638009359682	0.00963557797888424
rf_012_015	0.00237091133073178	0.00182208103474183	0.00492030176770667
Master_fechaalta_lag2	0.00236581107386892	0.00162943481373022	0.003562396941941
rf_011_016	0.00236458899474738	0.00390906380981448	0.00670632986804829
rm_anclaje_pesado	0.00236428688173488	0.00302423817113926	0.000550889337300069
mpasivos_margen_rank_lag1	0.00235118977551583	0.00104601295450644	0.000964679518258492
Master_Fvencimiento	0.00234215609540465	0.00189644051916379	0.0038406459115162
r_time_alta_visa_delta1	0.00233722414606353	0.00157886498717457	0.00487574454189563
Visa_Fvencimiento_lag1	0.00233428542114212	0.00162656961404464	0.00347297090132724
mcomisiones_otras_rank_delta2	0.00232942287193308	0.00197807269174123	0.00341813123879059
vm_status06	0.00232287670326723	0.000927593929606417	0.000665554086240355
rm_e_sp_delta1	0.00231224768574866	0.00185457281169122	0.00412076441504152
rf_011_021	0.00225697668667225	0.00133386314470849	0.0027360629359909
rf_010_015	0.00224930619999763	0.00287542260597708	0.00688798625020098
Master_fechaalta	0.00224414929289254	0.00135613811670962	0.00334895848263639
mcuenta_corriente_rank_delta2	0.00223414823169753	0.0047688988551594	0.00268184645143761
Master_mfinanciacion_limite_rank	0.00223037556430724	0.00505536523013406	0.00399363610643381
vm_mlimitecompra_rank_delta2	0.00222988928766975	0.00228086815311303	0.00471839210109443
mrentabilidad_rank_delta1	0.00222851838287457	0.0038297354941742	0.00317509182527585
mrentabilidad_annual_rank_lag1	0.00222345380855668	0.00441663785078269	0.00282860486652151
Visa_Fvencimiento_lag2	0.00221897722956576	0.00173531013261596	0.00368048916978983
mrentabilidad_rank_delta2	0.0021811415310592	0.0023212542815449	0.00340317496718968
vm_fechaalta_lag2	0.00217882408455966	0.00133629681597837	0.00302739864321689
ctarjeta_visa_transacciones_tend6	0.00217766156457878	0.00351436952999652	0.00122111725841571
Master_Fvencimiento_lag1	0.00217508786660901	0.0017319647866843	0.00384158067849126
mpayroll_rank	0.00216619882760243	0.0022055786476782	0.000226213607963716
numero_de_cliente	0.00216380770034912	0.00680764712738543	0.00418370539136201
Visa_Fvencimiento	0.00213858857005728	0.00208002542177594	0.00351098475831288
Visa_mfinanciacion_limite_rank	0.00212692178080672	0.00456488776458369	0.00397525235592437
mactivos_margen_rank	0.00210755106797245	0.00290709052057242	0.00211506607556158
mcomisiones_mantenimiento_rank_delta2	0.00210173310535085	0.00427344341301267	0.00356551283185786
Master_mlimitecompra_rank	0.00209403375676868	0.00183591371090786	0.00399114339450033
mcomisiones_rank_lag2	0.00208814240260544	0.0014615942492704	0.00279183736550261
ccomisiones_otras_tend6	0.00208206560346864	0.00456997328971395	0.00303300724506723
Visa_mpagospesos_rank_delta2	0.00207687314253615	0.00141463270521457	0.00323304737772936
rm_e_sp	0.00206765859976499	0.00260579087056217	0.00401388939089338
Visa_fechaalta	0.00205795631872185	0.00129450229932765	0.00291865408511863
mactivos_margen_rank_delta1	0.00204602245594442	0.00420637946629255	0.00354931020429021
mcomisiones_otras_rank	0.00201283626410523	0.00174743434653277	0.00271705600749808
vm_mfinanciacion_limite_rank_delta2	0.00201162335354451	0.001992715804068	0.00435009391292209
Visa_mlimitecompra_rank_lag1	0.00200389162277724	0.00146775512075219	0.00301680461749959
mcuenta_corriente_rank_lag1	0.00199820790641783	0.00345923007214382	0.00273637452498258
rf_010_019	0.00199654489869465	0.00111903782527895	0.00252480559962809
vm_Fvencimiento	0.00199198516880839	0.00206244530881682	0.00327386553564017
rf_005_022	0.00199051916568836	0.000250474948161921	0.000444949080126979
rf_001_015	0.00198716826780133	0.00284403647465602	0.00652841255379584
rf_004_016	0.00197189849627357	0.00589725701595823	0.00563446373664997
Master_mfinanciacion_limite_rank_lag2	0.00196930272857285	0.00129047249551274	0.00324239504747993
mprestamos_personales_rank_delta2	0.00196596220019382	0.00427221415189449	0.000833500552758871
cliente_edad	0.00196354648791494	0.00435329145854139	0.00353996253453964
Master_mlimitecompra_rank_lag2	0.0019479501058489	0.00116557665272712	0.003281966849424
rf_006_017	0.00194580721130275	0.00144072958351573	0.00470655171941037
vm_Fvencimiento_lag2	0.00193988735636857	0.00185509924077756	0.00341221104794856
vm_Fvencimiento_lag1	0.00193939294683849	0.00185905296283044	0.0031071654250884
rf_002_019	0.00193649591398392	0.00118651342520108	0.0028373293582887
Master_mfinanciacion_limite_rank_lag1	0.0019302677814333	0.00133563345639888	0.00317166434636731
Visa_mfinanciacion_limite_rank_lag1	0.0019202636682692	0.00218229368125194	0.00303518836800903
cproductos_tend6	0.0019110754669016	0.00630366591350612	0.000722574871718812
Visa_fechaalta_lag1	0.00190486123599754	0.00120245962881043	0.00272359937632347
vm_mlimitecompra_rank_delta1	0.00190385833287923	0.00175681742101389	0.00432236249266208
mcomisiones_rank	0.00189313623839583	0.00209829188284843	0.00266751335782007
mcomisiones_mantenimiento_rank_lag2	0.0018918718493539	0.00207772381643642	0.00297006626874675
vmr_Master_mlimitecompra	0.00188706637797405	0.00164222755756183	0.00308628896264547
vm_mfinanciacion_limite_rank_delta1	0.00188229871681108	0.00176685048447621	0.00415566238211031
Visa_mfinanciacion_limite_rank_lag2	0.00188182484404414	0.00180013474040027	0.00307787605986996
mcuenta_corriente_rank	0.0018749779414301	0.0042737394842028	0.00291990044108538
Master_mlimitecompra_rank_lag1	0.00187088326695416	0.00120465037771336	0.00319472193175204
vm_fechaalta	0.00186380406896679	0.00117537329843786	0.00273325863506573
vm_fechaalta_lag1	0.00186379067263393	0.00119524359196333	0.00266533223487828
rm_e_sp_lag2	0.00186117391286984	0.00208732343345543	0.0033271472532184
Visa_fechaalta_lag2	0.00184731225417173	0.00133820864474969	0.00283795253627207
mrentabilidad_annual_rank	0.00184132694123283	0.0027783481706978	0.00263074585680118
cliente_antiguedad_lag2	0.00184049098915287	0.00352139256878964	0.00344960172695083
rf_014_015	0.00183584961047823	0.0016833225222859	0.00519387690240659
rf_008_015	0.00180859270792982	0.0044911510275913	0.00663653393391073
thomebanking_delta2	0.00180759740781006	0.00437102306788453	0.00230326582653965
vmr_Master_mlimitecompra_lag2	0.00177639584550998	0.00142554033367395	0.00282174990870443
Visa_mlimitecompra_rank_lag2	0.00175793121780517	0.00148503571563098	0.00310591906912166
rf_005_018	0.0017355364643374	0.00104891281767659	0.00332590089725166
Visa_mpagospesos_rank_delta1	0.00172404158942651	0.000871224599090493	0.0027921489544943
Visa_mconsumototal_rank_delta2	0.00172320465615336	0.000817599688115456	0.00258244956308992
mcomisiones_rank_delta1	0.00171484036753967	0.00246176556546769	0.00298564571833103
rf_008_019	0.00170943164178955	0.00192543951223274	0.00437844851116548
e_y_ratio_delta2	0.00170784884153301	0.0019905019832387	0.00233847538260012
m_anclaje_pesado_rank_lag1	0.00170420309040938	0.00146326932672013	0.000818544281157964
mpasivos_margen_rank_delta2	0.00170325976723023	0.00298712330829714	0.0023930034561451
mcomisiones_rank_lag1	0.00169845905043568	0.0014143224295011	0.00247744407289188
Visa_mconsumospesos_rank_lag2	0.00169577431567912	0.00100368875646169	0.00272920797817381
cproductos_delta2	0.00168029004928357	0.00368974318960732	0.00019785900972033
vmr_Master_mlimitecompra_lag1	0.00167262354895361	0.00137964804831677	0.00272048348640662
rf_005_019	0.00167056467274512	0.000623159527537042	0.000778972479213898
mcomisiones_otras_rank_lag1	0.00166857711040374	0.00145434377131875	0.00251358839592741
cliente_antiguedad_lag1	0.00166605343958915	0.00292567067645108	0.00310311476819649
rm_e_sp_lag1	0.0016595013895432	0.00218663362179282	0.00304328968179286
mcomisiones_mantenimiento_rank_lag1	0.00163952834185394	0.00244259262786623	0.00303986220288432
rf_017_021	0.00162417844526678	0.000434235614377036	0.00114322001049432
Visa_mconsumospesos_rank_lag1	0.00161170517797297	0.0010970161719104	0.00242073487640511
Visa_mconsumototal_rank_delta1	0.00160085242410463	0.00075596078521081	0.00248118314079211
ctrx_quarter_delta2	0.00158889141119585	0.00143148135471514	0.00145325105722145
mcaja_ahorro_rank_delta2	0.00158403457440015	0.00186480501645539	0.00192624314660013
Visa_mpagospesos_rank_lag2	0.00158313727109275	0.00103438092315394	0.00278280128474373
Visa_mconsumospesos_rank_delta2	0.00158178569117904	0.00084846970322329	0.00254786318501282
mcomisiones_mantenimiento_rank_delta1	0.00157620686928981	0.0049625896506882	0.0036789312248314
Visa_mconsumospesos_rank	0.00156758424774105	0.00139069043906417	0.00253353009139528
e_y_ratio	0.00156185596866118	0.00130707535950369	0.0020368572386485
rf_009_023	0.00156015163598479	0.000947178020054848	0.00242883619018894
Visa_mconsumospesos_rank_delta1	0.00155341051090286	0.000754017434072613	0.00248398744171728
vmr_pagominimo_saldo_lag2	0.00153826670049529	0.00277059869979394	0.00177854996454117
rf_019_023	0.00153453592391726	0.000775867632450956	0.000837862798642469
rf_003_013	0.00152682662079104	0.00230905607067869	0.00539017796716849
seguros_ratio_01	0.00152323440772427	0.00152019986099696	0.00242665506724714
Visa_mpagominimo_rank	0.00152221691708184	0.000947868259818441	0.0015838068447377
mtarjeta_visa_consumo_rank	0.00152023437365249	0.000379559624269424	0.000396341197424032
rf_017_016	0.00151936822955883	0.0012720992364389	0.00224437550711108
Visa_mpagospesos_rank	0.00150370398088725	0.00077055853201488	0.00233816379360844
e_y_ratio_delta1	0.00149787341616937	0.00123848980534047	0.0021533915215389
mpasivos_margen_rank_delta1	0.00148531629082812	0.00220015446558528	0.00195584410081026
m_anclaje_pesado_rank_delta2	0.00144655374248607	0.00571333390114345	0.000881485257478447
vm_msaldopesos_rank	0.00144148054062574	0.000409691059758286	0.000458658995761143
tcallcenter_delta1	0.00143924658436502	0.00164239653857439	0.00098306326876794
mrentabilidad_rank	0.00143752437811544	0.00321481656380026	0.00237586606160239
Visa_mpagominimo_rank_lag2	0.0014320281354866	0.000864420354432905	0.00165266801190021
m_anclaje_pesado_rank_delta1	0.00142795067281242	0.00523254214147471	0.000899245830004524
m_e_sp_rank_delta2	0.00142254444709124	0.00149296314614044	0.00198700299997881
mcaja_ahorro_dolares_rank_delta2	0.00142092783435061	0.00491873139191962	0.00155887972540285
m_deb_aut_rank_delta2	0.00141795050110377	0.00115008310363472	0.0013161519008798
e_y_ratio_lag2	0.0014111273104642	0.000807976915777568	0.00212721804623731
mcaja_ahorro_dolares_rank_delta1	0.00140520613155673	0.00342711244956671	0.00145605535814662
vmr_pagominimo_saldo	0.00139798556598964	0.00126434292734963	0.00144265703150414
Visa_mpagominimo_rank_delta2	0.00139198038949238	0.000711208753371516	0.0017910135242086
chomebanking_transacciones	0.00138826183477334	0.00183670093615472	0.00162493659164019
Visa_msaldototal_rank_delta2	0.00138727847448629	0.000738647389280064	0.0018037886728677
internet_tend6	0.00138697105310541	0.0118711885478713	0.00164113921920784
mcuenta_debitos_automaticos_rank	0.00138677232755604	0.00192967262697475	0.000491375839888127
vmr_Visa_mlimitecompra	0.00138089820492616	0.00124965786859286	0.00231074396234011
mcuenta_corriente_rank_delta1	0.00137678483094134	0.00272862505604255	0.0020758058626092
vm_mpagominimo_rank	0.00137105229711914	0.000601093564950855	0.000683314658766432
cdescubierto_preacordado_delta2	0.00136992962093048	0.00234274130556413	0.000324052551352982
seguros_ratio_01_lag2	0.00136861214424994	0.00147079185882048	0.0023540548321844
Master_fultimo_cierre	0.00135599147714927	0.00123329284002607	0.00266439746790322
mrentabilidad_rank_lag2	0.00134959731025597	0.00213611863970793	0.00229672245771426
ctrx_quarter_normalizado_delta2	0.00133826846840976	0.00162383242185419	0.00145138152327134
e_y_ratio_lag1	0.00133724027163467	0.0010012601443371	0.00205679893411638
vmr_Visa_mlimitecompra_lag1	0.00133291978126937	0.000994111988989042	0.00203623406066513
vmr_Visa_mlimitecompra_lag2	0.00133245711013027	0.00103766594850701	0.00217333321700678
chomebanking_transacciones_delta2	0.00131763614252004	0.00170074910964339	0.00139716503871805
Visa_cconsumos_lag1	0.00131727191722519	0.000803669943073655	0.00180129596093422
mcaja_ahorro_rank_delta1	0.00131686882414012	0.00173819070431996	0.00160499489617232
seguros_ratio_01_lag1	0.00131550384160185	0.00143310375589923	0.00202190096704759
Visa_mpagominimo_rank_lag1	0.00129978190831903	0.000826030586974886	0.00141492561124413
Visa_mpagospesos_rank_lag1	0.00129575244620375	0.000705524998208136	0.00224655663005288
cliente_antiguedad	0.00129262973248827	0.00222026351185246	0.0023496925863008
rf_008_021	0.00129120095734402	0.000756992656269742	0.00185800515742099
rf_013_022	0.00128960186639222	0.0011514400108805	0.00185675880145425
mv_status07_rank_delta2	0.00128750421267894	0.0115876713766322	0.00455605423642625
mv_status07_rank_lag2	0.00127664934911762	0.00996915831249218	0.00516645707113826
Visa_msaldopesos_rank_delta2	0.00127299562860748	0.000720813095965807	0.00178945557925017
Visa_cconsumos_lag2	0.00126825792172517	0.000654296454255766	0.00197796691921993
vmr_pagominimo_saldo_lag1	0.00126110099853118	0.000996484283375276	0.00148970696924866
ctransferencias_recibidas_tend6	0.00124662671410994	0.00227389609493795	0.00155950290338622
Visa_cconsumos	0.00124297748876655	0.000877479620710383	0.00194369213013452
rm_anclaje_pesado_lag1	0.00122373331564384	0.00185566183441355	0.00063221406413
rf_018_021	0.00121764299384368	0.000399294933126857	0.000878369367561592
rf_005_021	0.001217147984272	0.000423257408060953	0.00100207019726076
Visa_msaldopesos_rank_delta1	0.00120187282004427	0.000636528068817933	0.00155171317859409
ctrx_quarter_normalizado_delta1	0.00118998605710387	0.00101740548924831	0.000969664942125461
mv_status07_rank_delta1	0.00118293319646449	0.0154725866906315	0.00441334647823426
Visa_status	0.00118083348739172	0.0015845395135674	0.000706060655159477
rm_deb_aut	0.00117924423834904	0.000839762135829888	0.00122641427127436
mv_status07_rank_lag1	0.00116767198855313	0.00966665917248802	0.00476513044984726
mrentabilidad_rank_lag1	0.0011599302734927	0.00221251623695123	0.00213563094901282
Visa_msaldototal_rank_delta1	0.00115971745140779	0.000548285344574439	0.00157383599700376
rm_deb_aut_lag2	0.0011592038190237	0.000659697425434811	0.00130368834121238
rf_018_019	0.00115372363012237	0.000560939768037815	0.00172713778091306
vmr_mpagominimo	0.00114759641281725	0.000411330473013388	0.000893637228154184
rf_010_023	0.00114183914342503	0.000506944316365718	0.00166949381745123
mprestamos_personales_rank_delta1	0.00114045471700037	0.0045236329920226	0.000841601866542696
Master_fultimo_cierre_lag2	0.00113255434895352	0.00097079811316106	0.00186797600515493
chomebanking_transacciones_lag2	0.00113236850119497	0.0011064326033935	0.00131210124398789
Master_mpagospesos_rank_lag2	0.00113112645815229	0.000892972196890227	0.00110395979754194
Visa_mpagominimo_rank_delta1	0.00112950635143662	0.000707580873633032	0.00165547231282538
m_e_sp_rank_delta1	0.00112266041605124	0.0012886896749466	0.00162649453659862
rf_017_019	0.00111816441704872	0.000463761620279855	0.00122111725841571
mcuentas_saldo_rank_lag1	0.00111810488386966	0.00149685574148718	0.00118185704546333
ccaja_seguridad_lag2	0.00111171092035226	0.0032895098962171	0.000172931890385485
mactivos_margen_rank_lag1	0.00110759959907505	0.0026555708033108	0.00160873396407254
mpasivos_margen_rank_lag2	0.00110730031674825	0.00187734610950452	0.00126255859430989
mprestamos_personales_rank_lag2	0.00110419458062996	0.00196428426919784	0.00105909098273922
rf_010_021	0.00109559334362709	0.00068234677418823	0.0011824802234467
rf_015_017	0.0010909520266215	0.00112948621121349	0.00187483096297201
ctarjeta_master_delta2	0.00108775492068623	0.00383647686088305	0.000176359369294027
vm_fultimo_cierre	0.00107999133238709	0.00139550518873082	0.00211849355447012
vmr_pagominimo_saldo_delta2	0.0010772251418778	0.000870751958169854	0.00154516980976869
rf_007_025	0.00105553165936809	0.000410113998745966	0.00132238368071351
mcuentas_saldo_rank_lag2	0.00105310838272711	0.00165300342586337	0.00139809980569311
chomebanking_transacciones_lag1	0.00105130088450431	0.000908374514582198	0.0011457127224278
m_deb_aut_rank	0.00105110501024466	0.000467026047684201	0.000617569381520779
cajas_ratio_01	0.00104861667577387	0.004087884554213	0.000645300801780793
rf_020_019	0.00104662092139906	0.00100764372940215	0.00163428426139076
Visa_mconsumosdolares_rank_lag2	0.00104498320498363	0.000756304334533763	0.00189664219239
vm_fultimo_cierre_lag2	0.00103839148327938	0.00152931496756213	0.00195677886778531
rf_006_026	0.00102910251118361	0.000362029796990793	0.000730987774494322
Master_fultimo_cierre_lag1	0.00102615810013669	0.000750121697608182	0.00166419680459257
mactivos_margen_rank_lag2	0.0010201171334651	0.00306047315966149	0.00164082763021616
mtransferencias_recibidas_rank_delta2	0.00101856371571608	0.000828124211407029	0.00136164389366589
Visa_msaldopesos_rank	0.00101691581359363	0.000749105059580157	0.00127439897599394
m_deb_aut_rank_delta1	0.00101455079298788	0.000786242632981127	0.00119276266017232
m_y_sp_rank_delta2	0.00101013210860178	0.000801721032435127	0.00120242191891457
thomebanking_delta1	0.00100754605015075	0.00139553059564733	0.00192624314660013
ctrx_quarter_delta1	0.0010050087601075	0.000994354466595978	0.000945049411782301
rf_014_021	0.000999912938434919	0.00120502389274309	0.00128904365860316
ccaja_seguridad_lag1	0.00098922044349155	0.0013719706007397	8.75565066636422e-05
rf_007_026	0.000987902421062863	0.000384002637946437	0.000717901036843529
rf_007_023	0.000987236256791392	0.000596108444396567	0.00153426419505969
rm_deb_aut_lag1	0.000976979484132851	0.00071494312533884	0.00113667664166892
vmr_pagominimo_saldo_delta1	0.000975371349680729	0.000796993566923679	0.00127159467506877
Visa_msaldototal_rank	0.000971205661190617	0.000792649679137568	0.00128125393381102
vm_mpagospesos_rank_delta2	0.000969038316064775	0.000576151394868433	0.00110333661955857
chomebanking_transacciones_delta1	0.000967604509063029	0.00267160762677554	0.00120086397395615
vmr_msaldopesos2_lag2	0.000964296505432958	0.000522633810047286	0.00137628857627512
c_e_y_ratio_delta2	0.000962654932853856	0.000896500922940308	0.00113574187469386
Visa_msaldopesos_rank_lag2	0.000962196194141742	0.000641974294329672	0.00125819634842629
Visa_fultimo_cierre	0.000961071525462401	0.00120182743023029	0.00179412941412545
rf_004_021	0.000954758063593441	0.00120569161653035	0.00188635975566438
vm_mfinanciacion_limite_rank	0.00094431328462568	0.00110615568468202	0.00179412941412545
Visa_fultimo_cierre_lag2	0.000942526768760862	0.00106945645008464	0.00158193731078758
ccajas_transacciones_delta2	0.000940496845637889	0.000658338349983899	0.000636264721021912
ctarjeta_debito_transacciones_tend6	0.000939920979718688	0.0033519207357427	0.0010659459405563
cpayroll_trx	0.000936902841707244	0.001352818817037	3.86370349690094e-05
vmr_msaldopesos2_lag1	0.000935707084331222	0.000532909100939021	0.0012342039960665
rf_013_016	0.000930661014191589	0.00239627876559896	0.003111527670972
Master_mconsumospesos_rank	0.00092923883947952	0.000498499574350464	0.000882108435461819
ctarjeta_visa_debitos_automaticos_tend6	0.000928828439944012	0.00324452239174129	0.000682691480783061
mtransferencias_emitidas_rank	0.000927542517734155	0.000656974437767699	0.000797979407706717
vm_fultimo_cierre_lag1	0.000926147808994343	0.00143856624294944	0.00169753682670293
vmr_msaldopesos2_delta2	0.000925055950724527	0.000759983306080289	0.00138065082215871
rm_y_sp_delta2	0.000915621109538565	0.00107342665605601	0.000991787760535135
vm_mlimitecompra_rank_lag1	0.000914806735551738	0.000772517338563997	0.00133547041836431
vm_mfinanciacion_limite_rank_lag2	0.000914792443925729	0.000888781362148227	0.00144483815444594
vmr_mpagominimo_lag1	0.000911886126764138	0.000430180070075591	0.000864036273944056
cprestamos_personales_tend6	0.000911802243432948	0.00921997653180745	0.000941933521865446
rf_005_020	0.000909655069814827	0.000510303255275691	0.00110832204342553
vm_mlimitecompra_rank_lag2	0.000904394196269015	0.000866645739022892	0.00143985273057897
mtransferencias_emitidas_rank_lag2	0.000902077537257139	0.00162370352483901	0.000796109873756604
Master_mpagospesos_rank	0.000895499666324419	0.000679130047296724	0.000897687885046097
internet_lag1	0.000894202938730268	0.00543174684943178	0.000681445124816318
atm_ratio_c	0.000892714758131821	0.000471013349119083	0.00103759134231291
rf_007_021	0.000892221568492557	0.00151772541079215	0.00159845152734692
mcaja_ahorro_dolares_rank_lag2	0.000889082286660745	0.00171797889068916	0.00107529361030687
rf_015_025	0.000884611749522409	0.000878338118751493	0.00159128498053815
rf_015_021	0.000875167552010715	0.00051959748894152	0.00121831295749054
rf_020_028	0.000867263058443366	0.000210364320768952	0.000338697233962203
mcaja_ahorro_dolares_rank	0.000865929145884553	0.00235356073255076	0.000820725404099763
ccajas_transacciones_delta1	0.000865831176027429	0.00194902744362954	0.000688300082633401
ctransferencias_emitidas_tend6	0.000863590170055205	0.00153146841221783	0.000888028626303844
mcaja_ahorro_rank_lag2	0.000861734308517307	0.00107253816451061	0.000947853712707471
Visa_msaldototal_rank_lag2	0.000860670343317352	0.000664819254102237	0.00126473971725169
atm_ratio_c_lag2	0.00085761957211031	0.00045599866758769	0.00117126301974602
mcaja_ahorro_dolares_rank_lag1	0.000856562980069908	0.00187251810042958	0.000975585132967486
vm_mpagominimo_rank_delta2	0.00085072747856798	0.000520523117949127	0.000974961954984115
vm_mfinanciacion_limite_rank_lag1	0.000848228739463222	0.000758499114074428	0.00132830387155554
rm_deb_aut_delta2	0.000847470646520032	0.000813714570296657	0.000916694813538916
rf_009_020	0.000845291111536803	0.000500403258453799	0.00110707568745879
Master_mconsumospesos_rank_lag2	0.000840781647166506	0.000664813889184417	0.000988048692634909
cpagomiscuentas_tend6	0.000839139023509474	0.00257573799081299	0.000616323025554036
vmr_mpagominimo_lag2	0.000836339731547093	0.000783906920107071	0.00101764964684504
rf_020_017	0.000833787411160876	0.000748925765694483	0.00141367925527738
Master_mconsumospesos_rank_lag1	0.000822875924274706	0.000490465095662135	0.000862166739993943
vm_msaldopesos_rank_delta2	0.000819425100566703	0.00150697080757938	0.00106625752954798
m_y_sp_rank_delta1	0.000817112809237023	0.000605105633959711	0.000983374857759625
Master_mpagospesos_rank_lag1	0.000813698675394613	0.000619837781684284	0.00091357892362206
mtransferencias_emitidas_rank_delta2	0.000812541508293969	0.0010890376773904	0.000797044640731661
mttarjeta_visa_debitos_automaticos_rank_delta2	0.000811467842998483	0.000579961765205282	0.000875565066636422
c_e_sp_delta2	0.000810743915671468	0.00134054427423124	0.000793928750814805
Visa_msaldototal_rank_lag1	0.000808959346542462	0.000555193829863233	0.00109928596266665
vm_msaldototal_rank	0.000808795938689361	0.000339437933470796	0.000441833190210123
vmr_msaldopesos2	0.000807447462985526	0.000636304215537106	0.00116471965092062
Visa_cconsumos_delta2	0.000806264370696224	0.00052787116513159	0.00109679325073317
vmr_msaldopesos2_delta1	0.000805365562598051	0.00178102056671732	0.00114914020133634
atm_ratio_eme_lag1	0.00080009613215468	0.000492210778766063	0.00109959755165834
rf_011_024	0.000798578442561834	0.00055108491435861	0.00131241283297958
vm_mpagominimo_rank_lag2	0.000796113806677418	0.000486582535213488	0.000790189682914579
mtarjeta_visa_consumo_rank_delta2	0.000794474309013906	0.000509744942454952	0.000782088369130754
vm_mpagominimo_rank_lag1	0.000787107801774973	0.000524820695097481	0.000636576310013598
mtransferencias_recibidas_rank_delta1	0.000786780798984857	0.000594066745697516	0.00113667664166892
c_e_y_ratio_delta1	0.000786178980613613	0.000691712475230813	0.000974338777000744
Master_msaldopesos_rank_lag2	0.000785430147129357	0.000494207834677457	0.000761211906687822
Master_cconsumos	0.000783400061451387	0.000354088328743001	0.000647481924722592
rf_020_025	0.000783397257550995	0.000433903990182293	0.000612272368662124
mprestamos_personales_rank_lag1	0.000782926036909214	0.00184893934220833	0.000946607356740729
rf_002_024	0.00078214365062002	0.00109962435589568	0.00103447545239606
mautoservicio_rank	0.000778766280529451	0.000951048377400268	0.00055992541805895
vm_mpagominimo_rank_delta1	0.000775534643534071	0.000558584124355073	0.00082166017107482
rf_001_018	0.00076951012347274	0.000421663916278585	0.000867775341844283
mcaja_ahorro_rank_lag1	0.00076862877542454	0.000671151552776728	0.000726313939619039
Visa_msaldopesos_rank_lag1	0.000766677575046571	0.000478822084296473	0.00110364820855025
foto_mes	0.000762332874868169	0.00279655550648427	0.000769001631479961
m_anclaje_pesado_rank_lag2	0.000761712184570531	0.00181372813567205	0.000895818351095983
rm_anclaje_pesado_delta2	0.000761330634271871	0.00264783342432016	0.000616634614545722
vmr_mpagominimo_delta2	0.000758396072393564	0.0006116680125554	0.00083007307385033
Master_mpagospesos_rank_delta1	0.00075567637930032	0.00045961437202045	0.000696401396417225
vmr_mpagospesos_delta2	0.000749897978309343	0.00052744436229118	0.000812624090315939
vm_mconsumototal_rank_delta2	0.000748049192799466	0.000424720307180546	0.000733792075419492
vm_mconsumospesos_rank_delta2	0.000746371073462285	0.000473583255944581	0.000779907246188955
contactos_delta2	0.000745494245551444	0.00304225548320441	0.000371725667080872
mttarjeta_visa_debitos_automaticos_rank_delta1	0.000742930140158167	0.000633229200309036	0.000834435319733928
vm_mpagospesos_rank_delta1	0.000742627780079468	0.000408864667831587	0.000840355510575954
Master_cconsumos_lag2	0.000737363621098945	0.000469756179309238	0.000754045359879054
vmr_msaldopesos	0.000736619243340267	0.000456600177726001	0.000749059936012085
mautoservicio_rank_delta2	0.00073467965562098	0.000782951519975192	0.000829138306875274
rf_003_015	0.00073440028820826	0.00084893800773367	0.00110769886544216
vm_msaldototal_rank_delta1	0.000730253741160573	0.000708090818800891	0.00085250748125169
c_e_y_ratio_lag2	0.000725330283251125	0.000547737844981844	0.000906723965804978
m_deb_aut_rank_lag2	0.000723005564600962	0.000436982758073086	0.000733480486427807
mtransferencias_emitidas_rank_delta1	0.000716386771520059	0.000603302715799875	0.000652155759597876
Master_mpagominimo_rank_lag2	0.000712078799488889	0.00045236514495637	0.000818544281157964
Master_Fvencimiento_delta2	0.000710636407670696	0.000806333305099717	0.00106096051668933
Master_mpagominimo_rank	0.000708384753637481	0.000438807052511695	0.000787073792997723
mttarjeta_visa_debitos_automaticos_rank_lag2	0.000705901740436013	0.000373035467238511	0.000638134254972026
Visa_mconsumosdolares_rank_delta2	0.000704323207443367	0.00049557766776151	0.00115474880318668
vmr_msaldototal	0.000702957868195987	0.000460428004893889	0.000745944046095229
c_e_y_ratio_lag1	0.000702689182707709	0.000611564744836752	0.000814182035274367
Master_mpagominimo_rank_lag1	0.000701704359044437	0.000460350394269269	0.000772117521396816
rm_y_sp	0.000696009887600656	0.00105832671958704	0.000762769851646249
Visa_cconsumos_delta1	0.0006958916737606	0.000551933850059151	0.000992722527510192
mtransferencias_recibidas_rank_lag2	0.000695551291884126	0.000713047363523477	0.000791124449889635
Master_mpagospesos_rank_delta2	0.00069535599967839	0.000457507543775021	0.000749994702987141
rm_y_sp_lag2	0.000693068590467218	0.000782153120132659	0.000774610233330301
mpayroll_rank_lag1	0.000692663984787166	0.000380273491909424	0.000137410745333332
rf_013_017	0.000691875227081226	0.000547444775921896	0.000993345705493563
vmr_msaldototal_lag2	0.000688687476637689	0.00042332050838971	0.00080763866644897
vm_msaldopesos_rank_delta1	0.000686223442230899	0.000529525950405106	0.000841913455534381
Master_msaldototal_rank	0.000680891850452837	0.000538029400743856	0.000812000912332568
rf_020_027	0.000680667443661471	0.000277319356877592	0.000685807370699916
vmr_msaldopesos_lag2	0.000677886483502325	0.000449839158183486	0.000802341653590315
vmr_msaldototal_delta2	0.000676759622651759	0.000426827858161018	0.000736596376344662
rf_014_017	0.00067167970602262	0.000557888658661168	0.00101359898995312
mcuenta_debitos_automaticos_rank_lag2	0.000667348023993558	0.000544542216394093	0.000549019803349956
m_ganchos_liviano_rank	0.000664841732142408	0.00148289074921328	0.000167634877526831
c_e_y_ratio	0.000662535080130395	0.000563002537243121	0.000836928031667413
Visa_fultimo_cierre_delta2	0.00065715679877382	0.000454549806206433	0.00101889600281178
seguros_ratio_01_delta2	0.000655838553853249	0.00142684790035429	0.00104444630012999
m_inversiones_rank	0.000652013190573187	0.00146437936435371	0.000157040851809522
Master_msaldopesos_rank	0.000648283443129868	0.000741240646006952	0.000820725404099763
Master_mpagominimo_rank_delta2	0.000642863822859542	0.000430214733560155	0.000673343811032494
vmr_mconsumospesos_lag2	0.000640821447571234	0.000428028793625016	0.000754668537862425
c_anclaje_pesado_delta2	0.000640157116857071	0.00105732623190748	9.6904176414209e-05
Visa_mconsumosdolares_rank_delta1	0.000637654196582405	0.000428780771639784	0.00106251846164776
ccomisiones_mantenimiento_delta2	0.000635357759613486	0.00242655080085119	0.00018944610694482
vm_fultimo_cierre_delta2	0.0006312493246761	0.000860936354562987	0.00103198274046257
Master_msaldototal_rank_lag2	0.000628139531395051	0.000542431468700931	0.000757472838787595
mcuenta_debitos_automaticos_rank_lag1	0.000627351644063141	0.000428289756570552	0.000424384206675732
vmr_mconsumospesos_lag1	0.000626391660736296	0.000500416990419617	0.000651220992622819
Master_msaldototal_rank_delta2	0.000623081441101062	0.000428161443302913	0.00079361716182312
mtransferencias_recibidas_rank_lag1	0.000617830245712572	0.000635095302190134	0.000655894827498103
mtarjeta_visa_consumo_rank_delta1	0.000617470608493486	0.000332060754506598	0.000612895546645495
vmr_msaldopesos_delta1	0.000617061038558845	0.000392388143485664	0.000625670695304603
vmr_msaldototal_lag1	0.000607551499435683	0.000382191269346098	0.000685184192716545
Master_msaldototal_rank_lag1	0.000606552363089558	0.000393053893650299	0.00071011131205139
vmr_msaldopesos_delta2	0.000600020858309719	0.000636593476339327	0.000755603304837481
Master_msaldopesos_rank_delta2	0.000598935653295188	0.000454300962971618	0.0007767913562721
ccallcenter_transacciones_delta2	0.000598320505992802	0.00336367407539243	0.000274821490666663
mautoservicio_rank_lag2	0.000596690128682115	0.000516288946902047	0.000620685271437634
vmr_mpagospesos	0.000594976285462339	0.000335817308880243	0.00062099686042932
Master_fechaalta_delta2	0.00059375530737923	0.00034368444660861	0.000843782989484495
mttarjeta_visa_debitos_automaticos_rank	0.000593146660587291	0.000383265392607545	0.000585787304368852
Master_cconsumos_lag1	0.000590838798539183	0.000339656838796328	0.000559613829067265
rm_deb_aut_delta1	0.000588311216711793	0.000567335333826072	0.000791747627873006
mautoservicio_rank_delta1	0.0005815211005823	0.00078677514972033	0.000678329234899463
ctarjeta_visa_transacciones	0.000581499359619551	0.000448449394290747	0.000319690305469384
ccaja_ahorro_tend6	0.000580768720921387	0.00540447441478563	0.000272017189741493
rm_y_sp_lag1	0.000579243166586391	0.000645049170570233	0.000629721352196515
Visa_mpagosdolares_rank	0.000578311905024148	0.000366905589971071	0.00106501117358124
vmr_mpagospesos_lag2	0.000578064616107816	0.000324804049914574	0.000689546438600143
rf_016_027	0.000574442823871339	0.000439504603018223	0.00080203006459863
rm_anclaje_pesado_delta1	0.000570231493276798	0.00236084531803694	0.000603859465886614
vm_status01_delta1	0.000569260966696777	0.00209748606107296	0.000549642981333327
rf_017_020	0.000568947953000994	0.000580705376172052	0.000845340934442923
Master_msaldopesos_rank_lag1	0.000567445803534834	0.000400317436427731	0.000661503429348443
rf_001_009	0.000566491392488242	0.00101457720464493	0.00128966683658653
mautoservicio_rank_lag1	0.000561611104878976	0.000563487881622016	0.000535933065699162
m_deb_aut_rank_lag1	0.000558389830744788	0.000319868742483252	0.000577685990585027
cproductos_delta1	0.000557809094641483	0.00271521829319689	0.000140838224241873
rm_pagos_lag2	0.000553783411810653	0.000506506755892168	0.000586722071343908
Visa_mpagado_rank_lag2	0.000553515627589337	0.00042045797726429	0.000801095297623573
vmr_mconsumospesos	0.000553358013046028	0.000441912922966601	0.000633460420096742
m_e_sp_rank_lag2	0.000549980090883005	0.000929160707989695	0.000744386101136801
c_e_sp_delta1	0.000548693016063779	0.000867022228385306	0.000483897704087674
Master_mconsumototal_rank_delta2	0.000548506961310353	0.000325166167968632	0.000566468786884347
cextraccion_autoservicio_tend6	0.000547426846305611	0.00122994379702669	0.000665242497248669
Master_mconsumospesos_rank_delta1	0.000547252822437801	0.000310598359073844	0.000582671414451996
rf_004_025	0.000545271656513135	0.000401383470616197	0.00078239995812244
rm_pagos	0.000544680812748293	0.000519421725338556	0.000489194716946328
mpayroll_sobre_edad_rank_delta2	0.000543619261518581	0.00119286868461194	0.000290400940250941
ctrx_quarter_normalizado_lag2	0.000542389317516522	0.000828660703188969	0.0007767913562721
Master_mconsumospesos_rank_delta2	0.000538520765177251	0.000340550278297019	0.000563976074950863
rf_005_024	0.000537808931201074	0.000306378781715133	0.000137410745333332
seguros_ratio_01_delta1	0.00053350938497902	0.00082465816872318	0.000765262563579734
m_e_sp_rank	0.000531333263595098	0.000673809132922446	0.000587033660335594
rf_006_009	0.000529644707492574	0.000944323828179925	0.000974338777000744
vm_mconsumospesos_rank_delta1	0.000528741514714302	0.00045000549843339	0.00064343126783068
vmr_msaldototal_delta1	0.000528372187138638	0.000465634977308884	0.000630032941188201
mextraccion_autoservicio_rank_lag2	0.000525408699682458	0.00036990735878228	0.000432797109451242
vmr_mpagominimo_delta1	0.000523886815367512	0.00052357720165845	0.000642184911863938
mcuenta_debitos_automaticos_rank_delta2	0.000518401879776508	0.00105731477933679	0.000753733770887368
mtransferencias_recibidas_rank	0.00051758830385598	0.000582820849440496	0.000677394467924406
Master_msaldopesos_rank_delta1	0.000516105080314754	0.000412892609213889	0.000729118240544209
vmr_msaldopesos_lag1	0.000514448685086384	0.000344543333814744	0.000644989212789108
mpayroll_sobre_edad_rank	0.000509652586635592	0.00119696033786803	0.000228706319897201
mttarjeta_visa_debitos_automaticos_rank_lag1	0.000499885579396105	0.000338687790091136	0.000552447282258497
m_pagos_rank_lag2	0.000499354784657165	0.00058975621491339	0.000472992089378679
m_tax_rank_delta2	0.000498899329810446	0.000437020896245357	0.000413167002975052
cproductos	0.000498880231104551	0.00151498649515659	6.48105102705964e-05
vm_Finiciomora_lag1	0.000496984129203287	0.00319897582391219	0.000521911561073312
cajas_ratio_01_delta2	0.000495241035718907	0.00238463908993349	0.000496361263755096
Master_mpagominimo_rank_delta1	0.000488778394930055	0.000382631998734836	0.000577062812601656
vmr_mconsumospesos_delta2	0.000488361303093126	0.000352335279301134	0.000533440353765678
c_anclaje_pesado	0.000483749762878123	0.00390660253562545	0.000544345968474672
Master_msaldototal_rank_delta1	0.000482038867624838	0.000432337739951547	0.000728495062560838
vmr_mpagospesos_delta1	0.000480108345861647	0.00029733155664901	0.000627228640263031
rf_003_020	0.000470815022516806	0.000406795977758429	0.000487948360979586
Master_cconsumos_delta2	0.000469247265119444	0.000266581265380804	0.000320625072444441
vmr_Master_mlimitecompra_delta2	0.000468831427985358	0.00073555516739847	0.000620062093454263
vm_msaldopesos_rank_lag2	0.000466652554388265	0.000389647448809998	0.000511005946364317
m_y_sp_rank_lag2	0.000464057299486243	0.000502906923832854	0.000483274526104303
ctrx_quarter_lag2	0.000457433044845857	0.000809127482168567	0.000736907965336348
cpayroll_trx_tend6	0.00045553410776145	0.00159353728687808	0.000367986599180646
mpagomiscuentas_rank	0.00045503739507259	0.000393845483104926	0.000338697233962203
mextraccion_autoservicio_rank_lag1	0.000453064725722769	0.0012733674974519	0.000391667362548748
vm_status06_delta2	0.000451544451506747	0.00191884380443256	0.000222162951071804
mpagomiscuentas_rank_delta2	0.000451487298329135	0.000575631581587486	0.000416906070875278
rf_015_027	0.00045118389267043	0.000462081066722303	0.000607910122778526
cmobile_app_trx_lag2	0.000450732178314091	0.00224646023877957	0.000652467348589561
Visa_mpagado_rank_delta2	0.000449852284663947	0.00042609973040267	0.000608844889753583
vm_mconsumospesos_rank_lag2	0.000449247450379506	0.000384676227006539	0.00045398516088586
vmr_mconsumospesos_delta1	0.000444981596711962	0.000315342725466298	0.000450557681977319
m_e_sp_rank_lag1	0.000442218497830868	0.000683550711782406	0.000627851818246402
rm_pagos_delta2	0.000441889395504233	0.000509958343875157	0.000403196155241114
m_pagos_rank	0.000440366782587428	0.000389780598842925	0.000345552191779285
rf_016_021	0.000437960966780193	0.00029274060466819	0.00037889221388964
atm_ratio_c_delta2	0.000436495097301923	0.000445946312659228	0.000510071179389261
ctarjeta_master_transacciones_tend6	0.00043585183824365	0.00131872187335456	0.000358327340438393
rm_pagos_lag1	0.000432048330188497	0.00035624722170903	0.000474238445345421
rf_006_022	0.000430686701146155	0.00041462086328428	0.000611649190678753
ccomisiones_otras_lag2	0.00043031946893581	0.000678502268519349	0.000216865938213149
mcuenta_debitos_automaticos_rank_delta1	0.000429114370388577	0.000969255073844196	0.000688300082633401
rf_013_024	0.000426918658898668	0.000224017814239307	0.00034804490371277
mpayroll_rank_delta2	0.000423123629942254	0.000655765774598242	0.000254568206207102
vmr_mpagospesos_lag1	0.000421663359259287	0.000281646121402684	0.000525339039981853
cplazo_fijo_tend6	0.000419038531238083	0.00294513165176468	0.000184772272069537
vmr_Visa_mlimitecompra_delta2	0.000414786293396595	0.000740844587203373	0.000478912280220705
vm_mpagospesos_rank_lag2	0.000407490285904317	0.000272745722740303	0.000394783252465604
rf_020_020	0.000407305097416347	0.000302555040779988	0.000405065689191227
vm_msaldototal_rank_lag2	0.000403605167582108	0.000299821629049756	0.000463021241644741
mtarjeta_visa_consumo_rank_lag2	0.000401686809770579	0.000241878042622608	0.000420956727767191
mpayroll_sobre_edad_rank_lag2	0.000401128670068949	0.000391762088153392	0.000181656382152681
m_pagos_rank_delta2	0.000400454911558645	0.000418483631911748	0.000409116346083139
Master_status_delta1	0.00039663383726455	0.000701587843466239	0.000393536896498862
vm_msaldototal_rank_lag1	0.000395679569380547	0.00031751359915554	0.000382631281789867
matm_rank_lag2	0.000394227969017541	0.000429326631179782	0.000370167722122445
ctarjeta_visa_transacciones_lag2	0.000392094660917129	0.00026788160471072	0.000334646577070291
cproductos_lag1	0.000391848447733794	0.00185066309308345	0.000332153865136806
rm_ganchos_liviano	0.000390446457137227	0.000581266274160445	0.000148316360042326
m_y_sp_rank_lag1	0.00038725720358539	0.000378217977852049	0.000399145498349202
mextraccion_autoservicio_rank_delta2	0.000380644214946506	0.000417053033489078	0.000383566048764924
Visa_mpagado_rank_lag1	0.000377572433431793	0.000408553613788069	0.000551200926291755
mpagomiscuentas_rank_delta1	0.000374413752560915	0.00039688797525606	0.000330907509170064
vmr_Master_mlimitecompra_delta1	0.000372767190347225	0.000592719150614787	0.000502281454597122
vm_mconsumospesos_rank_lag1	0.00037247369550176	0.000353551058631015	0.000379826980864697
cprestamos_personales_delta2	0.000369881843770424	0.0027231600672172	0.000143954114158728
vm_Finiciomora_lag2	0.00036903319550494	0.0023809556707867	0.000601055164961444
rf_012_013	0.000368435524791478	0.000466217473956063	0.000488259949971272
vmr_mpagado_lag2	0.000365352500423185	0.000352937623364494	0.000386058760698408
mtarjeta_master_consumo_rank	0.000359935987135536	0.000268675417965479	0.000153301783909295
mextraccion_autoservicio_rank_delta1	0.000359567452243794	0.000517521154555406	0.000354276683546481
c_anclaje_pesado_lag2	0.000357520938995406	0.00442475524941846	0.000706372244151163
atm_ratio_c_delta1	0.00035602231263164	0.000347899743152066	0.000377645857922898
atm_ratio_eme_delta2	0.000354294455194385	0.000553980246535983	0.000527520162923652
m_tax_rank_delta1	0.000353159485191056	0.000367606226000283	0.00034243630186243
vm_mconsumospesos_rank	0.000351400641709786	0.000266009720949278	0.000356146217496594
mextraccion_autoservicio_rank	0.00034987138582205	0.00030778397322129	0.000336516111020404
m_pagos_rank_lag1	0.000347055300722806	0.00033044777667557	0.00035365350556311
atm_ratio_eme_delta1	0.000346509264585139	0.000305828113207349	0.000360820052371878
contactos_delta1	0.000345924246540569	0.000805469886900813	0.000207518268462583
ctarjeta_visa_transacciones_lag1	0.000342904311003113	0.000248001915629691	0.000281053270500375
ctarjeta_debito_transacciones	0.000339396331842485	0.000574931334723297	0.000259553630074071
mpayroll_sobre_edad_rank_lag1	0.000338498620986353	0.000288286027230488	0.000140526635250187
mtarjeta_visa_consumo_rank_lag1	0.000338410657252611	0.000245918381690648	0.000354899861529852
ctarjeta_visa_transacciones_delta2	0.000338201757691026	0.000281698297313291	0.000150497482984125
Visa_mpagado_rank_delta1	0.000336902984692509	0.000342380410210975	0.000428434863567644
vmr_mconsumosdolares	0.000336825913057127	0.000321923061248055	0.000293516830167797
ctarjeta_visa_delta2	0.000336568026856294	0.000536275934339464	5.32817175782307e-05
cajas_ratio_04_delta1	0.000334711766571838	0.00215786968439787	0.000369856133130759
c_e_sp_lag2	0.000332932123793351	0.000977209384537753	0.000501346687622065
mpayroll_rank_lag2	0.000332458109265397	0.000328602661908222	0.000158287207776264
ccuenta_debitos_automaticos_tend6	0.000328302529583462	0.00269381685768526	0.000377957446914584
vm_msaldopesos_rank_lag1	0.000326674017053985	0.000266703574388086	0.000393848485490547
vmr_mconsumosdolares_lag2	0.000326358493655511	0.000263638038108081	0.000291024118234312
ccomisiones_mantenimiento_lag2	0.000324244686910466	0.00139207867409432	0.000154236550884352
cdescubierto_preacordado_delta1	0.000314800627248231	0.0021455899434593	0.000259865219065757
Master_cconsumos_delta1	0.00031255285354264	0.00029365336343253	0.000315951237569157
vmr_mconsumosdolares_lag1	0.000309855138288417	0.000278392118061459	0.000285727105375658
matm_rank_delta2	0.000307736234513167	0.000574505143427924	0.000320001894461069
matm_rank	0.000306618987391599	0.000274848409157985	0.000283857571425545
ccallcenter_transacciones_delta1	0.000304605385913501	0.00162873717983119	0.000166076932568403
matm_other_rank_lag1	0.000302660092332093	0.000367058003672645	0.00021188051434618
m_ganchos_liviano_rank_lag1	0.000300271519824999	0.000381734667583914	0.000128997842557822
ctarjeta_debito_transacciones_delta2	0.000296954978686122	0.000661383010340161	0.000243039413514736
Visa_msaldodolares_rank_lag2	0.000292172775171502	0.00037285489466776	0.000496984441738467
vm_mpagospesos_rank_lag1	0.0002917754268509	0.0001414858365333	0.000271394011758122
vm_fechaalta_delta2	0.00029145005251204	0.00230936017534679	0.000508513234430833
mtarjeta_master_consumo_rank_delta2	0.000291398188553903	0.000285552921272774	0.000204402378545727
cprestamos_personales	0.000291314313623106	0.00236068242467724	0.0004595937627362
vm_mpagospesos_rank	0.000290746418526425	0.000172389959175664	0.000290400940250941
vm_Fvencimiento_delta2	0.000290218285282147	0.000774026854093866	0.000508824823422518
c_e_sp_lag1	0.000283676327412648	0.00045160910850636	0.000390732595573691
Visa_msaldodolares_rank	0.000282374284803841	0.000768898242836036	0.000491999017871498
matm_other_rank_lag2	0.000277558732852926	0.000284669349885171	0.000234938099730912
vm_mconsumosdolares_rank_lag2	0.000277294868370535	0.000339747542044228	0.000253633439232045
rm_pagos_delta1	0.00027560889778505	0.000379618110212906	0.000301306554959936
ctarjeta_debito_lag2	0.00027211110003348	0.00229534578691245	0.000456477872819344
vmr_mpagado_delta2	0.000270091930152607	0.000421453961748586	0.000268589710832952
Master_mconsumosdolares_rank_delta2	0.000269903383530463	0.000141003188512066	0.000235872866705968
Visa_mpagado_rank	0.000269718861014586	0.000403402931313925	0.000501346687622065
Visa_msaldodolares_rank_delta2	0.00026718405003376	0.000317753686177333	0.000330595920178379
ccomisiones_otras_lag1	0.000261854728641187	0.000402990610971878	0.000131178965499621
vm_cconsumos_lag2	0.000261318552347325	0.00022028491553957	0.000207829857454268
vm_cconsumos_lag1	0.000257212503369836	0.000193097902616003	0.000165765343576718
matm_other_rank_delta2	0.000253782984590467	0.000403115532944315	0.000219981828130005
vm_cconsumos_delta2	0.000252418247305932	0.000197811330389115	0.000119338583815569
cproductos_lag2	0.000251526623550546	0.0026015383809615	0.000483274526104303
vmr_Visa_mlimitecompra_delta1	0.000251450697335287	0.000624145699503254	0.000441833190210123
ccomisiones_mantenimiento_delta1	0.000249047494102655	0.00470667211848726	0.000195677886778531
vm_mpagado_rank_lag2	0.00024854194782214	0.000270534514876159	0.000226525196955402
mpayroll_sobre_edad_rank_delta1	0.000247589233646744	0.000397213539595442	0.000177605725260769
mpayroll_rank_delta1	0.000243894965234213	0.000710288461484227	0.000184772272069537
ctarjeta_visa	0.000239688854002507	0.00029612267109954	4.51804037944061e-05
Visa_msaldodolares_rank_delta1	0.000237424707225389	0.000354718414713013	0.000317509182527585
ctarjeta_debito_tend6	0.000236267767931244	0.00295698736961301	0.000297255898068024
vm_mconsumosdolares_rank_lag1	0.000236249190681074	0.000242724837915522	0.000210634158379438
vm_cconsumos	0.000222641170358602	0.000230982700658959	0.000142396169200301
rf_011_018	0.000221199279179331	0.000670933314591235	0.000262046342007555
rm_ganchos_liviano_lag1	0.000219401483614457	0.000362163641961261	0.000150809071975811
matm_rank_delta1	0.000216472616500662	0.000304064500714853	0.000247090070406649
ctarjeta_debito_lag1	0.000215956686538212	0.00174732640883385	0.000339320411945574
cliente_edad_tend6	0.000215061566775749	0.00192257581361225	0.000455231516852602
vmr_mpagado_lag1	0.000214669895612	0.000201942428300058	0.000223097718046861
vm_mconsumosdolares_rank_delta2	0.000211667489818463	0.000270279639583486	0.000191004051903248
mtarjeta_master_consumo_rank_lag1	0.000210738243927372	0.000144085458888068	0.000142084580208615
cseguro_vida_lag2	0.000209914450976971	0.00117306518848295	0.000159533563743006
mtarjeta_master_consumo_rank_lag2	0.000207072681297217	0.000151214600744998	0.000151432249959182
contactos	0.000206409722427674	0.00062954703204982	9.25419305306111e-05
rf_014_020	0.000204690016421748	0.000250680371699151	0.000252387083265303
rf_004_020	0.000200240667754572	0.00033875386475257	0.000275444668650034
vm_status05_delta1	0.000198462308640418	0.00140837090100427	0.000148627949034012
Master_mpagado_rank_delta2	0.000195225618576577	0.000307307329460414	0.000258618863099014
vmr_mpagado	0.000190956209612744	0.000205675160214785	0.000203779200562356
ccajas_consultas_delta2	0.000190250338124472	0.00239842245333158	0.000130867376507935
mtarjeta_master_consumo_rank_delta1	0.000188579447219051	0.000268574374046963	0.000171685534418743
vmr_mconsumosdolares_delta1	0.00018305955714745	0.000867649173237631	0.000158287207776264
ctarjeta_debito_delta1	0.00018266446772254	0.00353852419685706	0.00015299019491761
vmr_mpagado_delta1	0.000178432065866753	0.000186831456222933	0.000128686253566136
rm_p_sp_lag2	0.00017740067589323	0.000372976953497527	0.000112172037006801
Master_msaldodolares_rank_lag2	0.000173915046824594	0.000151691605873396	0.000291335707225998
vm_mpagado_rank_delta2	0.000173785220981002	0.000234678017136458	0.000174178246352228
ctarjeta_debito_transacciones_delta1	0.000168904335148687	0.000495253854664732	0.00015859879676795
ccaja_ahorro_delta1	0.000168357616339125	0.00252036433900884	0.000112483625998487
mtarjeta_visa_descuentos_rank_lag2	0.000165284817585488	0.000313450771908661	0.000169504411476944
cliente_edad_delta2	0.000164709519223841	0.00222387993902026	0.000348979670687827
cprestamos_personales_delta1	0.000163814750248954	0.0028868750932664	0.000121831295749054
m_inversiones_rank_lag1	0.000161573294928377	0.000270830363686273	0.00011154885902343
matm_other_rank_delta1	0.000160765413851288	0.000501079460479056	0.00016981600046863
vm_status04_delta1	0.000159992551594484	0.00194415226219429	0.000153613372900981
ccaja_ahorro_lag2	0.000159584142840672	0.000556288884643427	0.000176670958285712
cajas_visitas_delta1	0.000156576187607711	0.00354885761232476	0.000187888161986392
vmr_msaldodolares2_delta2	0.000156480412792587	0.000409565554038314	0.00015018589399244
ctarjeta_master_debitos_automaticos_tend6	0.000155718464948607	0.000936381664994592	0.000167946466518516
ctarjeta_master_tend6	0.00015352249109134	0.0026278877995652	0.000262669519990927
estado_delta2	0.00015152711762059	0.00112843288048328	0.000171685534418743
ctarjeta_visa_transacciones_delta1	0.000146878069621684	0.000315526049989712	9.22303415389256e-05
contactos_lag2	0.000145813201628087	0.000349814212686043	0.000136164389366589
mttarjeta_master_debitos_automaticos_rank	0.000145032539443127	0.000301955198491777	0.000110925681040059
ccaja_ahorro_lag1	0.000144536907334918	0.000697075419427594	0.000134294855416476
vmr_mconsumosdolares_delta2	0.000143807327587303	0.000308295224871728	0.000156729262817836
vmr_msaldodolares2_lag1	0.000142653177808079	0.000244669273156283	0.000171997123410429
ccomisiones_otras	0.000141434831401373	0.000152619458681136	2.92893652184426e-05
vm_mconsumosdolares_rank_delta1	0.000139951370103541	0.000216372472776645	0.00015299019491761
visitas_delta2	0.000134617460762562	0.000405564548435116	0.000133671677433105
ctarjeta_visa_debitos_automaticos_lag2	0.000130511387701652	0.000210455357586872	5.63976074950862e-05
c_deb_aut_lag2	0.000130419664939192	0.000450560197578913	0.000105628668181405
cpayroll_trx_lag1	0.000130305399114053	5.50741337238156e-05	1.24635596674224e-05
vm_cconsumos_delta1	0.00012981712789399	0.00010510883057511	7.01075231292509e-05
vm_mpagado_rank_delta1	0.000129287134197561	0.000230038947680273	0.000112172037006801
mtarjeta_visa_descuentos_rank_delta1	0.000125577648235382	0.000661731674403419	0.000210010980396067
cajas_visitas_delta2	0.000125451158812868	0.00217039665631616	0.000140838224241873
ctransferencias_recibidas_delta2	0.000123419233897229	0.000994954976024229	0.000126505130624337
cajas_ratio_03_delta1	0.000121997676022717	0.000365913663922017	0.000102201189272863
vm_msaldodolares_rank_delta2	0.000121083581514054	0.000264903964130947	0.000104382312214662
Master_msaldodolares_rank_delta1	0.000118559527335757	0.000111829154575202	0.000108121380114889
contactos_lag1	0.000117692120907484	0.000275603139125418	9.78389433892656e-05
ctarjeta_debito_delta2	0.000116270640859231	0.00170006017636237	0.000123389240707482
vmr_mpagosdolares_lag2	0.000114444954472062	0.000171313945684104	0.000109367736081631
ctransferencias_recibidas_lag2	0.000113694014319435	0.000260862763340356	9.65925874225234e-05
visitas_lag1	0.000112878127286391	0.00116825249583142	0.000108121380114889
ccallcenter_transacciones	0.000110180029330894	0.000748104321723079	3.33400221103549e-05
visitas_lag2	0.000109197050460484	0.000250328066163177	8.81796846470133e-05
p_y_ratio_delta2	0.000109128489856545	0.000280180720507942	8.25710827966732e-05
c_deb_aut_lag1	0.000108839358657624	0.000183841278969914	5.5151251528344e-05
ccomisiones_otras_delta2	0.000107021640309688	0.000745968139315902	0.000146135237100527
vmr_msaldodolares2_delta1	0.000106521996302417	0.000194806448257721	0.000116222693898714
mcheques_emitidos_rank_delta2	9.95093034604784e-05	0.00141796821083065	7.78972479213898e-05
vm_mpagado_rank	9.38584605289745e-05	0.000104565973165292	8.10131378382454e-05
ccajeros_propios_descuentos_tend6	9.38569789101146e-05	0.000275466569999787	4.29992808526072e-05
vmr_mpagosdolares_lag1	9.38514859378989e-05	0.000176892959861249	8.50637947301577e-05
cextraccion_autoservicio_delta2	9.36317318354549e-05	0.000144422892760657	6.82379891791375e-05
vm_status03_delta2	9.14171338679107e-05	0.000694734925383254	8.94260406137555e-05
vmr_msaldodolares_lag1	9.00119079664875e-05	0.000171387080910958	9.59694094391523e-05
cextraccion_autoservicio_lag2	8.98041623177372e-05	0.000288937461681771	6.85495781708231e-05
c_ganchos_liviano_lag2	8.77384220775238e-05	0.000941999929244072	4.79847047195761e-05
c_deb_aut_delta2	8.46201456841862e-05	0.000101990451244459	4.33108698442928e-05
c_y_sp_lag1	8.43363476730323e-05	0.000118615775616741	6.85495781708231e-05
vmr_msaldodolares_delta1	8.39708478365252e-05	0.000244711942321323	8.88028626303844e-05
ccaja_seguridad	8.11077596020098e-05	0.0016698748693153	4.82962937112617e-05
p_e_ratio_delta1	8.07900806425459e-05	0.000280264085215405	9.191875254724e-05
visitas_delta1	8.01090587960005e-05	0.000396919025065408	9.40998754890389e-05
vmr_mpagosdolares	8.00858556182577e-05	0.000289598013713597	9.31651085139822e-05
c_ganchos_liviano_delta2	7.92645602158689e-05	0.00144873643148742	6.07598533786841e-05
ccomisiones_mantenimiento_lag1	7.92354940991999e-05	0.000523323104695823	7.94551928798176e-05
hb_cajas_lag1	7.56630402351348e-05	0.00056646891349699	8.19479048133021e-05
c_seguros_lag2	7.32606315615285e-05	0.000169814631837343	6.82379891791375e-05
mcheques_emitidos_rank	7.16680857083946e-05	0.00111193264486845	5.11005946364317e-05
cforex_tend6	7.1309861091824e-05	0.000517149029400752	9.84621213726368e-05
p_e_ratio_lag1	6.9787574710644e-05	0.000218550601613819	9.50346424640956e-05
cpagomiscuentas_delta2	6.95065947843703e-05	0.00134671415210356	8.50637947301577e-05
vm_mpagosdolares_rank_delta1	6.94251769476483e-05	0.000432730824422449	7.66508919546476e-05
ctransferencias_emitidas_delta1	6.93252033538177e-05	0.000649463469428036	5.67091964867718e-05
c_y_sp_lag2	6.91673863445783e-05	0.000235275996992058	9.53462314557811e-05
vmr_mpagosdolares_delta2	6.89021221022689e-05	0.000168289716491558	6.60568662373386e-05
c_seguros_delta2	6.71782789635352e-05	0.000721060326945526	8.4129027755101e-05
ctransferencias_recibidas_lag1	6.59653493597754e-05	0.000159564942444632	6.38757432955397e-05
ctarjeta_master_transacciones_delta2	6.54270185449652e-05	0.000443955094223181	4.26876918609216e-05
ctransferencias_recibidas_delta1	6.45773313164684e-05	0.000184498328516531	4.89194716946328e-05
ctransferencias_emitidas_lag1	6.45611070616323e-05	0.000527583044026936	6.44989212789108e-05
vm_mpagosdolares_rank	6.29919865914064e-05	0.000101865140106999	5.29701285865451e-05
cextraccion_autoservicio_lag1	6.14269752746468e-05	0.000152863103783141	4.79847047195761e-05
c_y_sp_delta1	5.9650803890269e-05	0.000598034366501226	6.35641543038541e-05
ctarjeta_visa_debitos_automaticos_lag1	5.93541726182251e-05	0.000120186890410276	3.98833909357516e-05
ccomisiones_otras_delta1	5.89941560248789e-05	0.000316960595657617	7.54045359879054e-05
cpagomiscuentas_lag2	5.70659353287398e-05	0.000158116247848385	5.48396625366584e-05
cinversion2_lag2	5.30934284153564e-05	0.000875946088139085	4.08181579108083e-05
vmr_mpagosdolares_delta1	5.24891614229133e-05	0.000277257229461393	5.20353616114884e-05
ctransferencias_recibidas	5.16988801664508e-05	0.000106137421528847	2.46155303431592e-05
cseguro_accidentes_personales_tend6	4.98538291219714e-05	0.00135435248859581	0.000132736910458048
c_ganchos_liviano	4.81977932850677e-05	0.000682778691768944	2.02532844595614e-05
ctarjeta_visa_tend6	4.68591898636909e-05	0.000970308793739429	0.000181967971144367
ctarjeta_master_transacciones_delta1	4.68262201680272e-05	0.000254837154501624	2.02532844595614e-05
vm_status03_delta1	4.63113740085044e-05	0.000516476774620729	6.10714423703696e-05
catm_trx_lag2	4.56900999479007e-05	0.000206117974416148	4.01949799274372e-05
c_y_sp	4.5689225411158e-05	0.000150841474880284	3.36516111020404e-05
cseguro_vivienda_lag2	4.39959094096117e-05	9.19764290707783e-05	5.45280735449729e-05
cseguro_vida_tend6	4.20454437154034e-05	0.00169879027529677	0.000140526635250187
cajas_ratio_02	4.1752429977669e-05	0.000252154834579433	7.78972479213898e-05
cinversion2_lag1	4.12558148315238e-05	0.000946056919015604	4.7361526736205e-05
cpayroll_trx_lag2	3.83748742812951e-05	0.000188052517078128	2.64850642932725e-05
ccaja_seguridad_tend6	3.60955509807905e-05	0.00207628585167581	0.000108121380114889
c_p_sp_lag2	3.41130679803138e-05	0.000540608758719917	3.42747890854115e-05
ccuenta_debitos_automaticos_lag2	3.38475259295132e-05	0.0001996923317311	3.36516111020404e-05
ccaja_ahorro	3.34141949670815e-05	0.00209362615558816	6.85495781708231e-05
cpagomiscuentas_lag1	3.27730951121755e-05	0.000143828943542796	3.30284331186693e-05
visitas	3.17725726509098e-05	0.000868111390095149	5.35933065699162e-05
ctarjeta_visa_debitos_automaticos_delta1	3.11786918900267e-05	0.000212522991354968	2.58618863099014e-05
ctarjeta_visa_debitos_automaticos_delta2	2.81263818245226e-05	4.24524001223859e-05	2.02532844595614e-05
catm_trx_delta1	2.7701408085957e-05	0.000109928361412039	3.20936661436126e-05
ganchos_anclaje_ratio_delta2	2.72334208285405e-05	5.18557389822098e-05	1.02824367256235e-05
c_pagos_lag1	2.7064994782081e-05	0.0001398279657371	3.30284331186693e-05
ccuenta_debitos_automaticos_lag1	2.60379140420802e-05	6.72979460890551e-05	2.39923523597881e-05
ctarjeta_debito	2.35902814664689e-05	0.000440336109685226	3.77022679939527e-05
c_deb_aut_delta1	2.01931206209951e-05	5.03538955627982e-05	1.8383750509448e-05
c_deb_aut	1.95487435629204e-05	2.34600350916834e-05	5.29701285865451e-06
ctarjeta_visa_delta1	1.39996253817701e-05	0.000232420971192086	2.1188051434618e-05
c_pagos_delta1	1.14940418627928e-05	0.000162168790019651	1.86953395011336e-05
ccomisiones_mantenimiento	8.73488931084177e-06	0.00131060480828881	4.14413358941794e-05
mprestamos_hipotecarios_rank_lag1	5.18604178721331e-06	2.91879882826947e-05	4.05065689191227e-06
cseguro_vivienda	2.24212958202565e-06	3.71124444594739e-07	3.11588991685559e-07
ccheques_emitidos	1.86983489271803e-06	8.02243959036259e-05	2.49271193348448e-06
ctarjeta_visa_debitos_automaticos	2.61030968475741e-07	1.35368829509127e-05	9.34766975056678e-07
ccuenta_debitos_automaticos	6.29516755967781e-08	1.9879689081029e-05	6.23177983371119e-07
ctarjeta_master_debitos_automaticos	3.92578207282949e-08	4.39506298665824e-07	3.11588991685559e-07
