Feature	Gain	Cover	Frequency
rf_002_016	0.0552877604285533	0.00152698164907536	0.00197169661313404
rf_001_023	0.0462039954152367	0.0025972615072661	0.00469072984576244
rf_017_015	0.0426910375321305	0.00114190172971341	0.00201939895054858
rf_020_015	0.0413949166790605	0.00121222242011336	0.00225791063762124
m_y_sp_rank	0.0189296675814929	0.00116392888485015	0.000842741294323422
rf_010_024	0.0157145535917947	0.00116786512368199	0.000580378438543489
rf_012_015	0.0152586318849526	0.000871713178103723	0.0016457306408014
rf_019_015	0.0143107920548779	0.000890273753682179	0.00154237557640324
mpasivos_margen_rank	0.0141549031961651	0.00257084197470444	0.00148672284941962
rf_008_025	0.0139420161961752	0.00167990202022072	0.0006439815550962
rf_015_029	0.0137490297181541	0.0019767695785419	0.00376848465574813
rf_019_021	0.0123887832434162	0.00218505516958425	0.00544601685482589
rf_016_029	0.0121559989795139	0.00127272045906415	0.000620130386388933
mcuentas_saldo_rank	0.0113148857649416	0.004181749806195	0.00201939895054858
rf_013_023	0.00941699375144155	0.00209396228902612	0.00527110828430593
rf_018_022	0.00904159500142235	0.00195361258617863	0.00330736206074098
rf_005_023	0.00893143358898377	0.00224649842701546	0.000985848306567022
rf_002_024	0.00852429155477791	0.00151182275378891	0.00105740181268882
mpayroll_rank	0.00815204915448164	0.000701076044756765	0.000198759739227222
rm_y_sp	0.00811874646046112	0.00169032326906904	0.0009301955795834
vm_status01	0.00787001171818541	0.00191591606860991	0.000914294800445222
ctrx_quarter	0.00775501538289842	0.00295390768142157	0.00112895531881062
c_e_sp	0.0075827310330667	0.000949323973584751	0.000532676101128955
rf_008_023	0.00658891210899677	0.00208077274230836	0.00554142152965495
m_y_sp_rank_lag1	0.00613058987872623	0.000652721912261974	0.0005724280489744
rf_012_023	0.0059001214599374	0.00153024222262932	0.00106535220225791
rf_005_022	0.00582873802905321	0.00129749649145655	0.0016457306408014
mtarjeta_visa_consumo_rank	0.00527350349637576	0.000891119779534026	0.000874542852599777
rf_014_015	0.00508293011324391	0.000754697342703156	0.00160597869295596
cdescubierto_preacordado	0.00507842717526219	0.0039299412676218	0.00192399427571951
mrentabilidad_annual_rank_lag2	0.00498891550141089	0.00421580004207041	0.00314040387979011
ccomisiones_mantenimiento_tend6	0.00491603392950746	0.00469414057581632	0.000842741294323422
mprestamos_personales_rank	0.00416658993241554	0.00213589643368598	0.000691683892510733
mcaja_ahorro_rank	0.00397384395612216	0.00184998578899046	0.00119255843536333
thomebanking	0.00396211032610997	0.00256301657359186	0.00542216568611862
rf_017_021	0.00392242952398008	0.00172383353813243	0.00391159166799173
ctrx_quarter_normalizado	0.0037107158280905	0.0027779435228831	0.001073302591827
c_e_sp_lag1	0.00358412202997252	0.0007982807645503	0.000492924153283511
mcuentas_saldo_rank_delta2	0.00354284088040702	0.00363266489308919	0.00383208777230084
rf_007_026	0.00333063839311913	0.00107061553981234	0.0024328192081412
vm_status01_delta1	0.003244674242986	0.000612301592154107	0.000492924153283511
mcomisiones_otras_rank_lag1	0.00322577944326416	0.00238845045341441	0.00269518206392113
m_anclaje_pesado_rank	0.00312852656042931	0.00108228683702813	0.000413420257592622
Visa_status	0.00305581145667605	0.00125559037147986	0.000524725711559866
rf_018_012	0.00300893143671966	0.00162995072661611	0.0005724280489744
mrentabilidad_annual_rank_delta2	0.00281254094497438	0.0033486126044672	0.00376053426617904
mcuenta_corriente_rank	0.00268822957501819	0.00300463358710208	0.00237716648115758
tcallcenter_delta2	0.0026462118460915	0.00184292270842606	0.000723485450787089
mcomisiones_otras_rank_delta2	0.0026318054567773	0.00255907738479337	0.00320400699634282
rm_anclaje_pesado	0.00262454903646263	0.00188306511709255	0.000477023374145333
mcomisiones_rank_delta2	0.00260034682587108	0.00259207546589735	0.00323580855461918
rf_011_021	0.00248714312459663	0.00101662918349314	0.000914294800445222
m_e_sp_rank	0.00244530685827401	0.000962175011629549	0.000826840515185244
mcuentas_saldo_rank_lag1	0.00242978646954622	0.00169324939015419	0.00147082207028144
mpayroll_sobre_edad_rank	0.00242589546995768	0.000556562832730195	0.000206710128796311
m_anclaje_pesado_rank_lag1	0.00241014005307319	0.00109275971029281	0.0004293210367308
cproductos_tend6	0.00239162457728357	0.00326700398960053	0.000667832723803466
mcomisiones_otras_rank_lag2	0.00238963171539287	0.00221022526835483	0.00261567816823024
mrentabilidad_annual_rank_delta1	0.00238665240770656	0.00218012024412649	0.00299729686754651
r_time_alta_master_delta1	0.0023823509076234	0.0033445492712389	0.0066544760693274
mcomisiones_mantenimiento_rank	0.00234757797570352	0.00401481266851741	0.00287009063444109
r_time_alta_master_delta2	0.00233014097875555	0.00331079526118115	0.00634441087613293
Master_fechaalta_lag1	0.00232326071816436	0.00340007133102939	0.00555732230879313
r_time_alta_visa_delta2	0.00230898764972595	0.00286964471114729	0.00549371919224042
r_time_alta_master	0.00229723035811455	0.00288448611627315	0.00623310542216569
mcomisiones_mantenimiento_rank_delta2	0.00228133867475162	0.00188475667713514	0.00156622674511051
mcaja_ahorro_rank_lag1	0.00227928830035816	0.00119401866758414	0.00112100492924153
rf_007_015	0.00225758003957133	0.000784685597418318	0.00103355064398156
rf_013_015	0.00224841733388649	0.000940077671869624	0.0015026236285578
r_time_alta_master_lag2	0.00221649653483263	0.00343573630489925	0.00605819685164573
Visa_mlimitecompra_rank_delta2	0.0022002709007738	0.00407755108422276	0.00593099061854031
Master_mlimitecompra_rank_delta2	0.00217107202342266	0.00307868020829485	0.00616950230561298
Master_mlimitecompra_rank_delta1	0.00214186106599154	0.00336950070373163	0.00666242645889649
rf_011_016	0.00214072512914356	0.00057257697251427	0.000802989346477978
r_time_alta_master_lag1	0.00213939810746426	0.00274376299681403	0.0060104945142312
rf_009_023	0.00213848048469382	0.000736002420726899	0.000667832723803466
Master_fechaalta	0.0021230645457696	0.00282020572841737	0.00502464620766418
mcomisiones_rank_lag2	0.00210061310038372	0.00172074664386492	0.00275878518047384
mcuentas_saldo_rank_delta1	0.0020919436844765	0.00452539473983713	0.00347432024169184
rf_006_026	0.00208177939577594	0.00165094748298544	0.00345046907298458
mrentabilidad_annual_rank_lag1	0.00207614172906538	0.00271912352329442	0.00215455557322309
m_anclaje_pesado_rank_delta2	0.00206073677242692	0.0019214225501059	0.000683733502941644
Visa_mpagospesos_rank_delta2	0.00205565185167055	0.00342183458706633	0.00634441087613293
r_time_alta_visa_lag1	0.00202957619323983	0.00270214007363563	0.00492129114326602
Visa_mconsumospesos_rank_lag2	0.00201287154839644	0.00256750568533982	0.00510415010335506
Visa_mconsumospesos_rank	0.00200683268513195	0.00297469228602274	0.00531086023215138
r_time_alta_visa_lag2	0.00200215547463756	0.00255930281141146	0.00475433296231515
mpasivos_margen_rank_lag2	0.0019445990041318	0.00203970392119885	0.0016457306408014
ctarjeta_visa_transacciones_tend6	0.00193634139721831	0.00569189353729957	0.00209095245667038
Master_mfinanciacion_limite_rank_delta2	0.00192390228866991	0.0031903144441209	0.00566862776276038
rf_010_023	0.00191932857744232	0.00176431752835381	0.00441246621084433
rf_005_021	0.0019106910994264	0.00149571716503872	0.00302114803625378
vm_fechaalta	0.00191038574883847	0.00223045491048018	0.00360152647479727
Visa_fechaalta_lag2	0.00190797489375458	0.00276028182672562	0.00423755764032438
Master_fechaalta_lag2	0.00190679155675715	0.00263774611206386	0.00475433296231515
cdescubierto_preacordado_delta2	0.00190226424380835	0.00111065285591696	0.000262362855779933
Visa_mconsumototal_rank_delta1	0.00189959455518872	0.00238882620541631	0.00525520750516775
vmr_mpagominimo	0.00189819108391614	0.0010966598120332	0.00190014310701224
Visa_msaldototal_rank_delta1	0.0018976980051316	0.0017712676497786	0.00282238829702655
Visa_fechaalta_lag1	0.00188711149855833	0.00234721065715453	0.00397519478454444
Master_status_delta1	0.00188538794364406	0.000217107466305876	0.000333916361901733
Visa_mpagominimo_rank	0.0018774173568406	0.00194642007582752	0.00345841946255367
mrentabilidad_annual_rank	0.00186994109570265	0.00173029839004348	0.00203529972968675
Visa_msaldototal_rank	0.00186700261655332	0.001791755536901	0.00268723167435204
Master_Fvencimiento_lag2	0.00185330562928304	0.00281933671740872	0.00454762283351884
mpasivos_margen_rank_lag1	0.00185156568654603	0.00163249826864798	0.0012164096040706
mactivos_margen_rank	0.0018494221262628	0.00316015963920535	0.00197964700270313
mcuenta_corriente_rank_lag2	0.00184831298925179	0.00303619454278693	0.00233741453331213
thomebanking_lag2	0.00184499264275661	0.00191252545069284	0.0049371919224042
r_time_alta_visa	0.00184490275974194	0.00268364390566234	0.00458737478136429
rf_011_025	0.00184075273027539	0.00154784442779272	0.00354587374781364
Visa_mconsumospesos_rank_lag1	0.00182540858479158	0.00270805610883471	0.00464302750834791
Visa_mfinanciacion_limite_rank_delta2	0.00182099902488181	0.00352466206620794	0.00518365399904595
m_anclaje_pesado_rank_delta1	0.00181889414574322	0.00305123285818661	0.000882493242168866
Master_mfinanciacion_limite_rank	0.00181154956757692	0.00257765172688286	0.00466687867705518
mrentabilidad_rank_delta2	0.00180890745169412	0.00188256374567752	0.00279853712831929
Master_Fvencimiento_lag1	0.00179699151118829	0.00245108414530373	0.00438861504213707
Visa_mpagominimo_rank_lag1	0.00179679053659871	0.00185913535638255	0.0030768007632374
r_time_alta_visa_delta1	0.00179569494687069	0.00229962363890373	0.00464302750834791
mcuenta_corriente_rank_delta2	0.00179321506625498	0.0035099848758922	0.00217045635236127
mactivos_margen_rank_delta2	0.00178449427933555	0.00440520154452515	0.00326761011289553
Master_mfinanciacion_limite_rank_delta1	0.00178374574525546	0.00296228448046694	0.00559707425663858
Visa_mpagominimo_rank_lag2	0.00177538395232334	0.00198665049183237	0.0033630147877246
Visa_mconsumospesos_rank_delta2	0.00176219626558895	0.00223034072218781	0.00518365399904595
Visa_mpagospesos_rank_delta1	0.00175500669371334	0.00235846859029365	0.00541421529654953
Master_Fvencimiento	0.00175245951438477	0.00253775637792322	0.00445221815868978
Visa_mconsumospesos_rank_delta1	0.00174212402414421	0.00252936212490851	0.00524725711559866
thomebanking_lag1	0.00173904303063317	0.00194768339904491	0.0052234059468914
vm_fechaalta_lag2	0.00172694819606545	0.00262562580534105	0.00380028621402449
Visa_mfinanciacion_limite_rank_delta1	0.00172143958822427	0.00288695437795134	0.00505644776594053
Visa_mpagospesos_rank_lag2	0.00172056227808284	0.00254759181256118	0.00507234854507871
mactivos_margen_rank_delta1	0.00170661185050313	0.00312344275639462	0.00320400699634282
mcomisiones_otras_rank	0.00166621528589972	0.00194227057899002	0.00265543011607569
Visa_mpagospesos_rank_lag1	0.00165348473482485	0.00197197858687354	0.00473843218317698
mcuenta_corriente_rank_lag1	0.00165088492360343	0.00258138687632147	0.00184449038002862
Visa_mfinanciacion_limite_rank_lag2	0.00164864139876418	0.0020620039482506	0.00384003816186993
Visa_mconsumototal_rank_delta2	0.00164534303759939	0.00201219966131733	0.00481793607886787
Visa_fechaalta	0.00163672210484078	0.00242270853902329	0.00360152647479727
m_anclaje_pesado_rank_lag2	0.00163660706811099	0.00156654967465225	0.000516775321990778
Visa_mfinanciacion_limite_rank	0.00163224905105061	0.00257052657410356	0.00397519478454444
Master_mfinanciacion_limite_rank_lag1	0.00163053921961914	0.00234973373904628	0.00419780569247893
Visa_mlimitecompra_rank_delta1	0.00162582571869829	0.002300694353882	0.00478613452059151
e_y_ratio	0.00162224338305065	0.00221662202520241	0.00395929400540627
Master_mlimitecompra_rank_lag1	0.00162220275592537	0.00206699307934555	0.0044363173795516
Visa_mpagospesos_rank	0.0016164106148007	0.00187869498733277	0.00421370647161711
vm_fechaalta_lag1	0.00159690305935559	0.00211891064863692	0.00341866751470822
Visa_mlimitecompra_rank_lag2	0.00159627840734501	0.00312751112914927	0.00395929400540627
Visa_msaldopesos_rank	0.00159619271991738	0.00174325243109044	0.00287009063444109
Visa_Fvencimiento_lag1	0.00158933956582901	0.00209784592011939	0.00333121322944824
Visa_mlimitecompra_rank_lag1	0.00158140928887463	0.00234060076521658	0.00376053426617904
Master_mlimitecompra_rank	0.00158068158277327	0.00207408000547368	0.00438861504213707
Visa_cconsumos_lag1	0.00157847217486109	0.00183145581931598	0.00321195738591191
Master_mlimitecompra_rank_lag2	0.00157401047602977	0.00205335857932491	0.00413420257592622
Visa_mfinanciacion_limite_rank_lag1	0.00155273400262234	0.00295099569559329	0.00378438543488631
cliente_edad_lag2	0.00153124965884912	0.00262305073028712	0.00269518206392113
Master_mfinanciacion_limite_rank_lag2	0.00152759200587717	0.00241961967811135	0.004293210367308
vm_Fvencimiento_lag1	0.00152106148002607	0.00263341322563302	0.00352997296867547
Visa_Fvencimiento	0.00151016441842985	0.00291374732712464	0.00371283192876451
Visa_cconsumos_lag2	0.00151000966101763	0.001694996507902	0.00335506439815551
vmr_msaldototal	0.00150878443003214	0.00159782288567356	0.00166163141993958
cliente_edad	0.0015016372424729	0.00275308144979677	0.00266338050564478
Visa_msaldototal_rank_delta2	0.00149437436807604	0.0021558847931225	0.00339481634600095
vm_Fvencimiento	0.00148282318311724	0.00239211111619513	0.0033630147877246
vm_status06	0.00146725062932314	0.000505956892360082	0.000540626490698044
mcuenta_debitos_automaticos_rank	0.00146583758103089	0.00199840279021573	0.000826840515185244
ccaja_seguridad_lag1	0.00145002351827095	0.00103098863781774	0.000166958180950867
Visa_Fvencimiento_lag2	0.00144535900835318	0.00256405655975088	0.00349022102083002
mcomisiones_mantenimiento_rank_lag2	0.00143794054034051	0.0019990795617311	0.00173318492606138
numero_de_cliente	0.00143791992907157	0.0038899161201296	0.00310860232151375
Visa_mpagominimo_rank_delta2	0.00143668213241466	0.00179345803640324	0.00299729686754651
rm_anclaje_pesado_lag1	0.00143304460711767	0.00218782998196337	0.000683733502941644
ctrx_quarter_normalizado_delta2	0.0014111550931513	0.00212086291198211	0.00184449038002862
vm_Fvencimiento_lag2	0.00141001681952356	0.00233984114880449	0.0034345682938464
cproductos_delta2	0.00140281379101483	0.00110027143161839	0.000190809349658133
e_y_ratio_lag1	0.00139884118187564	0.00202805388832598	0.00351407218953729
mcaja_ahorro_rank_delta1	0.00138812259406916	0.00283450569174788	0.00224996024805215
mcomisiones_rank	0.00138589575717423	0.00217253747777078	0.00253617427253935
contactos_delta2	0.00138066897241962	0.00194672269323959	0.000477023374145333
tcallcenter_delta1	0.00137556107116733	0.00204023528394148	0.000755287009063444
mcomisiones_rank_delta1	0.00135819252223862	0.00273170463939084	0.00239306726029575
vmr_Master_mlimitecompra	0.00134934745372115	0.00215277061166348	0.00325170933375735
rm_e_sp_delta2	0.00133940452168911	0.00207960787422788	0.00333121322944824
Visa_cconsumos_delta2	0.00133347786960315	0.00122952987444242	0.00248052154555573
m_e_sp_rank_delta2	0.00132815371464888	0.0029674062371458	0.00256797583081571
e_y_ratio_delta2	0.00131620818132878	0.00304622946891953	0.00313245349022102
vm_msaldopesos_rank	0.00130658557180626	0.000835048780116283	0.000969947527428844
Visa_cconsumos	0.00130381941952893	0.00193251589968907	0.00339481634600095
chomebanking_transacciones	0.0012961285359037	0.00234886214681681	0.00197964700270313
rm_e_sp_delta1	0.00128591628004863	0.00273750845294199	0.00325170933375735
rf_005_019	0.0012855397900993	0.000674500041047434	0.000373668309747178
rf_017_016	0.00127786817834607	0.00141744090624781	0.0007870885673398
Visa_msaldopesos_rank_delta2	0.00126542149991905	0.00180808593769289	0.00298139608840833
mprestamos_personales_rank_delta1	0.00125728385644588	0.00217984810970313	0.000620130386388933
mpasivos_margen_rank_delta2	0.00124616152827984	0.00231767768062552	0.00256002544124662
vm_mpagominimo_rank_lag1	0.00123656666191785	0.00115974202176843	0.00125616155191604
rm_e_sp_lag2	0.00123301768082795	0.00314433626393124	0.00268723167435204
rf_002_019	0.00123166547831421	0.00124645801222654	0.00159007791381778
mrentabilidad_rank_delta1	0.00122475554864099	0.00191733795253468	0.00256797583081571
Visa_msaldopesos_rank_delta1	0.00122193998063179	0.0025903290856412	0.00298139608840833
cliente_edad_lag1	0.00121513134030274	0.00276714013043846	0.00222610907934489
vmr_pagominimo_saldo	0.00121426393697572	0.00208798098581493	0.00245667037684847
m_inversiones_rank	0.00121195854410571	0.00153429461639796	0.000349817141039911
rf_004_016	0.00119845971203527	0.000378681687531047	0.000469072984576244
Visa_mpagominimo_rank_delta1	0.00119792442363436	0.00196234276664548	0.00298139608840833
ctrx_quarter_delta2	0.00119149312490998	0.0017347084672683	0.00160597869295596
vmr_Master_mlimitecompra_lag1	0.00118324700003736	0.00199353251819368	0.00308475115280649
vm_mfinanciacion_limite_rank_delta2	0.00118130628863338	0.00270678713151457	0.002862140244872
mcaja_ahorro_rank_delta2	0.00117937352792497	0.00226115939251464	0.00233741453331213
rm_e_sp	0.00117166667867876	0.00244290659192244	0.00260772777866115
vm_msaldototal_rank	0.00115493774120196	0.00106292116638508	0.000922245190014311
mcomisiones_mantenimiento_rank_lag1	0.00115425808329177	0.0032440235035751	0.00202734934011767
Visa_mconsumosdolares_rank_lag2	0.00113866043659907	0.00180848848522519	0.00297344569883924
mcaja_ahorro_dolares_rank_delta2	0.00113180407020946	0.00219437300799062	0.000977897916997933
Visa_msaldopesos_rank_lag2	0.00113088413115483	0.00143263667611737	0.00252822388297027
Visa_msaldopesos_rank_lag1	0.00113074563869919	0.00141105189306269	0.00242486881857211
mcomisiones_rank_lag1	0.00112444176451947	0.00177311322266331	0.00217840674193035
vm_mpagominimo_rank_lag2	0.00111285477962478	0.000856871035486199	0.00130386388933058
e_y_ratio_lag2	0.00110309406146472	0.00152898885554937	0.00294959453013198
vmr_pagominimo_saldo_lag2	0.00109855895334581	0.00278967467983881	0.00258387660995389
foto_mes	0.0010963968101183	0.00112861458826569	0.00128001272062331
mactivos_margen_rank_lag1	0.0010729680085961	0.00205348038836446	0.00166163141993958
cliente_antiguedad	0.00106966636283731	0.0021266739775346	0.00219430752106853
mprestamos_personales_rank_delta2	0.00106750923489124	0.00200499510526907	0.000699634282079822
rm_e_sp_lag1	0.00105812464969686	0.00288266070149387	0.00248052154555573
mtarjeta_visa_consumo_rank_delta2	0.00105375604395783	0.00168110400871487	0.00140721895372873
Visa_msaldototal_rank_lag2	0.00104916439390022	0.00154023744712744	0.0025759262203848
Master_msaldopesos_rank	0.00104643171005665	0.00172447220591192	0.00189219271744315
chomebanking_transacciones_lag2	0.00104453251866978	0.00235502155426442	0.00192399427571951
m_deb_aut_rank_delta2	0.00104095468386674	0.0020245937003621	0.00169343297821593
mpasivos_margen_rank_delta1	0.0010384014549998	0.00260923382399536	0.00245667037684847
mcuentas_saldo_rank_lag2	0.00103027243324571	0.00167090277821244	0.00156622674511051
rm_deb_aut_lag1	0.00101899201042001	0.00187056942711367	0.00211480362537764
vmr_Master_mlimitecompra_lag2	0.00101732288735727	0.00181342894187042	0.00254412466210844
ccomisiones_otras_tend6	0.00101529499323701	0.00386557029120684	0.002146605183654
vm_mlimitecompra_rank_delta2	0.0010084673277111	0.00199956261876985	0.00269518206392113
Master_cconsumos	0.00100825002146678	0.0015314734649594	0.00218635713149944
mautoservicio_rank	0.00100138321659236	0.00142753458588283	0.000969947527428844
mrentabilidad_rank	0.000999705779384534	0.00223591308627229	0.00202734934011767
vmr_mpagominimo_lag1	0.000994784201642872	0.00129321535235734	0.00159802830338687
vmr_pagominimo_saldo_lag1	0.00099180403861827	0.00188913184642128	0.00216250596279218
mrentabilidad_rank_lag2	0.000991582822127527	0.00178502150053324	0.00213865479408491
rm_deb_aut	0.000989411094879844	0.00190121503273042	0.00213865479408491
cajas_ratio_01	0.000982259949441131	0.00142891271196897	0.000254412466210844
chomebanking_transacciones_delta2	0.00098076891772263	0.00287804154538281	0.0017172841469232
rf_007_025	0.000980619258276975	0.00101124893598667	0.00191604388615042
cliente_antiguedad_lag2	0.000967932340103449	0.00211241174919413	0.00209890284623947
seguros_ratio_01	0.000960352037699852	0.00193308745572729	0.00154237557640324
Master_mpagominimo_rank	0.000958454130464028	0.00145026776637087	0.00182858960089044
mpayroll_sobre_edad_rank_delta2	0.00095524287575116	0.00192238731211537	0.0005724280489744
Master_cconsumos_lag2	0.000941456173438099	0.00157799259528331	0.00224200985848307
rm_y_sp_lag1	0.000938403839548779	0.0014751137375559	0.00108125298139609
vmr_Visa_mlimitecompra_lag2	0.000937114951901487	0.00162854174879543	0.00224200985848307
Visa_msaldototal_rank_lag1	0.000932213552908536	0.00103968808946533	0.00205915089839402
e_y_ratio_delta1	0.000931636207114632	0.00158638992117994	0.00234536492288122
vm_mfinanciacion_limite_rank_delta1	0.000928545802580444	0.00241354778634098	0.0025759262203848
vmr_msaldopesos_delta2	0.000919519085240056	0.00130024954783163	0.00130386388933058
vmr_mpagominimo_lag2	0.000911402526055878	0.00150766440705146	0.00183653999045953
cpagomiscuentas_tend6	0.000905320058909953	0.00279040664031357	0.000818890125616155
Master_mpagospesos_rank_lag2	0.000897538078147802	0.00164224004184484	0.00188424232787407
ctarjeta_master_delta2	0.000893949764434673	0.00133681868647937	0.0002862140244872
mtransferencias_emitidas_rank_lag2	0.000891267907063851	0.00204379773741585	0.00174113531563047
Master_fultimo_cierre	0.000889328192111541	0.00160024751242839	0.00209095245667038
chomebanking_transacciones_lag1	0.00088851480318058	0.00134099325803338	0.00170138336778502
vmr_Visa_mlimitecompra	0.000884804040566752	0.00151568266223371	0.0022897121958976
m_y_sp_rank_delta2	0.000883690287205723	0.00160054250909328	0.00180473843218318
mcomisiones_mantenimiento_rank_delta1	0.000873496409847185	0.00211987491898528	0.00137541739545238
cajas_ratio_01_delta2	0.000868922667520395	0.00158540659896364	0.000310065193194467
ccaja_seguridad_lag2	0.000854677641368542	0.000616625997430831	0.000103355064398156
thomebanking_delta2	0.000853168621814334	0.0016909749658679	0.000850691683892511
Master_msaldototal_rank	0.000851434956174242	0.00162086396893057	0.00185244076959771
cliente_antiguedad_lag1	0.000850116582675151	0.00183678542572832	0.00195579583399587
rf_019_023	0.000849201392575384	0.000309197681421891	0.0001431070122436
Master_cconsumos_lag1	0.000843314500188758	0.00120060655768751	0.00212275401494673
Master_mpagospesos_rank	0.000842000132146978	0.00192088872905773	0.00183653999045953
vm_mlimitecompra_rank_delta1	0.000841438850527761	0.00179514443400419	0.00224200985848307
vmr_Visa_mlimitecompra_lag1	0.000836390881777151	0.0012515487942556	0.00201939895054858
ctarjeta_visa_debitos_automaticos_tend6	0.000834029934293349	0.00326277508949407	0.000795038956908889
Visa_cconsumos_delta1	0.000830731275477184	0.00161369468956682	0.00224996024805215
mcaja_ahorro_dolares_rank	0.00082659090265532	0.00250613089171792	0.00116870726665607
vm_status06_delta2	0.000825750645840781	0.000207742428433131	5.56527269836222e-05
ctarjeta_debito_transacciones_tend6	0.000824928710862211	0.00305201668890827	0.00138336778502147
rf_010_019	0.000824692888651766	0.00104870109798464	0.00116870726665607
rm_deb_aut_lag2	0.00080386824182634	0.00127481198541822	0.0020750516775322
chomebanking_transacciones_delta1	0.000795505831026387	0.00239664693574836	0.00139926856415964
c_e_sp_delta2	0.000793999438302794	0.00251511624429989	0.00116870726665607
Master_mconsumospesos_rank_lag2	0.000791732552999648	0.00125337617567931	0.00177293687390682
rf_018_021	0.000791151222362475	0.000927466810276156	0.00112895531881062
m_deb_aut_rank_lag2	0.00078144980452788	0.00118811934886274	0.00161392908252504
Visa_mconsumosdolares_rank_delta2	0.000781330569477927	0.00114490614783003	0.00194784544442678
mcaja_ahorro_dolares_rank_delta1	0.000777252000905115	0.00248156529027981	0.000946096358721577
rf_006_017	0.000771005056699414	0.000939473051621878	0.00184449038002862
mprestamos_personales_rank_lag2	0.000763164921167269	0.00122703997967548	0.0005724280489744
m_e_sp_rank_delta1	0.000762651653672475	0.00195371411419747	0.0019319446652886
m_deb_aut_rank	0.000761083518559312	0.00104963722073456	0.00122435999363969
m_deb_aut_rank_delta1	0.00076034797647877	0.00147710275256892	0.00141516934329782
Visa_fultimo_cierre	0.0007494021008742	0.000977771731132805	0.00148672284941962
ctransferencias_recibidas_tend6	0.000747027986894591	0.00256090169333516	0.00133566544760693
Master_mpagominimo_rank_lag2	0.00074473858826612	0.00137857017903755	0.00188424232787407
rf_015_015	0.000743829447314163	0.000803565138140685	0.00180473843218318
ccomisiones_otras_lag1	0.000742802034441468	0.00029346428013057	5.56527269836222e-05
ctrx_quarter_normalizado_delta1	0.000737790396373596	0.00148086666418235	0.00102560025441247
Visa_mpagosdolares_rank	0.000726822121700013	0.000593354079283538	0.00154237557640324
mtransferencias_recibidas_rank_delta2	0.00072572228515774	0.00124720902456924	0.00140721895372873
rm_ganchos_liviano	0.000722012033393141	0.000831810208396906	0.000174908570519955
ccaja_seguridad	0.000719023688824101	0.00209727227452146	0.000341866751470822
vm_mlimitecompra_rank_lag2	0.000718779787899937	0.00113484135328512	0.00159007791381778
Master_Fvencimiento_delta2	0.000714794358633046	0.00102847797036898	0.00142311973286691
Master_mpagospesos_rank_lag1	0.000712975243206231	0.00195954189622763	0.00170933375735411
mprestamos_personales_rank_lag1	0.000709687095372594	0.00161877379464456	0.000532676101128955
ctrx_quarter_delta1	0.000709053880859914	0.00111247777903513	0.000969947527428844
mrentabilidad_rank_lag1	0.000705228639848172	0.00113856630075573	0.00156622674511051
Visa_mconsumosdolares_rank_delta1	0.000704653043772558	0.00111436366813071	0.00187629193830498
Master_cconsumos_delta2	0.000703912343116077	0.00112952158009494	0.00162982986166322
mtransferencias_recibidas_rank	0.000703150803658547	0.00189720369266431	0.00131976466846876
Master_mconsumospesos_rank	0.000700584658025705	0.00119247792458648	0.00173318492606138
vmr_msaldopesos_lag2	0.000696485984253393	0.000949534896200147	0.00151057401812689
atm_ratio_c_lag2	0.00069242784038086	0.00105262615152627	0.00188424232787407
vm_mfinanciacion_limite_rank_lag2	0.000690319511914462	0.00117642113320128	0.00155032596597233
seguros_ratio_01_lag1	0.000687850944131945	0.00157293844200681	0.00131976466846876
vmr_msaldopesos	0.000686876907850395	0.00101525511361114	0.00142311973286691
vm_mfinanciacion_limite_rank	0.000685402928556704	0.00090858431958714	0.00166958180950867
mtransferencias_emitidas_rank	0.000685305993332999	0.00182033862416907	0.00133566544760693
atm_ratio_eme_lag1	0.00068375024103419	0.00131158258220502	0.00194784544442678
Master_mconsumospesos_rank_lag1	0.000683489429380984	0.00124328249604429	0.00162187947209413
atm_ratio_c	0.000681796863324776	0.0011483101635123	0.00174908570519955
seguros_ratio_01_lag2	0.000676497215351263	0.00156232298702077	0.00137541739545238
vmr_msaldototal_lag2	0.000674066120989628	0.00110251033338962	0.00141516934329782
mcaja_ahorro_dolares_rank_lag2	0.000673993550253657	0.00178359764996404	0.00127206233105422
mtarjeta_visa_consumo_rank_lag1	0.000669908124230168	0.000649655667761003	0.000842741294323422
Master_mpagominimo_rank_lag1	0.00066380536698354	0.00203374142402504	0.00172523453649229
Master_fultimo_cierre_lag2	0.000661100342107367	0.00124796360145497	0.00159802830338687
vm_mpagominimo_rank	0.000655642076702282	0.00117873378413873	0.00116870726665607
mcuenta_corriente_rank_delta1	0.000654010426637634	0.00199119663626887	0.00128001272062331
rf_003_013	0.000651345831554816	0.000932642772592195	0.00177293687390682
vmr_mpagominimo_delta2	0.000651077630794367	0.00161855316172227	0.00131181427889967
internet_lag1	0.000650852924618488	0.000786998494186328	0.000230561297503578
mcaja_ahorro_rank_lag2	0.000642747338206276	0.00157192758676846	0.00123231038320878
Master_msaldototal_rank_lag2	0.000640649486756087	0.00143164536440806	0.00152647479726507
Master_msaldopesos_rank_lag1	0.000639730122342535	0.00126892483530924	0.00149467323898871
rf_014_021	0.000637130814487386	0.000592560661170263	0.000302114803625378
rf_020_028	0.000636437629864017	0.000702448762570717	0.000938145969152488
vm_msaldopesos_rank_delta2	0.000633602828928102	0.00163395923963084	0.00149467323898871
rf_003_017	0.00063310696620363	0.000651466947283424	0.0006439815550962
vm_fultimo_cierre_lag2	0.000630230516835423	0.00140746719192318	0.00132771505803784
mactivos_margen_rank_lag2	0.000629371003681548	0.0013112090426781	0.00136746700588329
rm_y_sp_delta2	0.00062930184630717	0.00236155855744309	0.00139131817459056
c_e_y_ratio_lag2	0.00062329690501838	0.00137382601808974	0.0016457306408014
c_e_sp_delta1	0.000621619787949154	0.00223617858327069	0.000802989346477978
cprestamos_personales_tend6	0.000618248830503117	0.00523596058147283	0.00101764986484338
vmr_msaldopesos2_lag2	0.000615442888211704	0.0008873322681874	0.00159802830338687
c_e_y_ratio_delta2	0.000612247483697057	0.00169392198255014	0.00149467323898871
rm_y_sp_lag2	0.000610821773842981	0.00124745276556361	0.00124821116234696
Master_cconsumos_delta1	0.000609756568977418	0.000691405070759475	0.00155032596597233
mcaja_ahorro_dolares_rank_lag1	0.000607931682663354	0.00181428996338607	0.0011448560979488
vmr_mpagospesos	0.000605336868381063	0.00079828617282249	0.00124821116234696
Master_msaldototal_rank_lag1	0.000604977266634121	0.00102293203306906	0.00155032596597233
ctarjeta_master_tend6	0.000604808541049781	1.37904795071939e-05	7.95038956908889e-06
ccajas_transacciones_delta2	0.000604361867620069	0.000673080738343485	0.000262362855779933
ccallcenter_transacciones_delta2	0.000601825354562416	0.000889968555049295	0.000198759739227222
vmr_msaldopesos2_delta2	0.000598089199202599	0.00130090284252908	0.00155032596597233
rf_010_021	0.000595424568807314	0.00178790816581446	0.00131976466846876
internet_tend6	0.000594680572921079	0.00355062693515984	0.000866592463030688
c_e_y_ratio_lag1	0.000591050183545707	0.00163919100548266	0.00136746700588329
vm_msaldototal_rank_lag1	0.000590933553173042	0.000758509682935743	0.000834790904754333
Master_mpagospesos_rank_delta1	0.00058780369499426	0.00148288702259101	0.00152647479726507
vm_fultimo_cierre	0.000586055528865406	0.00104859502210056	0.00159007791381778
vmr_msaldototal_lag1	0.00058307806105302	0.000667572413118338	0.00113690570837971
vm_mfinanciacion_limite_rank_lag1	0.000582872548817921	0.000842853285631763	0.00142311973286691
rm_pagos_lag2	0.000579670236090841	0.00141551076765249	0.0012164096040706
vm_fultimo_cierre_lag1	0.000571953850993264	0.00132942619297252	0.00145492129114327
ccaja_ahorro_tend6	0.000571842521042702	0.00314238719638326	0.000508824932421689
Master_mconsumototal_rank_delta2	0.000571828397825697	0.00116820019072719	0.00127206233105422
Visa_fultimo_cierre_lag2	0.000571309428059019	0.00106869117823504	0.0012879631101924
vmr_mconsumospesos_lag2	0.000570612732410733	0.000835348078815869	0.00137541739545238
mtransferencias_recibidas_rank_lag2	0.00057019158185358	0.00127430950776569	0.00144697090157418
Visa_mpagado_rank_delta1	0.000568464985202263	0.0005558557011414	0.000469072984576244
vmr_pagominimo_saldo_delta2	0.000566856762731307	0.00151574055532919	0.00148672284941962
vm_mpagominimo_rank_delta2	0.000566812148618602	0.00112416099903279	0.00131181427889967
cplazo_fijo_tend6	0.000566577761204107	0.00181511226658945	0.000302114803625378
vmr_msaldopesos2	0.00056605633994997	0.0012715725532919	0.00139926856415964
vm_mconsumototal_rank_delta2	0.000564112727235574	0.00115835184998514	0.00122435999363969
Master_mconsumospesos_rank_delta1	0.000563780387956299	0.00123570083592608	0.00131976466846876
vmr_pagominimo_saldo_delta1	0.000559634213916289	0.00127594010183087	0.0013595166163142
Master_msaldototal_rank_delta2	0.000558861114280825	0.00112146878571985	0.00130386388933058
mcuenta_debitos_automaticos_rank_lag1	0.000558700246408182	0.000988910190622643	0.000651931944665289
Master_msaldopesos_rank_lag2	0.000555854353109766	0.000908940773890548	0.001431070122436
Master_fultimo_cierre_lag1	0.000554274283718022	0.000839591974586134	0.00134361583717602
vmr_mconsumospesos	0.000553771571160831	0.00129015771192577	0.00127206233105422
vmr_msaldopesos_lag1	0.000553222876755701	0.000943575717738827	0.00119255843536333
Visa_fultimo_cierre_delta2	0.000552798160033572	0.000689630788735442	0.0011448560979488
vm_mlimitecompra_rank_lag1	0.000550627027366501	0.000971625967280943	0.00142311973286691
ctrx_quarter_normalizado_lag2	0.00054897774938209	0.00161996017289852	0.00104150103355064
mtarjeta_master_consumo_rank	0.000545524203515022	0.000955525786802942	0.000421370647161711
rf_009_020	0.000538149609423131	0.000668138806714925	0.000866592463030688
cproductos	0.000531330954454912	0.000772220882089248	0.000151057401812689
Master_mpagominimo_rank_delta2	0.000531007583015134	0.00153344232186699	0.0012879631101924
c_e_y_ratio_delta1	0.000526042538932495	0.00183955052780055	0.00136746700588329
cproductos_delta1	0.000524574946234723	0.000486892732891605	8.74542852599777e-05
vmr_msaldopesos2_lag1	0.000523907709715789	0.00082999745389116	0.0013595166163142
vmr_mpagospesos_delta2	0.000522218816599705	0.0017600336851185	0.00138336778502147
rf_001_015	0.000509026865698402	0.000629558159558474	0.00112895531881062
mtransferencias_emitidas_rank_delta2	0.000505172750805955	0.0017187105523008	0.000938145969152488
rf_008_015	0.00050453269034242	0.000732306604176943	0.000556527269836222
Master_mpagospesos_rank_delta2	0.000500293739133675	0.00157688525155248	0.00134361583717602
Master_msaldopesos_rank_delta2	0.000498983779301878	0.000833987037953235	0.00131976466846876
Master_msaldopesos_rank_delta1	0.000497934041929628	0.00110753584740657	0.00124026077277787
m_deb_aut_rank_lag1	0.000497071867406711	0.000789870655464858	0.00104945142311973
vm_mconsumospesos_rank_delta2	0.000496119348201422	0.000942114746755962	0.00106535220225791
ctrx_quarter_lag2	0.00049518024491536	0.00140497164305349	0.001073302591827
ccajas_transacciones_delta1	0.000494688364671646	0.00170032082895742	0.000477023374145333
rf_005_018	0.000491222084287722	0.000903611167478213	0.001073302591827
mcuenta_debitos_automaticos_rank_lag2	0.000491088332004637	0.000871019813025956	0.000683733502941644
vm_mpagospesos_rank_delta2	0.000484869567076673	0.00112703524987103	0.00133566544760693
m_y_sp_rank_lag2	0.000484364258950252	0.00138833714986621	0.000993798696136111
mttarjeta_visa_debitos_automaticos_rank	0.000481507608971858	0.000895733281542342	0.0012164096040706
mtransferencias_recibidas_rank_lag1	0.000481451774782297	0.00190262732926358	0.00126411194148513
ctarjeta_visa_transacciones	0.000477361646248415	0.000896028401122509	0.0006439815550962
vmr_msaldototal_delta2	0.000475024333317106	0.000886099059212886	0.00105740181268882
c_e_y_ratio	0.000474115651611617	0.000662930394765749	0.00102560025441247
ctransferencias_emitidas_tend6	0.000473536627679662	0.00174275622211704	0.000906344410876133
mautoservicio_rank_lag2	0.000468620990106796	0.00100033553436909	0.00108125298139609
rm_pagos	0.000468575927939535	0.00155056048666941	0.000977897916997933
ctrx_quarter_normalizado_lag1	0.000462390025118739	0.00128931697143083	0.000818890125616155
rf_018_019	0.000461007123510667	0.000940109015265268	0.0009301955795834
vmr_msaldopesos_delta1	0.00045716440372581	0.000674945854757248	0.000850691683892511
rf_017_019	0.000457085331044082	0.000837214793128233	0.000890443631737955
vm_mconsumospesos_rank_lag2	0.000456551945685197	0.00114631991934652	0.000954046748290666
m_y_sp_rank_delta1	0.000454520412590192	0.000843890690569957	0.00104945142311973
vm_fultimo_cierre_delta2	0.000453421091689105	0.000607718204388665	0.00104150103355064
mautoservicio_rank_delta2	0.000451928072378737	0.00125970852492171	0.000922245190014311
vm_msaldopesos_rank_delta1	0.000448811932426112	0.000872679660927067	0.001073302591827
vmr_msaldopesos2_delta1	0.000446729430930312	0.00203551029777689	0.00128001272062331
vmr_mpagospesos_lag1	0.000445991474371465	0.000683121441494103	0.00112100492924153
vm_mpagominimo_rank_delta1	0.000445078180963195	0.00129383337037029	0.00116870726665607
rf_008_021	0.000444494496566247	0.000719811528774445	0.000699634282079822
m_e_sp_rank_lag2	0.000441371904365353	0.00153493303834689	0.00104150103355064
mttarjeta_visa_debitos_automaticos_rank_lag1	0.000439689974003443	0.000646046137735528	0.000985848306567022
Master_fechaalta_delta2	0.000438974510867927	0.000597781118816589	0.00104150103355064
Master_mconsumosdolares_rank_delta2	0.000436746893613113	0.000555149552874821	0.00135156622674511
cpayroll_trx_tend6	0.00043404561220094	0.0017076527252327	0.000508824932421689
vmr_mpagospesos_lag2	0.000433786428818467	0.000713247115488993	0.0011448560979488
mttarjeta_visa_debitos_automaticos_rank_lag2	0.000433679143620463	0.000666490021188748	0.00105740181268882
Master_msaldototal_rank_delta1	0.000433286335634885	0.00143387062258355	0.0012164096040706
vmr_mconsumospesos_lag1	0.000430941387471713	0.000906622345935072	0.00110510415010336
ctarjeta_visa_transacciones_lag2	0.000429153219116202	0.000830778334646178	0.000874542852599777
Master_mconsumospesos_rank_delta2	0.000427579210320647	0.00103433181043788	0.00116075687708698
rf_001_018	0.000420472858653147	0.00123200870683443	0.000890443631737955
vmr_msaldototal_delta1	0.000418810971639663	0.000990025032185371	0.001073302591827
rf_010_015	0.00041730063738304	0.000681053514873229	0.00105740181268882
mtarjeta_visa_consumo_rank_delta1	0.000417031796400939	0.000902457484687942	0.00102560025441247
rm_deb_aut_delta2	0.000416953151085126	0.00109777342444316	0.00106535220225791
ccaja_ahorro	0.000416378987248108	0.00122407391112529	0.000206710128796311
vmr_mpagominimo_delta1	0.00041616821951523	0.00129487483151262	0.00112100492924153
vm_Finiciomora_lag1	0.000415861433220135	0.00141711579534004	0.000341866751470822
mtransferencias_recibidas_rank_delta1	0.000415501705005548	0.00118631827130831	0.00112100492924153
rf_005_020	0.00041092833165267	0.000604136699046354	0.000667832723803466
mtarjeta_visa_consumo_rank_lag2	0.000407738584086465	0.00045961992247675	0.000890443631737955
m_e_sp_rank_lag1	0.000406725787238224	0.000959427363526658	0.000779138177770711
c_e_sp_lag2	0.000404546540102935	0.00255089270232602	0.000946096358721577
rf_016_015	0.000400528894571755	0.000519295289478333	0.00103355064398156
m_pagos_rank	0.000395479943083803	0.000676700961998063	0.000707584671648911
Visa_mpagado_rank_delta2	0.000392217768653242	0.00156585323669255	0.000874542852599777
mtransferencias_emitidas_rank_delta1	0.000391019659043277	0.00114703135297001	0.000810939736047066
vm_msaldopesos_rank_lag2	0.000390661489876557	0.00104860030745747	0.0010017490857052
ctrx_quarter_lag1	0.000389986447665625	0.00174733235788114	0.000842741294323422
mautoservicio_rank_delta1	0.000389832256747906	0.00200593356340925	0.000842741294323422
cpayroll_trx_lag2	0.000384730626969335	0.000185182312655161	3.18015582763555e-05
ctarjeta_master_transacciones_tend6	0.000381507222819189	0.00198836700367619	0.000596279217681667
mautoservicio_rank_lag1	0.000381336754177827	0.000893018574733698	0.0008586420734616
vm_mpagospesos_rank_delta1	0.000378695656964529	0.00162350013287719	0.00108920337096518
rf_015_021	0.000378008741805486	0.000716278943712394	0.000866592463030688
rf_013_022	0.000373192714488271	0.000745178046157729	0.000620130386388933
ccomisiones_mantenimiento_delta2	0.000371951466250726	0.00122335436509352	0.000198759739227222
m_pagos_rank_lag2	0.000370749316963747	0.00127219819205202	0.0008586420734616
vm_msaldototal_rank_delta1	0.000370736991826312	0.000695324961859469	0.000961997137859755
Master_mpagominimo_rank_delta1	0.000367677076384009	0.00141923239641063	0.000993798696136111
mttarjeta_visa_debitos_automaticos_rank_delta2	0.000366629279291103	0.000796606535561776	0.000802989346477978
rm_pagos_lag1	0.000362348195359914	0.000913825672830563	0.000779138177770711
mpayroll_rank_delta2	0.000361309440333997	0.00142087503617295	0.000453172205438067
mpayroll_rank_lag1	0.000359128956726743	0.00173408086186375	0.000477023374145333
rm_deb_aut_delta1	0.000358192014486593	0.000985201713799153	0.000826840515185244
rm_anclaje_pesado_delta2	0.000344614421405032	0.0016487064916545	0.000453172205438067
vmr_mconsumospesos_delta2	0.000344554357608796	0.000877946457632836	0.000810939736047066
ccomisiones_otras_lag2	0.000343833286349065	0.000761208287843096	0.000159007791381778
m_inversiones_rank_lag1	0.000340152518889564	0.0005010980514588	0.000135156622674511
vm_msaldototal_rank_lag2	0.000338131335463948	0.000916796780907107	0.0007870885673398
mttarjeta_visa_debitos_automaticos_rank_delta1	0.000336402728004394	0.000948419808806865	0.000699634282079822
vmr_Master_mlimitecompra_delta2	0.000335363837330132	0.000786787448655655	0.000675783113372555
vm_mpagospesos_rank	0.000335049529511224	0.000558085261351579	0.000604229607250755
vm_mconsumospesos_rank_delta1	0.000334596380723092	0.00162237091022705	0.000961997137859755
mpagomiscuentas_rank	0.00033389135479237	0.000748634915409125	0.000580378438543489
ctarjeta_debito_tend6	0.000333741946582367	0.00266898294016317	0.000453172205438067
rf_020_027	0.00033350497372746	0.000654375245653402	0.0009301955795834
vmr_mconsumospesos_delta1	0.000332958153904257	0.00174481579049908	0.000842741294323422
m_ganchos_liviano_rank	0.000329473336430404	0.00142406923547732	0.000278263634918111
Visa_mpagado_rank_lag2	0.000328327799751872	0.000683587413309352	0.000834790904754333
seguros_ratio_01_delta2	0.000327848282705376	0.00170840988333925	0.000612179996819844
rf_020_019	0.000320990470810314	0.000405182835836663	0.000206710128796311
m_tax_rank_delta2	0.000319462269004166	0.00120078884104336	0.000524725711559866
vm_msaldopesos_rank_lag1	0.000318288572341058	0.000519875080840118	0.000842741294323422
m_ganchos_liviano_rank_lag1	0.00031117383530762	0.000495863089809784	0.000166958180950867
c_anclaje_pesado_delta2	0.000307809630691317	0.000876029348056886	0.000151057401812689
vm_mpagospesos_rank_lag2	0.000304296672381623	0.000533688791334672	0.000636031165527111
cprestamos_personales_delta2	0.000300753406350495	0.00152040150263444	0.000254412466210844
vm_mconsumospesos_rank	0.000299818772714107	0.000489535903009014	0.000596279217681667
vmr_mpagospesos_delta1	0.000298215713295224	0.000754166348706355	0.000834790904754333
rf_008_019	0.000294800396645876	0.000697574926005636	0.0006439815550962
mpayroll_sobre_edad_rank_lag2	0.000289982484363668	0.000914708573265521	0.000445221815868978
rf_016_027	0.00028954661302568	0.000350983590257643	0.000238511687072667
ctarjeta_visa_transacciones_lag1	0.00027185680664608	0.000672433097748776	0.000588328828112578
Visa_mpagado_rank_lag1	0.000269011892929657	0.000781458948480814	0.000628080775958022
rm_anclaje_pesado_delta1	0.000265303918966551	0.00211458612044492	0.000540626490698044
active_quarter_lag2	0.000262870965676096	0.000498213106991459	0.000588328828112578
Visa_msaldodolares_rank	0.000262421521239058	0.000885918373755641	0.000596279217681667
m_pagos_rank_lag1	0.000259754480725562	0.00065403931820126	0.000532676101128955
vm_mpagospesos_rank_lag1	0.000259314425551963	0.000312244013647982	0.0005724280489744
thomebanking_delta1	0.000255972268789832	0.00074862102598282	0.0005008745428526
c_anclaje_pesado_lag2	0.000255414180276823	0.00290583711447091	0.0005724280489744
mextraccion_autoservicio_rank_lag1	0.000254755173558043	0.00184202198527594	0.000707584671648911
cextraccion_autoservicio_tend6	0.000252208539776372	0.00150211822392098	0.000548576880267133
mpagomiscuentas_rank_delta2	0.000251782343755548	0.00113329630825276	0.000413420257592622
mpayroll_rank_delta1	0.000251657051478097	0.000950448033793256	0.000365717920178089
rf_007_023	0.000245025413226965	0.000642142840197933	0.0005724280489744
vm_mconsumospesos_rank_lag1	0.000244158109099303	0.000448051628263112	0.000524725711559866
cmobile_app_trx_lag2	0.000243715520229931	0.00228611672494066	0.000381618699316266
mcuenta_debitos_automaticos_rank_delta2	0.000234164645092879	0.000661774622415768	0.000397519478454444
cprestamos_personales	0.00023073479954254	0.00103447217968426	0.000190809349658133
matm_rank_lag2	0.000224206520498673	0.000787363675474406	0.000556527269836222
mpayroll_rank_lag2	0.000221600743692224	0.00083266090502928	0.000278263634918111
vmr_mconsumosdolares_lag2	0.000216798879530642	0.000731274361680384	0.000445221815868978
ctarjeta_visa	0.000215449274970674	0.000155880539762252	7.15535061218e-05
mextraccion_autoservicio_rank_lag2	0.000214911412230388	0.000659727591391989	0.000580378438543489
m_pagos_rank_delta2	0.000212513009466526	0.000875049344553068	0.000389569088885355
cseguro_vida_lag2	0.00021210742454675	0.00139542088019714	0.000238511687072667
vm_status04_delta1	0.000207049569405483	0.00143125510840347	0.000254412466210844
ccomisiones_mantenimiento_delta1	0.000206492587553889	0.00113132659093824	0.000182858960089044
c_ganchos_liviano_delta2	0.000205849097352222	0.000932015904679305	0.000151057401812689
Visa_msaldodolares_rank_delta1	0.000204786872831905	0.000619146252271203	0.000389569088885355
atm_ratio_eme_delta2	0.00020144072676826	0.00086626483553377	0.000453172205438067
vm_mconsumosdolares_rank_lag2	0.000200901321097024	0.00107089898244118	0.000453172205438067
mextraccion_autoservicio_rank_delta1	0.000199364084104491	0.00155356355271798	0.0005724280489744
ccallcenter_transacciones_delta1	0.000195191889362885	0.000169210824472218	3.18015582763555e-05
vmr_mpagado_lag2	0.000192476635335076	0.000567046399623979	0.000381618699316266
rf_015_017	0.000190260725494185	0.000697066671335087	0.000405469868023533
rm_pagos_delta2	0.000187663498146879	0.00055816859790941	0.000381618699316266
Visa_mpagado_rank	0.000185713797669936	0.000267501869484208	0.000373668309747178
vm_cconsumos_lag2	0.00018298617805391	0.000527910667076428	0.000357767530609
mextraccion_autoservicio_rank_delta2	0.000176487519876499	0.000879734751998451	0.000397519478454444
mpayroll_sobre_edad_rank_delta1	0.000175068368693331	0.000601295143671807	0.000270313245349022
Visa_msaldodolares_rank_delta2	0.000174370158098314	0.000455515166800091	0.000413420257592622
mtarjeta_master_consumo_rank_lag1	0.00017406675860478	0.000714524082302133	0.000310065193194467
rf_003_015	0.000173815050146867	0.000917000574436435	0.000373668309747178
ccuenta_debitos_automaticos_tend6	0.000170898087563189	0.00164177849497957	0.000325965972332644
atm_ratio_c_delta2	0.000170806202974328	0.000614482109168748	0.000365717920178089
matm_rank_delta2	0.000169196011115867	0.00142902063158221	0.000421370647161711
vm_fechaalta_delta2	0.000168110991759681	0.000237516195989864	0.000389569088885355
vmr_mconsumosdolares_lag1	0.000167142450683101	0.000654824132245143	0.000341866751470822
ctarjeta_debito_transacciones_delta2	0.000164292423699946	0.00133367451369276	0.000357767530609
vmr_Master_mlimitecompra_delta1	0.000164187685286729	0.000447785393773049	0.000492924153283511
rf_006_022	0.000161758068731656	0.000583957575099872	0.000349817141039911
vmr_Visa_mlimitecompra_delta2	0.000159193370185448	0.000705277534756452	0.000389569088885355
mtarjeta_master_consumo_rank_lag2	0.000154460850953971	0.000514178203579996	0.000325965972332644
vm_mpagado_rank_lag2	0.000152381625056307	0.000894248342080455	0.000341866751470822
vmr_Visa_mlimitecompra_delta1	0.000151151310570772	0.000382261840805311	0.000302114803625378
rf_007_021	0.000150069500533825	0.000435023223473549	0.000230561297503578
atm_ratio_eme_delta1	0.000149458315452797	0.000480956047925983	0.000310065193194467
mextraccion_autoservicio_rank	0.000149120290316315	0.000391879223741813	0.000437271426299889
Visa_msaldodolares_rank_lag2	0.000147612956085369	0.000369937740553171	0.000405469868023533
mpayroll_sobre_edad_rank_lag1	0.000146861096963973	0.000987491871240911	0.000333916361901733
rf_013_016	0.000146392244776057	0.000503933952730603	0.000246462076641756
rf_011_024	0.000146332241790871	0.000526940496794773	0.000373668309747178
seguros_ratio_01_delta1	0.000144456906261282	0.000646563979797686	0.000310065193194467
rf_013_017	0.000142228867059951	0.000480902702695749	0.000254412466210844
c_ganchos_liviano	0.000139627278773682	0.000882465929454219	0.0001431070122436
vm_mconsumosdolares_rank_lag1	0.000137058151287961	0.000795658981691096	0.000310065193194467
ctarjeta_visa_transacciones_delta2	0.000137029586650312	0.000150480379980897	7.95038956908889e-05
Master_mpagado_rank_delta2	0.00013415778669386	0.000564661105757794	0.000349817141039911
vmr_mpagado_delta2	0.00013155498136601	0.00120384217944024	0.000318015582763555
rf_004_021	0.000130536766395017	0.000398691680056326	0.000302114803625378
cdescubierto_preacordado_delta1	0.000129123168182648	0.000416542911570999	9.54046748290666e-05
rm_ganchos_liviano_lag1	0.000128254092901731	0.00139526944857583	0.000349817141039911
contactos_delta1	0.000128154933431116	0.000666503296038668	0.0001431070122436
vmr_mconsumosdolares	0.000127448762373621	0.000479615288084061	0.000278263634918111
vm_Fvencimiento_delta2	0.000127101018937191	0.000226281985499213	0.000357767530609
vm_cconsumos	0.000123062823608831	0.00083670506347436	0.000318015582763555
vm_mpagado_rank_delta2	0.000122479770322181	0.000826236492244375	0.000270313245349022
rf_003_020	0.000121046764275933	0.000620358073987513	0.000230561297503578
c_p_sp_lag2	0.000120839639248372	0.00127446167687866	0.0002146605183654
mv_status07_rank_delta2	0.000120293432148835	0.00131158196762864	0.000357767530609
vm_status05_delta1	0.000120107056675728	0.000811452734383443	0.000166958180950867
vm_cconsumos_lag1	0.000119837253630176	0.00045306583407457	0.000182858960089044
vmr_mconsumosdolares_delta1	0.000118814594052501	0.00214286609863982	0.000413420257592622
vm_cconsumos_delta2	0.000118136161448986	0.000205819664754438	8.74542852599777e-05
atm_ratio_c_delta1	0.000115397959423727	0.000534090970121138	0.000302114803625378
mv_status07_rank_lag2	0.000114831110067541	0.000563746247350806	0.000254412466210844
ctarjeta_debito_transacciones	0.000110046012737035	0.000384206237572763	0.000238511687072667
rf_020_017	0.000109277285202517	0.000439957042693824	0.000262362855779933
cajas_visitas_delta1	0.000108439585852298	0.0011679126918942	0.000190809349658133
cproductos_lag1	0.000106322753839107	0.000300157508626356	7.15535061218e-05
cajas_ratio_03_delta1	0.000105784995528735	0.00244244074302247	0.000413420257592622
mpagomiscuentas_rank_delta1	0.000104723435266344	0.000663064864078828	0.000254412466210844
rm_p_sp_lag2	0.000104325354515131	0.000645210559682228	0.000135156622674511
matm_rank	0.000103733709224879	0.000249561278563129	0.0002862140244872
vm_Finiciomora_lag2	0.000101836226522568	0.00109252285255396	0.000230561297503578
ccomisiones_mantenimiento	0.000101392915030394	0.00110974672449464	0.000190809349658133
mcuenta_debitos_automaticos_rank_delta1	0.000100808357476804	0.000519855783141623	0.0002862140244872
mtarjeta_master_consumo_rank_delta1	9.80286805940541e-05	0.000743721623040115	0.0002146605183654
vmr_msaldodolares2_delta2	9.68796804902549e-05	0.00147023326356586	0.000325965972332644
rf_004_025	9.62591538902474e-05	0.000238963523376977	0.000206710128796311
ctarjeta_debito_transacciones_delta1	9.50642209994183e-05	0.00112982038713342	0.000230561297503578
matm_rank_delta1	9.4761716160758e-05	0.000480096009732554	0.000254412466210844
rm_pagos_delta1	9.29730383455216e-05	0.000447649941137754	0.000206710128796311
rf_016_021	9.23318790339938e-05	0.000227735212819625	0.000135156622674511
rf_017_020	9.13139391098323e-05	0.000481162914337237	0.000174908570519955
ccaja_ahorro_lag1	9.02099322808021e-05	0.000245940563247442	3.97519478454444e-05
m_tax_rank_delta1	8.52735663247458e-05	0.000328481367575157	0.000159007791381778
vm_mpagosdolares_rank_delta1	8.33850572806855e-05	0.00175414850165396	0.000302114803625378
rf_020_020	8.18942687554525e-05	0.000863785511480652	0.000238511687072667
ctarjeta_debito_lag2	8.15750368076617e-05	0.000791893963840168	0.000151057401812689
vmr_mconsumosdolares_delta2	8.15045510532522e-05	0.000461396908636877	0.000174908570519955
Master_msaldodolares_rank_delta1	8.1176667250295e-05	9.98503482164847e-05	0.000206710128796311
rf_004_020	8.00144299777152e-05	0.000496466112158928	0.000151057401812689
rf_014_017	8.00016263162143e-05	0.000565546095752463	0.000254412466210844
ctransferencias_recibidas_delta2	7.94567559873666e-05	0.00129016164521463	0.000230561297503578
rf_015_025	7.79772522937711e-05	0.00028305065202942	0.000222610907934489
ctarjeta_debito_lag1	7.68565263237175e-05	0.000968427588857157	0.000174908570519955
cajas_ratio_04_delta1	7.639702569037e-05	0.00082019705010715	0.000166958180950867
mtarjeta_master_consumo_rank_delta2	7.61801015813183e-05	0.000626406366024685	0.000222610907934489
ccajas_consultas_delta2	7.56352741715928e-05	0.000338054378096649	5.56527269836222e-05
c_anclaje_pesado	7.53084771097839e-05	0.00127992833382489	0.000230561297503578
vm_msaldodolares_rank_delta2	7.27246484061554e-05	0.000766686130079538	0.000190809349658133
contactos	7.16906331881675e-05	0.00122570671766545	0.000206710128796311
cprestamos_personales_delta1	7.03199936366826e-05	0.000541069239144373	8.74542852599777e-05
mtarjeta_visa_descuentos_rank_delta1	7.00647286866161e-05	0.000854828060666563	0.000166958180950867
hb_cajas_lag1	6.95892200054366e-05	0.00155194992096104	0.0002862140244872
mv_status07_rank_delta1	6.95124517607894e-05	0.00159118976274824	0.000310065193194467
rf_001_009	6.90669714947465e-05	0.000741982248954761	0.000238511687072667
ccallcenter_transacciones	6.85440628384586e-05	0.000479541416002562	8.74542852599777e-05
matm_other_rank_delta2	6.72927300559502e-05	0.000779606492340585	0.0002146605183654
mv_status07_rank_lag1	6.42522849322756e-05	0.0006179424200479	0.000198759739227222
vm_mconsumosdolares_rank_delta2	6.41669419178613e-05	0.000533483891567851	0.000166958180950867
vm_mpagado_rank_delta1	6.25559226250539e-05	0.000760637223465981	0.000174908570519955
rf_020_025	6.13897621463023e-05	0.000234995449488384	9.54046748290666e-05
matm_other_rank_delta1	6.1069938747655e-05	0.00101846615230847	0.0002146605183654
matm_other_rank_lag2	5.99653268254031e-05	0.000192857142553367	0.000135156622674511
Master_msaldodolares_rank_lag2	5.86422434797623e-05	7.82837566228063e-05	0.000198759739227222
ctarjeta_visa_delta2	5.8227158999338e-05	0.000284354783118785	6.36031165527111e-05
rf_012_013	5.76399804968927e-05	0.000212089081374999	0.000111305453967244
vm_mconsumosdolares_rank_delta1	5.65033078696503e-05	0.000477126499554611	0.000166958180950867
cpagomiscuentas_delta2	5.6066018938404e-05	0.00109845388341684	0.000190809349658133
vmr_msaldodolares2_lag1	5.58648254421835e-05	7.60925459790633e-05	9.54046748290666e-05
vmr_mpagosdolares_delta1	5.4586394455549e-05	0.000632808162398616	0.000111305453967244
vmr_mpagosdolares	5.42431310590228e-05	0.00158026849455293	0.000270313245349022
ccajeros_propios_descuentos_tend6	5.38606558832333e-05	0.000851654142382907	0.0001431070122436
ccomisiones_mantenimiento_lag2	5.33132248945228e-05	0.00132212994212759	0.000222610907934489
matm_other_rank_lag1	5.32247767065198e-05	0.000221730432790524	0.000119255843536333
ctarjeta_debito_delta2	5.31406235017751e-05	0.000964925363868534	0.000159007791381778
ctransferencias_emitidas_delta1	5.22114261366177e-05	0.0010538737415882	0.000174908570519955
rf_011_018	5.19160112230449e-05	0.000681596554567179	0.000119255843536333
ccomisiones_otras_delta1	5.09761684064779e-05	0.00112076497284353	0.000190809349658133
vmr_mpagado_lag1	5.06985235789595e-05	0.000361108244542478	0.000119255843536333
rf_005_024	4.78876396803269e-05	4.60492252197883e-05	1.59007791381778e-05
vmr_mpagado	4.62283288295213e-05	0.000146651937847018	6.36031165527111e-05
mcheques_emitidos_rank_delta2	4.54998170541232e-05	0.0012541282942595	0.000206710128796311
rf_006_009	4.36262257552441e-05	0.000251480108952957	0.000103355064398156
rf_013_024	4.30851277818139e-05	0.000162343056283039	7.95038956908889e-05
vmr_msaldodolares_lag1	4.23969977694004e-05	0.000586118056924356	0.000151057401812689
ccomisiones_mantenimiento_lag1	4.22967310337246e-05	0.000928344794100033	0.000151057401812689
contactos_lag2	4.18495634002809e-05	0.000609976158027839	0.000151057401812689
ctransferencias_recibidas_lag2	4.14247176944195e-05	0.000624982638370763	0.0001431070122436
mttarjeta_master_debitos_automaticos_rank	3.93249341706777e-05	0.00059628794403114	0.000119255843536333
c_y_sp_lag2	3.86758769182049e-05	0.000509204068148852	0.000111305453967244
vmr_mpagosdolares_lag2	3.78954558227412e-05	0.000194582504297138	9.54046748290666e-05
rf_015_027	3.54788605430023e-05	0.000196262387388406	8.74542852599777e-05
vmr_msaldodolares2_delta1	3.49771210344428e-05	6.51511196783158e-05	5.56527269836222e-05
c_y_sp_delta1	3.46051379240018e-05	0.000566072296053459	0.000103355064398156
ctarjeta_visa_transacciones_delta1	3.40206996656506e-05	0.000514546580665276	0.000111305453967244
visitas_lag2	3.31230755022057e-05	0.000261788521576963	7.95038956908889e-05
c_deb_aut_lag2	3.27367053104414e-05	0.00067666248951635	0.000135156622674511
c_ganchos_liviano_lag2	3.25791175216175e-05	0.00087663532037268	0.0001431070122436
cpayroll_trx	3.19718575784232e-05	0.000687133887797707	0.000111305453967244
visitas_delta2	3.09636988678764e-05	0.000222910173619528	7.95038956908889e-05
c_deb_aut_lag1	2.84922918247074e-05	0.000439028294860531	7.95038956908889e-05
ctarjeta_debito_delta1	2.83681893418349e-05	0.000931237482229828	0.000151057401812689
ctarjeta_visa_tend6	2.67696674816862e-05	9.85567878409447e-05	2.38511687072667e-05
ccomisiones_otras_delta2	2.49257810445052e-05	0.000404184149210735	8.74542852599777e-05
ccaja_ahorro_lag2	2.44932164160133e-05	0.000266702305607081	5.56527269836222e-05
estado_delta2	2.40983931492082e-05	0.000177064864844344	5.56527269836222e-05
visitas_delta1	2.38344249738304e-05	0.000142491624465138	6.36031165527111e-05
c_y_sp	2.33520975850261e-05	6.78983990353753e-06	1.59007791381778e-05
ctarjeta_master_transacciones_delta2	2.30623488406821e-05	0.000601587313285324	0.000103355064398156
ctransferencias_recibidas	2.29405176908757e-05	0.000270840494239094	4.77023374145333e-05
ctarjeta_visa_delta1	2.27681560657134e-05	0.000233780554890148	4.77023374145333e-05
cforex_tend6	2.26025807324677e-05	0.000396482400866858	7.95038956908889e-05
cinversion2_lag2	2.19342759137236e-05	0.000390168243085455	6.36031165527111e-05
vm_status03_delta2	2.16026464364347e-05	0.000111402909274661	2.38511687072667e-05
ctarjeta_debito	2.13067057485243e-05	0.000401011705910404	7.15535061218e-05
cliente_edad_delta2	2.06637750045569e-05	0.000885386027690793	0.0001431070122436
ccomisiones_otras	2.05658971315264e-05	0.000220896944296934	3.97519478454444e-05
vm_cconsumos_delta1	2.01323344976241e-05	0.000103104653091323	3.18015582763555e-05
vmr_mpagado_delta1	2.01204865260559e-05	9.98800937135277e-05	5.56527269836222e-05
vmr_mpagosdolares_lag1	2.00561566172733e-05	0.000327652304031541	7.95038956908889e-05
contactos_lag1	1.82654042947975e-05	0.00019352371210074	3.97519478454444e-05
catm_trx_lag2	1.80223464243973e-05	0.000120166399781586	3.18015582763555e-05
cextraccion_autoservicio_lag1	1.79741909278639e-05	0.000192279809497123	3.97519478454444e-05
ctarjeta_visa_debitos_automaticos_lag1	1.77304662114122e-05	0.000111686351903509	3.18015582763555e-05
cextraccion_autoservicio_lag2	1.75001358225802e-05	0.000238209069406523	3.97519478454444e-05
ctarjeta_master_debitos_automaticos_tend6	1.70947787182289e-05	0.000245204546568543	4.77023374145333e-05
ctransferencias_emitidas_lag1	1.63915660449637e-05	0.000403512171391172	7.15535061218e-05
vmr_mpagosdolares_delta2	1.57550465486006e-05	0.000254010811591877	6.36031165527111e-05
ctarjeta_visa_debitos_automaticos_lag2	1.56781308336081e-05	0.000318611639574897	5.56527269836222e-05
ctransferencias_recibidas_lag1	1.43915347707117e-05	0.000170218115167538	3.18015582763555e-05
catm_trx_delta1	1.4370287088837e-05	0.000429530508488586	7.15535061218e-05
vm_mpagado_rank	1.41470472891014e-05	0.000127217434648828	3.97519478454444e-05
cajas_ratio_02	1.41079291350962e-05	0.000487607731058131	7.95038956908889e-05
vmr_msaldodolares_delta1	1.3536230189745e-05	0.000324529764333686	7.15535061218e-05
visitas_lag1	1.35028182265973e-05	7.71726025183896e-05	3.18015582763555e-05
c_seguros_lag2	1.20913281821928e-05	1.6658461666304e-05	1.59007791381778e-05
vm_mpagosdolares_rank	1.19115184293116e-05	5.49936470145117e-05	1.59007791381778e-05
ctarjeta_visa_debitos_automaticos	1.18636444121969e-05	0.000245250148136324	3.97519478454444e-05
ctarjeta_visa_debitos_automaticos_delta2	1.17268822973952e-05	0.000387235115829515	6.36031165527111e-05
cproductos_lag2	1.05372053993742e-05	0.00013264672535084	3.18015582763555e-05
p_y_ratio_delta2	1.03689695031051e-05	0.000246972928659278	4.77023374145333e-05
rf_014_020	1.03306337930684e-05	0.000167027357490928	4.77023374145333e-05
c_y_sp_lag1	9.78312879754525e-06	1.94427385217517e-05	2.38511687072667e-05
cpagomiscuentas_lag2	9.53796831270984e-06	8.76199094054475e-05	2.38511687072667e-05
cextraccion_autoservicio_delta2	9.44452577782365e-06	0.000104064744320261	2.38511687072667e-05
mtarjeta_visa_descuentos_rank_lag2	9.38898137109429e-06	1.64481536272933e-05	2.38511687072667e-05
cajas_visitas_delta2	9.13130160167012e-06	0.000146962913497922	2.38511687072667e-05
vm_status03_delta1	8.06759667346059e-06	0.000128650135117974	2.38511687072667e-05
cliente_edad_tend6	6.77332708199832e-06	3.12979169919942e-06	7.95038956908889e-06
p_e_ratio_delta1	6.11028459432927e-06	0.000105194704462064	2.38511687072667e-05
c_deb_aut_delta2	6.0608229318809e-06	0.00024414218982911	3.97519478454444e-05
ctransferencias_recibidas_delta1	6.01516797222063e-06	6.52332270833766e-05	1.59007791381778e-05
c_pagos_lag1	4.04735151339357e-06	0.000196752450597954	3.18015582763555e-05
c_deb_aut	3.852613330824e-06	9.8376225298977e-05	1.59007791381778e-05
c_pagos_delta1	3.3670111103785e-06	0.000193195036649942	3.18015582763555e-05
ccuenta_debitos_automaticos_lag1	3.07287731147498e-06	0.000147026091950319	2.38511687072667e-05
c_deb_aut_delta1	2.92474555298714e-06	0.000146560488880902	2.38511687072667e-05
ccuenta_debitos_automaticos_lag2	1.91102317204343e-06	9.8376225298977e-05	1.59007791381778e-05
cpagomiscuentas_lag1	1.51104973130669e-06	9.56997451414909e-05	1.59007791381778e-05
cseguro_vida_tend6	1.41867353438555e-06	4.03315752778467e-05	7.95038956908889e-06
cpayroll_trx_lag1	1.13139659343772e-06	4.91881126494885e-05	7.95038956908889e-06
p_e_ratio_lag1	8.77224903879865e-07	3.94797724079786e-05	7.95038956908889e-06
