Feature	Gain	Cover	Frequency
rf_007_015	0.0503558996355506	0.00131200668058829	0.00348030279748197
rf_006_016	0.0268107573517005	0.00148973239413195	0.00345169687544855
rf_010_029	0.0265444397854002	0.000626882792493728	0.000836406782286909
ctrx_quarter	0.0194166140938032	0.00118898896872706	0.000488832172093227
rf_015_015	0.0184459483286792	0.00152680831846287	0.00397824836066549
mcaja_ahorro_rank	0.0178926653863265	0.00210857851875453	0.000491869969123325
ctrx_quarter_lag1	0.015181139739565	0.00129186945143236	0.000498958162193553
rf_006_025	0.0111633681058173	0.000614569716542595	0.000346308861431142
cdescubierto_preacordado_delta2	0.0100452806873126	0.00607085983757824	0.000265807240133552
vm_status01	0.00873489211072309	0.0046009590060948	0.000719198446875638
rf_009_015	0.00767935554844838	0.00213818573199736	0.00399369049556849
rf_002_024	0.00738726533985255	0.00048114051819251	0.000334663972815767
rf_009_025	0.00704275065202278	0.00074450060856781	0.000112904789618632
rf_019_016	0.00690381274794779	0.0023435340458186	0.00410862048320718
rf_004_025	0.00662551727923778	0.000957761800797842	0.000370611237671924
cdescubierto_preacordado	0.00632368673164624	0.00802606125176407	0.0033630944620707
foto_mes	0.00607844176989601	0.0192075197241349	0.00146295241974457
mtarjeta_visa_consumo_rank	0.00599882388687055	0.000878349820197171	0.000366054542126777
mprestamos_personales_rank	0.00509374306313828	0.00711184513393254	0.00111082111400574
ctrx_quarter_normalizado	0.00505883736867322	0.00149351412551872	0.000524019987691859
rf_005_019	0.00476705919184159	0.00130555675761741	0.00393268140521402
rf_003_015	0.00431667171298288	0.00135591307433175	0.0036802911019634
ctrx_quarter_normalizado_lag1	0.00428633287660475	0.00130131085484075	0.000511109350313944
mcuentas_saldo_rank	0.00427727907250575	0.00712710425714663	0.00112601009915623
mcomisiones_mantenimiento_rank_tend6	0.00422472926675363	0.00492465236750557	0.00297957258702086
mrentabilidad_annual_rank_delta2	0.0040627137480613	0.00355269717244024	0.0069530111023887
rf_017_024	0.00406228695246263	0.000358314426789477	0.000552879059477788
rf_017_026	0.00406061876898939	0.000293645565460944	0.000262263143598438
ctarjeta_visa_delta2	0.00390423586049675	0.000311157810859869	4.70858539665149e-05
mcuentas_saldo_rank_delta2	0.00355216935598575	0.00267226261067179	0.00429696389907324
rf_007_027	0.0035433398565682	0.00059320984541478	0.000510603050808927
mrentabilidad_annual_rank_delta1	0.00352242854437163	0.0023523118506195	0.00637228557013501
mcuenta_corriente_rank	0.00335329805841411	0.00404744949138051	0.00217354377503493
mpasivos_margen_rank	0.00329597128586912	0.00163894233713675	0.00164446079229291
mcuentas_saldo_rank_tend6	0.00320760148163486	0.00288861093719266	0.00332132475290686
mactivos_margen_rank	0.00320080176416218	0.00459296505286565	0.00252972547681389
rf_014_015	0.00316784952442269	0.00159489486839431	0.00385369868243148
rf_010_027	0.00316773089508762	0.000511321474121765	0.0011470215286144
rf_004_021	0.00315267578145537	0.000848116971571328	0.00248289277259988
rf_005_021	0.0029797144969818	0.000987274683366908	0.00268971612039904
mcomisiones_rank_tend6	0.0029678494189676	0.00192700057241133	0.00357725915269259
mactivos_margen_rank_delta1	0.00291556156774561	0.00226533141524968	0.00503692062565455
mprestamos_personales_rank_tend6	0.00285685400922164	0.00622282948807714	0.000986524585524239
mrentabilidad_rank_delta2	0.00281107546946413	0.00219086652636158	0.00486629769246406
rf_001_015	0.00280023893278081	0.00143194801199984	0.00420608313792282
thomebanking_lag2	0.0027998237080278	0.00124174398143573	0.00585256912823579
thomebanking	0.00278376333647011	0.00207072344615375	0.00543816298337996
mprestamos_personales_rank_delta1	0.00273368983958319	0.0106577750488565	0.00103892658429343
Master_mfinanciacion_limite_rank_tend6	0.0027084967246626	0.00221937436985197	0.00557587644874439
mrentabilidad_annual_rank_lag1	0.00270085355350894	0.00236285766389157	0.00388964594728764
Master_mfinanciacion_limite_rank_delta1	0.00264184941933142	0.00204650559137719	0.00579763563194152
Master_mlimitecompra_rank_delta2	0.00263978310757091	0.00200274859663504	0.00572903204901182
Master_mlimitecompra_rank_tend6	0.00263681440554225	0.00208795842529018	0.00570700802054361
mrentabilidad_rank_delta1	0.00260838105544408	0.00215204980294281	0.00454378490776869
Master_mfinanciacion_limite_rank_delta2	0.00260056902597521	0.00234607692026941	0.00581155886832947
Visa_delinquency_tend6	0.00259769188492388	0.00314341059711107	0.000823242995156486
mactivos_margen_rank_delta2	0.00257430902108432	0.00269209444998511	0.00541006336085156
mcomisiones_otras_rank_lag2	0.00255210404723018	0.00159114468882562	0.00400634798319389
mrentabilidad_annual_rank_lag2	0.00252377321713239	0.00291459254220798	0.00464352591025689
cliente_edad_lag2	0.00250613846982192	0.00402113982203647	0.00397293221586282
Visa_mfinanciacion_limite_rank_delta2	0.00247319322554663	0.00208231340447497	0.00571181786584126
mcomisiones_otras_rank_delta1	0.00246799390215052	0.00174646390823786	0.00386534357104686
Visa_mlimitecompra_rank_delta2	0.00245609843523374	0.00193559307192921	0.00567814894875768
mprestamos_personales_rank_delta2	0.00245306857815286	0.00858866708465733	0.00116676720931004
Visa_mfinanciacion_limite_rank_tend6	0.00245113853207961	0.00255376272701584	0.00537791334228302
rf_014_025	0.00244718128916363	0.000302312114918601	0.000280743075531532
thomebanking_lag1	0.00243233135259414	0.00106527086183765	0.00472276178279194
mcomisiones_otras_rank_delta2	0.00242278375496942	0.00161455234872826	0.00448682621345435
Master_Fvencimiento_lag2	0.00241732030734179	0.00181816344807537	0.00409646929508679
mrentabilidad_annual_rank	0.00240179481819439	0.00288998259324088	0.00362383870715409
mprestamos_personales_rank_lag2	0.00239022345218877	0.0021234715903576	0.00114170538381173
rf_002_023	0.00238994443982551	0.00056896042679125	0.00223202136786431
Visa_mlimitecompra_rank_tend6	0.00235799345615338	0.00248903569390225	0.0052498195675139
mrentabilidad_annual_rank_tend6	0.00233014360612109	0.00372819584246531	0.00478478347215644
vm_fechaalta	0.00232884841937919	0.00139108648297471	0.00266136334811812
ctrx_quarter_normalizado_delta2	0.00229041558973877	0.00148928654276452	0.00201355313144978
mcomisiones_rank_delta1	0.00228147535325407	0.00166210821604695	0.00378357620098673
Master_fechaalta	0.00227971827263018	0.00151052246805422	0.0033008196229537
Visa_Fvencimiento_lag1	0.00227925085471009	0.00193644411696483	0.00355801977150197
Master_mlimitecompra_rank_delta1	0.0022778551629047	0.00207566582253553	0.00569510998217573
mcomisiones_rank	0.00227118855773564	0.00127622126531181	0.00328740268607076
mcomisiones_rank_delta2	0.0022693233065467	0.00173691754060359	0.00454201285950113
rf_004_023	0.00226406511128795	0.000452928092582399	0.00139232363879479
rf_001_028	0.00225644856174809	0.000371879290749542	0.000477693582982869
Master_Fvencimiento	0.00225496072673421	0.001680556490696	0.00409621614533429
Master_fechaalta_lag1	0.00225103281682857	0.00165364696391258	0.00324892392368953
ccomisiones_mantenimiento_tend6	0.00224383702036729	0.00681743048839531	0.000667809047116485
Visa_mfinanciacion_limite_rank_delta1	0.00223973759472022	0.00200368122170503	0.00542094880020941
Visa_mpagospesos_rank_tend6	0.00222957688653885	0.0017091773938654	0.00316158725907422
mcomisiones_rank_lag2	0.00222735509682456	0.00154070413368887	0.00408229290894634
mcomisiones_otras_rank_tend6	0.00220734639962963	0.00217502064518576	0.0036364961947795
Master_fechaalta_lag2	0.00218159917618206	0.00175959953274844	0.00342334410316764
mcomisiones_rank_lag1	0.00215500400932375	0.00150520363505852	0.00334891807593024
mpasivos_margen_rank_delta1	0.00213222769095146	0.00163710415203324	0.00309779352144216
Master_Fvencimiento_lag1	0.00211371488581997	0.0015289925150215	0.00376610886806367
mcuenta_corriente_rank_tend6	0.00210756351713534	0.00401644735818699	0.00325018967245207
mprestamos_personales_rank_lag1	0.00210340642527345	0.0020710707206439	0.000981967889979092
Visa_mlimitecompra_rank_delta1	0.00210211715700027	0.00179621401625093	0.00533614363311918
cliente_edad_lag1	0.00209802383719834	0.00340486741397738	0.0034253693011877
Visa_Fvencimiento	0.00208880996549221	0.00170498297480256	0.00359042293982301
ctrx_quarter_delta2	0.00206902367265054	0.00153238905680925	0.0020264637688277
rf_013_022	0.00206178204755269	0.000412597892324311	0.000486047524815637
mpasivos_margen_rank_delta2	0.00206115771776246	0.00176280649899186	0.0035683989113548
mactivos_margen_rank_tend6	0.00205335184572455	0.00264523983174687	0.00313905693110099
rf_006_021	0.00205077303337145	0.000579817680445194	0.00175837818092157
vm_Fvencimiento	0.00200865040666928	0.00251314729736009	0.00326740385562262
Visa_Fvencimiento_lag2	0.00200291848284306	0.00157307092210785	0.0035557414237294
mcomisiones_otras_rank_lag1	0.00198036883118404	0.0016406748843957	0.00335094327395031
mcuenta_corriente_rank_lag2	0.00197519871204274	0.00339818947108147	0.00251934633696105
mactivos_margen_rank_lag1	0.0019594672729512	0.00226810465526201	0.00233226866985754
chomebanking_transacciones_delta1	0.00195555051188826	0.00221441001666058	0.00242517462902802
Visa_mlimitecompra_rank	0.00192526895885854	0.00185802440074562	0.00366510211681292
Visa_fechaalta	0.00191007713583433	0.00134145761429611	0.00274009292114816
mcuentas_saldo_rank_delta1	0.00190487692463757	0.00312078748645667	0.00271933464144249
Master_mlimitecompra_rank	0.00190094202879461	0.00174279285480689	0.00398736175175578
mrentabilidad_rank_lag2	0.00190063003891694	0.00161064965467183	0.00369623953637142
Visa_fechaalta_lag1	0.00189861807694286	0.00119750715366925	0.00267756493227864
Master_mfinanciacion_limite_rank	0.00189205055942725	0.00310006269340236	0.00385774907847161
rf_020_013	0.00188754715461871	0.00149241540532715	0.00456479633722686
mrentabilidad_rank_tend6	0.00188514571893998	0.00219553922671999	0.00297248439395063
Master_fultimo_cierre_tend6	0.00188422976127759	0.0014365224241747	0.00343043229623787
ctrx_quarter_normalizado_tend6	0.00187121344881751	0.00196268952789784	0.00156117452371773
mcuenta_corriente_rank_lag1	0.00186344857602373	0.00253559330644474	0.00188875030346327
rf_009_024	0.00185766735615646	0.000427032037140124	0.000598192865176745
Visa_cconsumos_tend6	0.00185689662650648	0.00133318919753936	0.00256035659686737
Visa_fechaalta_lag2	0.00184187605342736	0.00127386445396504	0.00274870001273343
mpayroll_sobre_edad_rank	0.00182779556289111	0.00184598250443099	0.00027416118196632
mrentabilidad_rank_lag1	0.00182772100444781	0.00149129372195574	0.00304893561920809
vm_Fvencimiento_lag2	0.00182178116655625	0.0014021465800553	0.00341119291504725
chomebanking_transacciones_delta2	0.00180087758750421	0.00217016549039484	0.00253782626889415
cliente_antiguedad_lag2	0.0017896999612178	0.00212425284368585	0.00304893561920809
vm_Fvencimiento_lag1	0.00178485310407478	0.00138989249385477	0.00314715772318125
mrentabilidad_rank	0.00178033589729245	0.00184050219541327	0.0029557765102851
tcallcenter	0.00177139031058045	0.00194543649337485	0.00120701801995883
Master_mfinanciacion_limite_rank_lag1	0.00176833981352155	0.00114537659751089	0.0029094501055761
chomebanking_transacciones	0.00176339255723192	0.00205852853013738	0.00234163521070034
Master_mlimitecompra_rank_lag2	0.0017533657389274	0.00118598058767789	0.00304007537787031
active_quarter	0.0017503270705902	0.00246332032464344	0.00673960586102433
vm_fechaalta_lag2	0.00174091836445477	0.00120644137032313	0.00263225112657969
cdescubierto_preacordado_delta1	0.00173812005330528	0.00290713343018616	0.000158978044575115
rf_009_021	0.00173564147813965	0.000570766434573626	0.00109360693083518
chomebanking_transacciones_lag2	0.00173529518184229	0.00135000228688732	0.00240973249412503
rf_017_023	0.001734013847518	0.00038384801523446	0.000641481472855638
mactivos_margen_rank_lag2	0.00173036419364619	0.00224766147090493	0.00272667598426522
vm_mlimitecompra_rank_delta2	0.00172909953545677	0.00220321455831093	0.00360940917126112
Master_mfinanciacion_limite_rank_lag2	0.00171558103281956	0.0012286844638077	0.00300311551400412
mcuenta_corriente_rank_delta2	0.00171402654811519	0.00302458956574684	0.00229049896069369
rf_020_015	0.00170955412781351	0.00138300565699294	0.00464504480877194
vm_fultimo_cierre_tend6	0.00169855728238334	0.00132778612612126	0.00253276327384399
vm_mfinanciacion_limite_rank_delta2	0.00169466089664762	0.0018411276503627	0.00364991313166243
Master_fechaalta_tend6	0.00168942078550737	0.00121872359213269	0.00147459730835994
rf_012_015	0.00168273971365639	0.0014024389666515	0.00412937876291285
Visa_mfinanciacion_limite_rank	0.00166421327480847	0.00207684802332847	0.0036086497220036
thomebanking_delta2	0.0016591382172745	0.00325877333028878	0.00229024581094118
Master_mlimitecompra_rank_lag1	0.00165610912708294	0.0010381005002761	0.00284489691868653
cliente_edad	0.00165242532725005	0.00465626359335442	0.00280287405977018
mpasivos_margen_rank_tend6	0.00165161964127807	0.00177826023786151	0.00215784849037942
vm_mlimitecompra_rank_delta1	0.00165139697276439	0.00130194916868973	0.00361371271705376
ccaja_ahorro_tend6	0.00164647199798897	0.00578654340975441	0.00026327574260847
Visa_mlimitecompra_rank_lag2	0.00163896785957567	0.00121670241129594	0.00272085353995754
Visa_mconsumospesos_rank_tend6	0.00162772233230845	0.00104255571803035	0.00274819371322842
Visa_mconsumototal_rank_tend6	0.00160124392148758	0.00109341474674652	0.00276085120085382
Visa_mpagominimo_rank	0.00160095216909648	0.00145195544926978	0.00122448535288189
vmr_Master_mlimitecompra_lag1	0.00158708855916978	0.00124807881184265	0.00237555727753643
vm_mfinanciacion_limite_rank_delta1	0.0015849812282101	0.00186910369595875	0.00362687650418419
vmr_Master_mlimitecompra	0.00158440057080272	0.00168543842182967	0.00295552336053259
mcuenta_debitos_automaticos_rank	0.00157884514531424	0.00174947652346162	0.000587054276066387
mcomisiones_mantenimiento_rank_delta2	0.00156763020430453	0.00181877658542598	0.00300235606474659
rf_002_015	0.00155465947333017	0.00133159511500698	0.00495819105262452
mcomisiones_otras_rank	0.00155418476403047	0.00128071874060967	0.00318513018605747
numero_de_cliente	0.00155066437619393	0.004731318439893	0.00355042527892673
vm_mfinanciacion_limite_rank_tend6	0.00154917811335327	0.0015588639551937	0.00301273520459943
Visa_mfinanciacion_limite_rank_lag2	0.00153773966681983	0.00123240882934606	0.00284894731472666
vm_fechaalta_lag1	0.00152888313691542	0.00120554468762157	0.00239378405971701
vm_status06_tend6	0.00150090160544201	0.000759151839033911	0.000148598904722281
ctrx_quarter_tend6	0.00149875079986803	0.0024695514057439	0.00160724777867421
vm_mlimitecompra_rank_tend6	0.00149714043505234	0.00244962009941432	0.00318842113284008
rf_004_015	0.00149093158934131	0.00197542552812328	0.00404027005002999
rf_018_016	0.00148405625766578	0.000974585631958059	0.00404330784706008
ccomisiones_otras_tend6	0.00148071232024511	0.00205842492517778	0.00241960533447285
mcuentas_saldo_rank_lag2	0.00148057690300196	0.00259495112950808	0.00212898941859349
chomebanking_transacciones_lag1	0.00147032051302526	0.00107425140180506	0.00192191292104183
vmr_Master_mlimitecompra_lag2	0.00146815802782123	0.00122018066543601	0.00239049311293441
Visa_mfinanciacion_limite_rank_lag1	0.00146782635364251	0.00125438568707412	0.00276996459194412
tcallcenter_delta2	0.00146239685321294	0.00162132530794553	0.00104474902860111
active_quarter_lag1	0.00146169525400918	0.00198169642489961	0.0054052535155539
mcomisiones_mantenimiento_rank	0.00145986255420699	0.00190110596043766	0.00226214618841278
mpasivos_margen_rank_lag2	0.00145496265829074	0.00192976421335739	0.00223455286538939
mcaja_ahorro_rank_tend6	0.00145130520654699	0.00210997136973353	0.00221809813147636
rf_018_015	0.00145028933860054	0.00162009974294971	0.00382964945594321
Visa_fultimo_cierre_tend6	0.00143878959619161	0.00127991441584144	0.00263984561915493
rf_016_016	0.00143798870199377	0.00170384464342651	0.00522906128780823
mcomisiones_mantenimiento_rank_delta1	0.00143314769398304	0.00215411846186799	0.0029684339979105
cproductos_tend6	0.00141868254237066	0.00260404344206165	0.000454403805752119
vm_status05_delta1	0.00141728135349597	0.00124086481281999	0.00012682802600658
cproductos_delta2	0.0014101024444393	0.0028606766318973	0.000185052469083454
mttarjeta_visa_debitos_automaticos_rank_tend6	0.00140783158679061	0.00228634920837434	0.00108651873776496
internet_lag1	0.00140208009824607	0.00548407847962546	0.000384534474059871
mcomisiones_mantenimiento_rank_lag2	0.00139438513543943	0.00171353932746062	0.00229682770450639
cliente_antiguedad_lag1	0.00138940952537504	0.00192423884406117	0.00255402785305467
rf_011_015	0.00138929676756585	0.000934160812332478	0.00356612056358223
rf_017_019	0.00138875171076009	0.000755962856003614	0.00269047556965656
rf_010_015	0.00138764454543694	0.00140773738659525	0.00405267438790288
mcaja_ahorro_rank_delta2	0.00138571617838306	0.00146524201248151	0.00174293604601857
rf_003_019	0.00138549129114157	0.000631229533581813	0.00178242740740985
rf_003_017	0.0013828289494125	0.00100241569476185	0.00317905459199728
mpasivos_margen_rank_lag1	0.00137965947029251	0.00121029657426223	0.0016940781437845
rf_019_018	0.00137563869284774	0.00132308442407267	0.00242568092853304
rf_008_015	0.0013636822310545	0.00172277919859302	0.00477896102784875
Visa_mlimitecompra_rank_lag1	0.00136192004704039	0.00115131418535588	0.00264035191865995
ctarjeta_visa_transacciones_tend6	0.00136086078916324	0.00214926583314714	0.000715148050835508
rf_010_016	0.00135642719288445	0.00209101179444442	0.00443189271716009
ctarjeta_visa_transacciones	0.00134481137651218	0.00324207976014186	0.000356941151036484
rf_016_023	0.00134258043560931	0.000424921722116601	0.00115841326747727
rf_017_016	0.00131346785317685	0.00201306542766968	0.00388281090396992
vmr_msaldopesos2_tend6	0.00130312867057446	0.00133715759347542	0.0016287655076374
mtransferencias_recibidas_rank_tend6	0.00130251097480977	0.00195230988192077	0.00178217425765734
Visa_mconsumospesos_rank_delta2	0.00130050914937473	0.00077985874510634	0.00191533102747662
Visa_mpagospesos_rank_delta2	0.00129206391477407	0.00114243575876384	0.00227606942480073
vmr_Visa_mlimitecompra	0.00127130236276583	0.000996153097930041	0.00234492615748294
Visa_mconsumospesos_rank_lag2	0.00125732836945615	0.000988596972788614	0.00193608930718229
Master_fultimo_cierre_lag1	0.00125638632801554	0.00162201473261226	0.00204469055100828
Master_delinquency	0.0012548167063322	0.0020319615143977	0.00045288490723707
rf_013_019	0.00125034316957965	0.000893638666835755	0.00218037881835265
Visa_mpagominimo_rank_tend6	0.00124910219444775	0.00115293059353612	0.0019084959841589
Master_fultimo_cierre	0.00124743488887567	0.00121673290457036	0.00289957726522829
vm_status04_tend6	0.00124306321232669	0.000791343823404018	0.000164294189377786
Visa_fechaalta_tend6	0.00124258742543678	0.00204710026435848	0.00106044431325662
rf_016_021	0.00124191651366159	0.000658329947060221	0.00194115230223245
Master_fultimo_cierre_lag2	0.00122829670672287	0.00103557095385213	0.0020173503777374
Visa_mconsumosdolares_rank_tend6	0.00121972968159608	0.00111163340162617	0.00196191058193812
rf_010_023	0.00121300368995289	0.000865929061487609	0.00252491563151623
rf_009_017	0.00120960454025552	0.000810748492239537	0.0022441725559847
Visa_mpagospesos_rank_delta1	0.00120831134062105	0.000899437164451106	0.00199026335421903
mcaja_ahorro_rank_delta1	0.00120506052653513	0.00203743262130302	0.00154244144203212
mtarjeta_visa_consumo_rank_delta2	0.00120039016711423	0.000891609330401346	0.00110297347167799
Master_Fvencimiento_tend6	0.00119943457613971	0.000753407904532081	0.00157864185664079
mcomisiones_mantenimiento_rank_lag1	0.00119893726816246	0.00164988012431032	0.00206291733318887
vmr_Visa_mlimitecompra_lag1	0.00119823461015031	0.000813735437779823	0.00194368379975753
mttarjeta_visa_debitos_automaticos_rank_delta2	0.00119492828448974	0.00165629295013789	0.00100297931943727
ctrx_quarter_delta1	0.00118025191851769	0.00136489698239259	0.000823242995156486
Visa_msaldopesos_rank_tend6	0.00116853941044533	0.00101240088888297	0.00188444675767063
Visa_mpagospesos_rank_lag2	0.0011648252474982	0.000784625042375307	0.00188748455470073
Visa_mpagominimo_rank_lag1	0.00116415055157623	0.00132602937670526	0.00119587943084847
mcaja_ahorro_dolares_rank_delta2	0.00115738674238383	0.00227409233146782	0.001258913719223
vm_fechaalta_tend6	0.00115233929242693	0.00229346732499446	0.00132017595932997
Visa_mconsumototal_rank_delta2	0.00115165635892375	0.000788301665189336	0.00180672978365063
vm_msaldototal_rank	0.00115054509687406	0.000455988005461004	0.000401242357725409
mcaja_ahorro_dolares_rank_tend6	0.00114979151228006	0.00253432839490035	0.00131688501254737
vm_Fvencimiento_tend6	0.00114855230216756	0.00143721655214333	0.0015477575868348
Visa_msaldototal_rank_tend6	0.00114821587065475	0.000883379081360467	0.00188495305717564
ccallcenter_transacciones_tend6	0.00113963973418182	0.00322480951225568	0.00104323013008606
vm_mpagospesos_rank_tend6	0.00113413856807858	0.00102509572619517	0.00103639508676834
mcuenta_corriente_rank_delta1	0.00112526923762527	0.00184686706199622	0.00157813555713577
vm_mpagominimo_rank	0.00111660483933065	0.000878121812301055	0.000601736961711859
Visa_mpagospesos_rank	0.0011165877621278	0.000947662536569688	0.00171433012398515
chomebanking_transacciones_tend6	0.00111490757509923	0.00153565214992385	0.00149105204227297
Visa_msaldototal_rank	0.00111345611648373	0.00067408022249833	0.000948298972895509
mtransferencias_recibidas_rank	0.00111338805906043	0.00184938157228881	0.000860202859022675
Visa_mconsumototal_rank	0.00110894986437932	0.000933908085036387	0.0016472454395705
rf_020_017	0.00110301004116994	0.000522174313167538	0.00204798149779089
vm_fultimo_cierre	0.00109481169249309	0.00113243206418668	0.00211430673294802
Visa_mconsumospesos_rank_lag1	0.00108106427188019	0.000666417232564021	0.0015882615472361
rf_013_018	0.00107971802327511	0.00113018382573732	0.00234492615748294
Master_mpagospesos_rank_tend6	0.00107572973099885	0.00120275822784254	0.0012930889358116
Visa_mpagominimo_rank_delta1	0.00107476664367062	0.0008576388002392	0.00133131454844033
vm_status02_tend6	0.00106895241271623	0.000919859346339886	0.000612369251317201
vm_status02	0.00106769562549733	0.0041548848874055	0.000745019721631469
mtarjeta_visa_consumo_rank_tend6	0.00106597419372892	0.000801442173435385	0.00076679060034717
ccajas_transacciones_delta2	0.00106501800277678	0.00100577582505387	0.00119233533431336
Visa_msaldopesos_rank_delta1	0.00105511946215764	0.00059516805493335	0.00128195034670124
mtransferencias_recibidas_rank_delta2	0.00105183034998997	0.00108563294731656	0.00143966264251382
ctrx_quarter_normalizado_delta1	0.00104986381684221	0.00142316817431398	0.00081590165233375
Visa_mconsumospesos_rank_delta1	0.0010491421778617	0.000718336537091067	0.00172673446185805
Visa_mconsumospesos_rank	0.00104653312610251	0.000918502918885514	0.00172698761161056
Visa_mpagominimo_rank_delta2	0.00104457180403519	0.000890225176320725	0.00141637286528307
Visa_mpagominimo_rank_lag2	0.00103987489921281	0.000970242932582087	0.00128093774769121
rf_015_010	0.0010362186938902	0.00041585399664505	0.00048427547654808
ctarjeta_visa_transacciones_delta2	0.00103425109583944	0.001209157124198	0.000494401466648406
vmr_Visa_mlimitecompra_lag2	0.00103231965310915	0.000874227189639951	0.00194773419579766
Visa_mconsumosdolares_rank	0.00102569453803188	0.000875001237654045	0.00136979331082157
Visa_msaldototal_rank_delta2	0.00102271692775336	0.000629483249313244	0.00139282993829981
Visa_mconsumototal_rank_lag1	0.00102210836908134	0.000718940496387088	0.00154193514252711
Visa_msaldopesos_rank_delta2	0.00101999396016433	0.000690137824432766	0.00139738663384496
mautoservicio_rank_delta2	0.0010185437573333	0.00116245847274325	0.00121132156575147
rf_005_016	0.00101637198682322	0.00044906458869878	0.000852102066942414
rf_003_024	0.00101572316671414	0.000397772254763207	0.000900706819423978
internet_lag2	0.00101326681175015	0.00243480451801788	0.000485794375063129
Master_mconsumospesos_rank_tend6	0.00101309678848116	0.00102688450858544	0.00113056679470137
cliente_antiguedad	0.0010117346556262	0.0015873706318803	0.00198064366362372
mcuentas_saldo_rank_lag1	0.00101032931685784	0.00186395367661718	0.00106702620682183
ccajas_consultas_tend6	0.00100772623402833	0.00478557953166436	0.000793877623865541
rf_019_021	0.00100577921537028	0.000635434393734277	0.00162218361407219
ccaja_seguridad_lag1	0.000998852185640787	0.00162977539725596	0.000104297698033356
mtransferencias_emitidas_rank	0.000998210591820957	0.00179086003479454	0.000817673700601307
Visa_status	0.000996834996401737	0.00250681672518557	0.000604015309484433
Visa_cconsumos_lag2	0.000994688238942109	0.000674107119130128	0.00135637637393864
rf_009_019	0.000983559394763701	0.000488159059536241	0.000607306256267039
Visa_msaldototal_rank_delta1	0.000981117141159299	0.000643272356122129	0.00125055977739023
Visa_mconsumototal_rank_delta1	0.000978472402443575	0.000606498261077903	0.00164851118833304
mv_status07_rank_delta1	0.00097701874548767	0.00393378288193711	0.00230138440005154
rf_005_023	0.000962778376807896	0.00047414753827211	0.00100677656572489
rf_013_020	0.000962477456508029	0.000686271084773677	0.00175154313760385
Master_mconsumototal_rank_tend6	0.000961235646635747	0.00116703300520716	0.00112449120064118
rf_013_023	0.000958659486068339	0.00051082419918505	0.00163686629971766
cprestamos_personales_tend6	0.000957081075057083	0.00343571370067646	0.00061945744438743
vm_mfinanciacion_limite_rank_lag2	0.000953436132682063	0.000664824304806535	0.00134625038383831
vm_mfinanciacion_limite_rank	0.000951579337476531	0.000852245977448249	0.00155763042718261
rf_011_023	0.000951046903396547	0.000639876536068687	0.0013490350311159
Visa_mpagospesos_rank_lag1	0.000950539540934725	0.000713219669411949	0.00160901982694177
ctransferencias_recibidas_tend6	0.00094586963862487	0.00200468057111159	0.00120752431946385
Visa_mconsumosdolares_rank_lag2	0.000940180967308969	0.000858011936875312	0.00146421816850711
cmobile_app_trx_lag2	0.000936364119703578	0.00157345114376907	0.000932856837992512
vm_fultimo_cierre_lag1	0.000936211542354489	0.000987330208792837	0.00169559704229955
vm_fultimo_cierre_lag2	0.000935061192806452	0.000928905852822845	0.00179305969701519
ccomisiones_otras	0.000932975954200959	0.00133763421478208	0.000789574078072903
Visa_fultimo_cierre_lag2	0.000924121675935662	0.000926499398184736	0.00167711711036646
vm_status01_tend6	0.000923410101954353	0.00116521671271093	0.000673884641176681
ccomisiones_otras_lag2	0.000922529641759922	0.00124823439370117	0.00109866992588535
thomebanking_tend6	0.000921718301851212	0.0072422464644072	0.00132574525388515
thomebanking_delta1	0.000919478911216233	0.000971164767724205	0.00155965562520268
Visa_Fvencimiento_tend6	0.000916119238950041	0.00097676808432545	0.00127941884917616
Master_cconsumos_tend6	0.000913110532157233	0.000727925920089965	0.00107006400385193
Visa_cconsumos_lag1	0.00091261937163863	0.000594953038254739	0.0011500593256445
rf_013_017	0.000906897142966636	0.00278492952187037	0.00352992014897357
rf_012_025	0.000906224116982054	0.000375706094443709	0.000242264313150294
Visa_fultimo_cierre	0.000900711523760095	0.00107443975040107	0.0020170972279849
rf_011_019	0.000899018303772185	0.000490161318905277	0.0015540863306475
mcaja_ahorro_dolares_rank_lag2	0.000896705305642226	0.00114845106536466	0.00107386125013955
vm_mpagominimo_rank_tend6	0.000889707401549123	0.000751452810499931	0.00105386241969141
mttarjeta_visa_debitos_automaticos_rank_delta1	0.000887043195617311	0.00189609787014734	0.000861974907290232
tcallcenter_lag2	0.000886829050146616	0.000665517506549472	0.00122727000015948
tcallcenter_delta1	0.000885633373853499	0.00091051858878044	0.000685782679544563
mtransferencias_recibidas_rank_delta1	0.000881751490802632	0.000907744133848695	0.00119284163381838
vm_msaldopesos_rank_tend6	0.000874710546336052	0.00075632717545229	0.00105335612018639
ctrx_quarter_lag2	0.000871665479034524	0.00103840874096921	0.00125005347788522
mcaja_ahorro_dolares_rank	0.000871539145218927	0.00206368873796156	0.000805269362728408
vmr_mpagominimo_lag2	0.000870016605481276	0.000609613230255137	0.000918680451852056
vmr_msaldototal	0.000868252907905895	0.000427401661335948	0.000588826324333944
mcuenta_debitos_automaticos_rank_tend6	0.000865073588040781	0.00237990678441535	0.000989562382554337
rf_008_019	0.000862316063450948	0.000614851493644495	0.00150826622544352
mautoservicio_rank_tend6	0.000862094664588126	0.000962323125523954	0.00105006517340378
mtransferencias_recibidas_rank_lag1	0.000860974912045971	0.00155003303074789	0.000868303651102936
mcaja_ahorro_rank_lag1	0.000858837895527203	0.00265713064501348	0.00072172994440072
mtransferencias_recibidas_rank_lag2	0.000854935673268305	0.00096990204544054	0.00101513050755766
vmr_msaldopesos2_delta2	0.000854704140897192	0.000910144008675716	0.00119461368208593
vmr_mpagominimo_tend6	0.000845273128922895	0.00118304072327216	0.000971588750126258
Visa_fultimo_cierre_lag1	0.000842756532870103	0.000815716538304793	0.00155535207941004
vmr_mpagospesos_tend6	0.000838644949689594	0.00114716821872277	0.000878682790955769
mtransferencias_emitidas_rank_delta2	0.000829528222534566	0.00117222227486606	0.000844001274862154
Visa_mpagado_rank_tend6	0.000829510095856985	0.00100034240470821	0.000994119078099483
rf_003_023	0.000828774004099914	0.000627817029437001	0.00132701100264769
vmr_msaldopesos2	0.000828369783720276	0.00061912647028477	0.00105614076746398
Visa_cconsumos	0.000826296814218857	0.00078507376865105	0.00126245781575812
mtransferencias_emitidas_rank_lag2	0.000823928041913981	0.00137419867006828	0.000820458347878896
vmr_Master_mlimitecompra_tend6	0.000823320232923894	0.00113102104956098	0.00130068342838685
internet_tend6	0.000823114781268217	0.00407863667725004	0.00104626792711616
vm_mlimitecompra_rank	0.000822950046590449	0.000837883296357618	0.00154623868831975
rf_020_021	0.000822769088601003	0.000366554202723193	0.00110322662143049
mv_status07_rank_lag1	0.000822183028965726	0.00343702067730198	0.0026046578035563
rf_012_019	0.000820768148056744	0.000529602414672016	0.00103943288379844
vm_msaldopesos_rank	0.000813484152750537	0.00049124116574475	0.000393647865150165
vmr_mpagominimo	0.000812832394395623	0.000568041586846501	0.000742488224106388
Master_msaldopesos_rank_tend6	0.000811499304326221	0.000661067810062661	0.00113183254346391
vm_mlimitecompra_rank_lag2	0.000808948203051905	0.000664424163278479	0.00137662835413929
Visa_mconsumosdolares_rank_lag1	0.000800747133994393	0.000586897809783023	0.0012153719617916
Master_msaldototal_rank_tend6	0.000800148553369857	0.000625892488823798	0.00110145457316294
vmr_msaldopesos_tend6	0.000798207498641504	0.000774557606630039	0.000799193768668212
vm_status06	0.000797690115466267	0.000646854215221803	0.000406811652280588
rf_017_021	0.000796902654350666	0.000460304036754375	0.0011624636635174
vm_mpagominimo_rank_lag2	0.000795685878141137	0.000659052342955828	0.000684010631277006
mcaja_ahorro_dolares_rank_delta1	0.000793248533598126	0.00131954995885908	0.00094956472165805
mv_status07_rank_delta2	0.000785261162227023	0.00411584454664097	0.00240112540253975
vm_mpagominimo_rank_lag1	0.000783259582040332	0.00112172004753288	0.000604774758741957
mplazo_fijo_dolares_rank	0.000782503045380176	0.00198776850793249	0.000228847376267363
mcaja_ahorro_rank_lag2	0.000782460006225031	0.00132364441772056	0.00092095879962463
Master_mpagominimo_rank_tend6	0.000782095852631903	0.000818144067584632	0.00101968720310281
rf_001_019	0.000779652277320705	0.000973275227094589	0.0013799193009219
ctrx_quarter_normalizado_lag2	0.000778881495590553	0.00121475313925385	0.0011781589481729
vm_cconsumos_tend6	0.000772753828892301	0.00149643692090812	0.000536930625069774
vm_msaldopesos_rank_delta2	0.00077115900510648	0.000695563955261931	0.000837419381296942
mtransferencias_emitidas_rank_tend6	0.000768727690350812	0.00122352363048045	0.00100677656572489
cdescubierto_preacordado_tend6	0.000759702327242188	0.00542116777509483	0.000200241454233942
ccajas_transacciones_tend6	0.000757488716492976	0.00323085198012421	0.000806535111490948
rf_012_018	0.000755850391305587	0.000635890638075706	0.00137612205463427
Master_mpagospesos_rank	0.000754186297204179	0.000937821665251925	0.000733121683263586
vm_mconsumospesos_rank_tend6	0.000752880671801912	0.000557015495480614	0.00082957173896919
vmr_msaldopesos2_lag2	0.000748234847200979	0.000716527738602708	0.00118322194322307
rf_008_025	0.000747594164415213	0.000470322839636335	0.00139586773532991
vmr_mpagominimo_delta2	0.000746028625185322	0.000853089468331469	0.000757677209256876
mv_status07_rank_lag2	0.000744709403435926	0.00295409669349524	0.0026016200065262
mtarjeta_visa_consumo_rank_delta1	0.000743227156700645	0.000562653226779342	0.000604268459236941
Master_fultimo_cierre_delta1	0.000740499092513955	0.000794563035072824	0.00153990994450704
ctarjeta_debito_transacciones_tend6	0.000739915719699334	0.00118469392787309	0.000774131943169906
Visa_msaldototal_rank_lag2	0.00073798477186393	0.000528193865971859	0.00101310530953759
cproductos_delta1	0.000737034723578835	0.0045691052264204	0.000166319387397851
Master_mpagospesos_rank_lag2	0.000734423178530596	0.000842713491170461	0.000844254424614662
vm_mfinanciacion_limite_rank_lag1	0.000733018878200138	0.000640428241800966	0.00121435936278157
Master_mconsumototal_rank	0.000727333177963565	0.000427212290283004	0.000609584604039612
mv_status07_rank_tend6	0.000726713270749701	0.00535805504510309	0.00228948636168366
cprestamos_personales_delta2	0.000726471093485979	0.00449992075020513	0.000218721386167037
Visa_msaldopesos_rank	0.000724852050937751	0.000760404036025616	0.000961969059530949
Visa_mpagosdolares_rank_tend6	0.000723803303727567	0.000953577774709006	0.00136295826750385
vm_mpagospesos_rank_delta2	0.000719735156327998	0.000632349641166646	0.000891593428333685
vm_msaldototal_rank_tend6	0.000718737238772096	0.000681026325775567	0.000977917493938962
mautoservicio_rank	0.000715593292675567	0.00117799758075238	0.000517184944374139
rf_011_025	0.000708787037186611	0.000334332362610636	0.000753879962969254
mv_status07_rank	0.000708631639458372	0.00276556169757117	0.00240644154734242
mautoservicio_rank_lag2	0.000707373735568828	0.000752535111236044	0.000989815532306845
cmobile_app_trx_tend6	0.000704247442450363	0.00281946515796508	0.000889821380066128
mpagomiscuentas_rank_delta2	0.000703269300019409	0.00113066457295843	0.000579206633738635
mextraccion_autoservicio_rank_delta2	0.000700936187260939	0.000788590370940572	0.000877163892440721
mpagomiscuentas_rank_tend6	0.000696679732189587	0.00124332208958214	0.000670340544641567
ccomisiones_otras_delta1	0.000694928142687382	0.000738056567731517	0.000789320928320394
ctarjeta_visa_transacciones_lag2	0.000693382512932987	0.000535042450915473	0.000700212215437528
vmr_Visa_mlimitecompra_tend6	0.000691981373046718	0.0013991838968166	0.00104981202365128
ccomisiones_otras_lag1	0.000690370427806524	0.00111603642596121	0.000799193768668212
rf_018_022	0.000689406995224183	0.000445393571354526	0.0012680271103133
Master_delinquency_tend6	0.000688894556922658	0.00214272891713459	0.000493642017390882
vmr_mpagospesos	0.000685242222984163	0.000647657613764335	0.000548322363932641
Visa_msaldototal_rank_lag1	0.000684154968756618	0.000502694451646257	0.000910579659771796
rf_008_028	0.000683208093757779	0.000334231692703878	0.000109613842836027
Visa_msaldopesos_rank_lag1	0.000683036071210969	0.000517580065328175	0.000859696559517659
vmr_mpagospesos_delta2	0.000682680700163033	0.000658210752639614	0.000739956726581306
mcaja_ahorro_dolares_rank_lag1	0.000679478815930864	0.00109590078462075	0.000857924511250102
rf_009_018	0.000678150402092854	0.000565869816146837	0.000794383923370557
mcuenta_debitos_automaticos_rank_lag2	0.000677986642695429	0.00101531426563968	0.000744766571878961
Visa_cconsumos_delta2	0.000677524312190634	0.0005297855066365	0.00083362213500932
rf_009_023	0.000674061513645879	0.000408066844352328	0.00109234118207264
vm_mpagominimo_rank_delta2	0.000673999062497742	0.000670994567762817	0.000797674870153163
Visa_msaldopesos_rank_lag2	0.000672881116821697	0.000567077530247493	0.00100854861399245
mextraccion_autoservicio_rank_lag2	0.000672494784656253	0.000585970188737553	0.000874379245163131
mtransferencias_emitidas_rank_lag1	0.000668322483644577	0.000932328112409691	0.000641481472855638
vmr_msaldototal_tend6	0.000667321558334252	0.00085172027820879	0.000790586677082935
rf_015_027	0.000666976750291872	0.000430592773482448	0.000549081813190165
ctarjeta_visa_debitos_automaticos_tend6	0.000665237509749723	0.0017481834642793	0.000506299505016289
rf_001_023	0.000663705524057213	0.000498304562875589	0.00108803763628
Visa_fultimo_cierre_delta1	0.000663486199890266	0.000382570232761614	0.00112018765484854
vmr_msaldopesos2_lag1	0.000662050776610879	0.00054501069630931	0.000948805272400526
tcallcenter_tend6	0.000660624671662497	0.00218148879194787	0.000614647599089775
mttarjeta_visa_debitos_automaticos_rank_lag2	0.000658380421832971	0.000633827211724251	0.000682744882514466
vmr_msaldototal_delta2	0.000655313953252851	0.000426722004140151	0.000649075965430882
vm_mconsumototal_rank_delta2	0.00065309768507541	0.000453037507503162	0.000680972834246909
ccallcenter_transacciones_delta2	0.000652420849409828	0.00180074647160481	0.000360738397324106
ctransferencias_emitidas_tend6	0.000650672481608876	0.00157512349838691	0.000706794109002739
rf_011_017	0.000647861957901786	0.000638601532272918	0.00113259199272144
vmr_mpagominimo_lag1	0.000647746126689941	0.000485823876160832	0.000747551219156551
Master_msaldopesos_rank	0.00064745455176008	0.000827728001489521	0.000720211045885671
rf_017_018	0.000645749112195697	0.00185650969695798	0.00130726532195206
mpagomiscuentas_rank	0.000645214256060327	0.000891631980829644	0.000446049863919351
Master_msaldopesos_rank_lag1	0.000642226964679494	0.000483630200824986	0.000628064535972706
vmr_mconsumospesos_tend6	0.000640025103102301	0.00095780915859721	0.000709578756280329
Master_mconsumototal_rank_lag2	0.000637419403760304	0.000632797778026039	0.000704515761230166
vm_msaldototal_rank_delta2	0.000635173733268223	0.00072181356428282	0.000845773323129711
vmr_msaldopesos_lag1	0.000634367664776353	0.000358596781278822	0.000555410557002869
ccomisiones_otras_delta2	0.000634277356904473	0.000692847443566038	0.00101968720310281
mextraccion_autoservicio_rank_tend6	0.00063267025662873	0.00100525684997236	0.000807800860253489
matm_rank_lag2	0.00062763169850042	0.000662451122119924	0.000733121683263586
Master_mpagospesos_rank_lag1	0.00062708339279856	0.000627497818382439	0.00075995555702945
Visa_mconsumosdolares_rank_delta2	0.000625806395678498	0.000548111002251231	0.000998422623892122
cpagomiscuentas_tend6	0.000624625464864967	0.00199718384470353	0.000499211311946061
vmr_mpagominimo_delta1	0.000623247183929165	0.001023451170377	0.000642494071865671
mttarjeta_visa_debitos_automaticos_rank	0.000620003130475083	0.000668805992682732	0.000647050767410817
vm_mconsumototal_rank_tend6	0.000619271260044029	0.000538044204037934	0.000830584337979222
Master_mpagospesos_rank_delta2	0.000618883676734486	0.000888053104898434	0.000648316516173358
mpayroll_rank_tend6	0.00061660432139639	0.00204734727792465	0.000422506936936093
rf_008_023	0.000614487733880947	0.00064062011486617	0.000931084789724955
mpayroll_rank_delta2	0.000606545883520611	0.0011795459895321	0.000324537982715441
vmr_msaldopesos	0.000606125095185184	0.000451125200286442	0.000564523948093162
Master_mconsumospesos_rank_lag2	0.000604055058446717	0.000598146303575251	0.000732109084253554
Master_mpagominimo_rank_lag1	0.00060396829079227	0.000681316126157167	0.000611103502554661
vm_mpagospesos_rank	0.000603463163231737	0.000330787865290193	0.000293906862661956
rf_019_025	0.000601333147844593	0.000472486695316446	0.00105512816845395
rf_018_025	0.000597115084472236	0.000321681575148901	0.000824255594166518
Master_mconsumospesos_rank	0.000593958962012962	0.000437304914555545	0.000629836584240263
Master_mpagominimo_rank_lag2	0.000593673045946358	0.000524656189040606	0.000690086225337202
mautoservicio_rank_delta1	0.000592483365251883	0.000855604556011511	0.000629330284735247
vm_mconsumospesos_rank_delta2	0.000590264022369164	0.000502234406170818	0.000671099993899091
Master_mconsumospesos_rank_lag1	0.000583734441652071	0.000420517482862152	0.000683757481524498
mtarjeta_visa_descuentos_rank_delta1	0.000583480359850076	0.000503066625969962	0.000496426664668471
rf_020_018	0.000581913283592444	0.000695582227168773	0.00045971995055479
vmr_msaldopesos_delta2	0.000581261768187572	0.000445012014484846	0.000646291318153293
rf_001_022	0.000578773651878159	0.000585913664912502	0.00094956472165805
mtransferencias_emitidas_rank_delta1	0.000574908314939649	0.000928714304538079	0.000650341714193423
matm_rank_delta2	0.000571824695435552	0.000806711687920185	0.000716160649845541
vm_msaldopesos_rank_delta1	0.000571626488019722	0.000675808860363122	0.00068755472781212
cextraccion_autoservicio_tend6	0.000571222556559456	0.00123515947907462	0.000699705915932511
rf_008_021	0.000571050163466598	0.000507874591366185	0.00072172994440072
mcuenta_debitos_automaticos_rank_lag1	0.000568225696668807	0.000876562733882513	0.00056072670180554
Master_msaldototal_rank_lag2	0.000568190473717424	0.000539275073780901	0.000690086225337202
vm_mpagominimo_rank_delta1	0.000566645836740782	0.000481208758171126	0.00070400946172515
ccaja_ahorro_lag1	0.00056528372787195	0.000601443775300619	0.000101766200508274
mttarjeta_visa_debitos_automaticos_rank_lag1	0.000565231138497946	0.0006912003496489	0.000578194034728602
rf_013_021	0.000564246896906196	0.000429576872302471	0.000730590185738505
vmr_msaldototal_lag2	0.000563469167476212	0.000436707498983897	0.00067666928845427
rf_012_021	0.000561895722064773	0.000330023247937695	0.000989309232801828
Visa_cconsumos_delta1	0.000560335894356324	0.000524947204341621	0.00071894529712313
ccaja_seguridad	0.000557241576971245	0.00471726307326979	9.61969059530949e-05
matm_other_rank_lag2	0.000556715869753949	0.000628793776530887	0.000555916856507885
vmr_mconsumospesos	0.000554251001955417	0.000571989702048573	0.00056477709784567
vm_mpagospesos_rank_delta1	0.000551330057152966	0.000526792690990526	0.00070527521048769
Master_mpagominimo_rank	0.000549737768699628	0.00073536418601925	0.000639203125083065
Visa_mconsumosdolares_rank_delta1	0.000548358767117428	0.000484630524572862	0.000856405612735053
mcuenta_debitos_automaticos_rank_delta1	0.000544782972558996	0.00128539733513157	0.000746032320641502
vmr_mconsumospesos_lag2	0.000539392405652627	0.000571548108913552	0.000666796448106453
Master_msaldopesos_rank_lag2	0.000535133094118612	0.000355495055926099	0.000630596033497788
vmr_mpagospesos_lag2	0.000533564664561445	0.000389965856222329	0.000641734622608146
Master_mconsumototal_rank_delta2	0.000529609436457156	0.00042157680838953	0.00050883100254137
mpayroll_rank	0.000527549605516272	0.0026045960379329	0.000269098186916158
vmr_msaldopesos_lag2	0.000526441589907264	0.000445225022336305	0.000671353143651599
Master_fultimo_cierre_delta2	0.00051545214454211	0.000538834743680916	0.00103538248775831
vmr_msaldopesos2_delta1	0.000511740407613543	0.000611138651797218	0.0009045040657116
mtarjeta_visa_consumo_rank_lag2	0.000511597223628794	0.000629332539161282	0.000770334696882284
ccaja_ahorro_lag2	0.000503229477977533	0.000622292466077427	0.000178470575518242
rf_005_026	0.000502126568948595	0.000370784395749792	0.000556423156012902
mpayroll_rank_lag2	0.00050192413758207	0.000509283861800649	0.000219987134929578
ccaja_ahorro	0.000501090525440532	0.00891561131781512	0.000183027271063388
ctarjeta_debito_transacciones_lag2	0.000501055718694888	0.0005893988236441	0.000558195204280459
vm_status05_tend6	0.000499906697823574	0.000828209987687858	0.000212392642354333
rf_001_027	0.000496743132665137	0.00038852549106819	0.000498198712936028
mpayroll_rank_delta1	0.00049421239664701	0.00156160634106446	0.000248593056962998
matm_rank_tend6	0.000492885757154791	0.000676672848500628	0.00066856849637401
mpagomiscuentas_rank_lag1	0.000490064951392062	0.000835383497415955	0.00045161915847453
mpayroll_sobre_edad_rank_tend6	0.000489836402780774	0.00101271816328381	0.000387065971584953
mpayroll_sobre_edad_rank_delta2	0.000487271604906614	0.00141683991168924	0.000344536813163585
cproductos	0.000487058818511271	0.00100063031655171	4.78453032240393e-05
vm_msaldototal_rank_delta1	0.000486771632169722	0.000425445917742923	0.000650088564440915
Master_cconsumos	0.000486277991269893	0.000352805825786967	0.000386812821832445
Master_msaldopesos_rank_delta2	0.000484126595010447	0.000474368918241517	0.000673631491424172
vm_mconsumospesos_rank_delta1	0.000483715746662952	0.000448324293792388	0.000556423156012902
Master_msaldototal_rank_delta2	0.000483589786586254	0.000413711696762873	0.000661227153551273
vmr_mconsumospesos_lag1	0.000483396714703981	0.000436962114818087	0.000526298335464432
mautoservicio_rank_lag1	0.00048017267044942	0.000638727077955416	0.000450353409711989
vmr_mconsumospesos_delta2	0.000479495923447856	0.000411767849756989	0.00049389516714339
vmr_msaldototal_lag1	0.000477389115872169	0.000431834577500149	0.000576675136213553
rf_003_025	0.000476611834928157	0.000539096576858165	0.000566042846608211
Master_mconsumospesos_rank_delta2	0.000476351997220811	0.000463832643891185	0.000528323533484498
mplazo_fijo_dolares_rank_delta2	0.000470130476704044	0.00210593597279608	0.00022505012997974
vm_msaldototal_rank_lag2	0.000464974433747859	0.000391350323054482	0.000449593960454465
mpayroll_sobre_edad_rank_lag2	0.00046391653650226	0.000468140651904857	0.000209101695571727
Visa_fechaalta_delta1	0.000463782925967141	0.000314970384359306	0.000685023230287039
rf_015_020	0.000463719206141337	0.000346378613388905	0.00035466280326391
vmr_mpagospesos_lag1	0.000461545705732541	0.000312743340840721	0.000487819573083194
Master_mpagominimo_rank_delta2	0.000458317903712532	0.000584964283577712	0.000583510179531273
Master_mconsumototal_rank_delta1	0.000458268147205491	0.000409877591523313	0.000485288075558113
rf_017_009	0.000456910519229546	0.0012831851954264	0.00122397905337688
Master_msaldopesos_rank_delta1	0.00045517250723552	0.000513323288421312	0.000617179096614856
vm_mpagado_rank_tend6	0.000453305670650965	0.00111086611385675	0.000420988038421044
Master_Fvencimiento_delta1	0.000451457399054334	0.000394783974014455	0.000874632394915639
Master_mpagado_rank_tend6	0.000451415227492694	0.000846072081762627	0.00054984126244769
vmr_msaldototal_delta1	0.000449007083271433	0.000419372186750045	0.000504021157243716
Master_cconsumos_lag2	0.000448777026130141	0.00064967712258328	0.000541740470367429
Master_mpagospesos_rank_delta1	0.000446281621983774	0.000466951486375861	0.000622495241417527
mextraccion_autoservicio_rank	0.000443548355200185	0.000549357016385716	0.000439974269859155
mpagomiscuentas_rank_lag2	0.000439420089518462	0.000734568089022112	0.000560979851558048
rf_007_025	0.000437096616636299	0.000404943647404007	0.000481237679517983
rf_006_018	0.000435349133542527	0.000485216536742479	0.000621229492654987
matm_rank	0.000430077967120502	0.000488285591588958	0.000378965179504692
rf_014_023	0.000429004354591097	0.000302980885955285	0.000487819573083194
vmr_msaldopesos_delta1	0.000424677308009064	0.000384453105247561	0.00051566604585909
rf_005_025	0.000424212860098938	0.000567671409321043	0.000667555897363977
cmobile_app_trx_lag1	0.000423975208156071	0.000765818655192603	0.000325550581725474
vm_mconsumototal_rank_delta1	0.00042207661040486	0.000347133114432217	0.000552119610220263
ccomisiones_mantenimiento_delta1	0.000421776730755076	0.00418625482843017	0.000144801658434659
ctarjeta_debito_transacciones_delta2	0.000420543522823178	0.00106811996815443	0.000559460953042999
rf_014_022	0.000420069684410524	0.000781164073771858	0.00066173345305629
rf_003_026	0.000419992343740979	0.00023246880354225	0.000370864387424432
Visa_msaldodolares_rank_tend6	0.000419635896365493	0.000992367433091306	0.000629836584240263
mextraccion_autoservicio_rank_lag1	0.000415123579682102	0.000666529438190767	0.000431620328026386
vmr_mpagospesos_delta1	0.000413164742818086	0.000495052813018495	0.000572877889925931
Master_status_tend6	0.000410683354149611	0.00100280296536145	0.000462251448079872
Visa_mpagado_rank_lag2	0.000405348999066688	0.000451579676378822	0.000487313273578178
Master_msaldototal_rank_delta1	0.000404450862757804	0.00057315859887248	0.000653126361471013
vm_Fvencimiento_delta2	0.000404317978865297	0.000787136401094768	0.000473643186942738
rf_014_009	0.000403296648869251	0.000366760943515098	0.000515159746354074
mextraccion_autoservicio_rank_delta1	0.00039888465612739	0.000668139771773928	0.000444024665899285
mpayroll_sobre_edad_rank_lag1	0.000396661719654397	0.000521228865284715	0.000190115464133617
vm_msaldopesos_rank_lag2	0.000396454560679938	0.00037946836306203	0.000478199882487885
vmr_mconsumosdolares_tend6	0.000395667769684666	0.000605200101639821	0.00038605337257492
mpagomiscuentas_rank_delta1	0.000391803024945833	0.000720446346900576	0.000411368347825735
mtarjeta_master_consumo_rank_delta2	0.000390763820551241	0.000388099607683227	0.000369598638661891
Visa_fultimo_cierre_delta2	0.00038921167616416	0.000392763599114343	0.000789827227825411
Master_mconsumospesos_rank_delta1	0.000389007392517439	0.000413576179118049	0.000469845940655116
Visa_mpagado_rank_delta2	0.000387247651898699	0.000572105720838234	0.000461491998822347
vm_mconsumospesos_rank	0.000381479025960235	0.00038213262119418	0.000315677741377656
ctarjeta_debito_tend6	0.000380158712651731	0.00276801649637886	0.000360738397324106
catm_trx_tend6	0.000378547969245861	0.00117545865178244	0.000549081813190165
mprestamos_prendarios_rank	0.000378228575773843	0.00430802816208801	0.000157459146060066
vm_mconsumosdolares_rank_tend6	0.000368719844062417	0.00058461854878741	0.000411874647330751
Master_cconsumos_delta2	0.000367027520991359	0.000289455585064085	0.000273401732708796
rf_003_021	0.000366543364359247	0.000413159774510302	0.00052250108917681
vm_mconsumospesos_rank_lag2	0.00036587426601913	0.000488861463391577	0.000454656955504628
cmobile_app_trx	0.000360427681298769	0.00134512169096212	0.00032884152850808
vm_fultimo_cierre_delta2	0.000352672413534846	0.000447085112075999	0.000706794109002739
rf_015_023	0.000349464932214675	0.000446920484480839	0.000437695922086582
mtarjeta_visa_descuentos_rank_delta2	0.000349137549255958	0.000384738418847559	0.000449087660949448
vmr_mconsumospesos_delta1	0.000347309359110945	0.000359053951845943	0.000414406144855832
Visa_mpagosdolares_rank_lag1	0.000343275553444242	0.000396904080566727	0.00056756174512326
ccuenta_debitos_automaticos_tend6	0.000343036448476993	0.00183525131370247	0.000339473818113422
mtarjeta_master_consumo_rank_tend6	0.000341766206496435	0.000490658076599073	0.000258465897310815
Visa_status_tend6	0.000341510761616141	0.000975839813719105	0.000476680983972836
ccajas_consultas_delta2	0.00034119416504503	0.00342706063562141	0.000278211578006451
rf_015_025	0.000340388718104099	0.000348037182881506	0.000398204560695311
vm_cconsumos_lag2	0.000339571338768555	0.000437530167832394	0.000240239115130229
cplazo_fijo_tend6	0.000339476389262283	0.0035206521211459	0.000179483174528274
matm_rank_lag1	0.000339360435127877	0.000518900466211781	0.000386559672079937
ccajas_otras_tend6	0.000337655260500926	0.0026440811594923	0.000399470309457852
vmr_mpagado_tend6	0.000335665178062384	0.000631628604537315	0.000420734888668536
ccajeros_propios_descuentos_delta2	0.000332518823159558	0.000230567550889315	0.000282261974046581
vm_msaldototal_rank_lag1	0.000331980790112025	0.000359153731613724	0.000367826590394334
Master_mpagominimo_rank_delta1	0.000331583080968393	0.000487083290495596	0.000498705012441045
rf_010_021	0.000331373293432722	0.000353498161448737	0.00031238679459505
mtarjeta_master_consumo_rank	0.000326035094323277	0.000344676030132554	0.000146067407197199
cproductos_lag1	0.00032456897160013	0.00358208867132797	0.000334663972815767
Master_mconsumosdolares_rank	0.000320413010076954	0.000341364051547638	0.000327828929498047
vm_Finiciomora_lag2	0.000316588307320415	0.00124988534889685	0.000412380946835767
Visa_Fvencimiento_delta2	0.000315069919493837	0.000573503407437089	0.000359978948066581
Visa_mpagado_rank_delta1	0.00031494798356409	0.00043130342916668	0.000383015575544823
vm_cconsumos_delta2	0.000314385184442327	0.000529991682069864	0.000154927648534984
vm_mconsumosdolares_rank_lag1	0.000313564776305208	0.000618707671924909	0.00026200999384593
matm_rank_delta1	0.000305334586066977	0.000504725568358621	0.000346815160936158
mpayroll_sobre_edad_rank_delta1	0.000303643048630121	0.00118155534595515	0.000219733985177069
vmr_mconsumosdolares_lag1	0.000303309836717718	0.000569088943613307	0.000316437190635181
vm_mpagospesos_rank_lag2	0.000302864329289591	0.000334060004141427	0.000397191961685279
Master_cconsumos_delta1	0.000302660457468537	0.000217857966139466	0.000231378873792444
vmr_msaldodolares2_tend6	0.000302226199777087	0.000777031194587495	0.000338967518608405
mtarjeta_visa_consumo_rank_lag1	0.000301853382412847	0.000360281790304826	0.000308842698059936
rf_016_027	0.000301799947593307	0.000383504084779923	0.000251124554488079
mforex_sell_rank_tend6	0.00030127043698779	0.0011862963584656	0.000311374195585018
vm_msaldopesos_rank_lag1	0.00029787050949352	0.000785789993718342	0.000389597469110034
vm_mconsumototal_rank_lag1	0.000295556995718636	0.000282179288341933	0.000295932060682021
ctarjeta_visa_transacciones_delta1	0.000294242517454019	0.00158272318019369	0.000149864653484822
Visa_mpagado_rank_lag1	0.000293060186934714	0.000388452415469725	0.000398204560695311
rf_007_023	0.000292437852639413	0.000346901233228659	0.000328588378755572
vmr_Master_mlimitecompra_delta2	0.000291035441134379	0.00061961448296456	0.000392635266140132
ctarjeta_visa_descuentos_delta2	0.000289282795504349	0.00049415050078935	0.000273654882461304
ctarjeta_debito_transacciones_lag1	0.000287637328310384	0.000654595393039244	0.000258719047063324
ctarjeta_master_transacciones_tend6	0.000285973398725592	0.000696094754757151	0.000229353675772379
vm_mconsumospesos_rank_lag1	0.000282759987220659	0.000287052294028016	0.00031112104583251
cextraccion_autoservicio_delta2	0.000281752614382122	0.00051124280508243	0.000296185210434529
internet_delta2	0.000280467757732114	0.00166523099198359	0.000449593960454465
ctarjeta_master_delta2	0.000278842583290869	0.00279454700439158	0.0001118921906086
cpayroll_trx_tend6	0.000277301679935387	0.00107851000710549	0.000273148582956288
rf_018_026	0.000276028752913828	0.000209254159450795	0.000111385891103584
mtarjeta_master_consumo_rank_lag2	0.000275370770186845	0.000340910297189565	0.000367826590394334
Master_delinquency_lag2	0.000273238534148957	0.000976586387713958	0.000284793471571663
Visa_msaldodolares_rank_lag2	0.000271692376482613	0.000356642914194992	0.000359725798314073
mtarjeta_visa_descuentos_rank_lag2	0.00027133749295698	0.00053890517292026	0.000387572271089969
ccajas_depositos_tend6	0.000269235675060134	0.00180289770896348	0.000268845037163649
vmr_Visa_mlimitecompra_delta2	0.000264153147192314	0.000800928286580731	0.000329854127518112
mttarjeta_master_debitos_automaticos_rank_tend6	0.000263668758827908	0.000678954912231128	0.000220493434434594
rf_003_028	0.000262285741137567	0.000186914461829389	0.000236188719090099
rf_009_022	0.000259563158091978	0.000224575063121463	0.000253402902260653
mpayroll_rank_lag1	0.000259499701589293	0.000390470974005168	0.000155940247545017
Visa_mpagado_rank	0.000259381154083578	0.000450840764796516	0.000384281324307363
rf_014_019	0.000259343102856653	0.000316037793310909	0.000271882834193747
cprestamos_personales	0.000254564399832835	0.00216098445263728	0.000283527722809122
vm_mconsumosdolares_rank_delta2	0.000251005292722625	0.000405970422714192	0.000266313539638568
vmr_mpagado_lag2	0.000249692644971058	0.000414833849261573	0.000296691509939545
ctarjeta_visa_transacciones_lag1	0.000249303131035319	0.000361797564665019	0.000240492264882737
vmr_mpagado	0.000247618249079019	0.000271526477959019	0.000218215086662021
ctarjeta_debito_transacciones	0.000244301086966348	0.000722764629664323	0.000230872574287428
cextraccion_autoservicio_lag2	0.000243588405485463	0.000441364501621151	0.000260997394835897
ctarjeta_debito_lag2	0.000243311677389721	0.0036094465996067	0.000483769177043064
vm_status05_lag1	0.000237434141652846	0.000217441741965295	0.000157965445565082
cmobile_app_trx_delta1	0.000237107628019236	0.00118334426066338	0.000295932060682021
vm_cconsumos_lag1	0.000234256889202681	0.000594235056967302	0.000187583966608535
vmr_mpagado_delta2	0.000233865332898417	0.000841043686680499	0.00025922534656834
vmr_Master_mlimitecompra_delta1	0.000225504642173591	0.000453755765455416	0.000313905693110099
vmr_msaldodolares2_lag2	0.000224807798218388	0.000575029827378293	0.000245808409685408
mcaja_ahorro_adicional_rank_lag2	0.000224422437282703	0.000619847843723444	0.000180242623785799
mcheques_emitidos_rank_delta2	0.000223072886317123	0.00160895540744672	0.000177964276013226
vm_mpagospesos_rank_lag1	0.000220207886754833	0.00028952490764416	0.000284540321819154
rf_002_012	0.000219875781100703	0.000420468068120013	8.60709158527691e-05
mforex_sell_rank_delta2	0.000217905928944282	0.000727279823539388	0.000174167029725603
ctarjeta_debito_transacciones_delta1	0.000217250303248416	0.00137462778922871	0.000190368613886125
vmr_mpagado_lag1	0.000215093947051768	0.000340280836614738	0.00023745446785264
Master_mpagado_rank_lag2	0.000214327505587016	0.000356762914552241	0.00025922534656834
mtarjeta_master_consumo_rank_lag1	0.000213996973400849	0.000239874495196532	0.000140751262394528
vmr_mconsumosdolares_delta2	0.000213195053808803	0.000339876376709752	0.000246314709190425
rf_001_018	0.000210979109032972	0.000424215432924918	0.000217455637404496
vmr_msaldodolares2_lag1	0.000210728472734305	0.000500988788990201	0.000215430439384431
ctransferencias_recibidas_lag2	0.000209724982036648	0.000790117260009075	0.000183786720320913
cforex_tend6	0.000206404388477603	0.00115014882503007	0.000191634362648665
mcajeros_propios_descuentos_rank_lag1	0.000203756630870417	0.000403454853877947	0.00020732964730417
rf_004_026	0.000203487760375638	0.000256129166683174	5.18956992641696e-05
vm_mpagado_rank_lag2	0.000202537647435604	0.00027778197773682	0.0001896091646286
Master_mpagado_rank_delta2	0.000201937075519926	0.000251180727733227	0.000177711126260717
ccomisiones_mantenimiento_delta2	0.000199887878412486	0.0014175586507977	0.000151130402247362
mtarjeta_master_consumo_rank_delta1	0.000199185229160305	0.000660070577743394	0.000153408750019936
Visa_msaldodolares_rank_delta1	0.000199105075045262	0.000407981162461321	0.000236948168347623
ccajeros_propios_descuentos_lag2	0.000198192819526254	0.00026499864376982	0.000262769443103454
catm_trx_delta2	0.000197675031560615	0.000735722695506764	0.000248846206715506
vm_msaldodolares_rank_tend6	0.00019756854570884	0.000597544653829008	0.00020732964730417
Master_mpagado_rank	0.000196941170412882	0.000366808096823078	0.000211886342849317
ctransferencias_recibidas_delta2	0.000194773116123018	0.00197667155428667	0.000208595396066711
vm_cconsumos	0.000192666978013519	0.000791408226161908	0.000159737493832639
vmr_mpagosdolares_lag2	0.000192571085443606	0.000258791873086568	0.000154927648534984
vmr_msaldodolares2	0.000187450776255376	0.000491775405506829	0.000197709956708861
vm_mpagado_rank_delta2	0.000183023961802457	0.000624981828534515	0.000213911540869382
ccallcenter_transacciones_lag2	0.00017968095803376	0.000476361602602096	0.000168850884922932
ccomisiones_mantenimiento_lag2	0.000176102299070797	0.00089654563218605	0.000112145340361108
mtarjeta_visa_descuentos_rank_tend6	0.000174964338298749	0.000735207136634302	0.000167078836655375
ccallcenter_transacciones_delta1	0.000174726508277192	0.00144468336266441	0.000132903620066776
mcaja_ahorro_adicional_rank_tend6	0.000171736817796637	0.000932712580274405	0.000188090266113551
vmr_msaldodolares_tend6	0.000171168204653525	0.000592743292301683	0.00021694933789948
vmr_msaldodolares2_delta2	0.000170276456262613	0.000706837553379096	0.000183533570568405
rf_015_028	0.000166448619127477	0.000163198188337574	9.4678007438046e-05
vmr_mpagado_delta1	0.000166281554876258	0.000366750177645036	0.000174420179478112
rf_008_027	0.000164004660965042	0.000502363211686598	0.000329094678260588
vm_mpagosdolares_rank_tend6	0.000158506280570834	0.000354726312659152	0.000163028440615245
mttarjeta_master_debitos_automaticos_rank	0.000157474977777292	0.000759169220801777	0.000152396151009903
mttarjeta_master_debitos_automaticos_rank_delta1	0.000155111254948489	0.000634777783920646	0.000147839455464756
mcaja_ahorro_adicional_rank_lag1	0.000153177864301606	0.00048194813888073	0.000112398490113616
vm_cconsumos_delta1	0.000152730666901865	0.000363365424184283	9.41717079330297e-05
Master_mconsumosdolares_rank_delta1	0.00015245252106396	0.000269651568608246	0.000181255222795831
rf_010_022	0.000146897159317343	0.000366028840293077	0.000172394981458046
vmr_msaldodolares_delta2	0.000145258455391941	0.000373771774330662	0.000132903620066776
vmr_Visa_mlimitecompra_delta1	0.000142940304106263	0.000408445971383179	0.000244289511170359
cforex_sell_tend6	0.000142597861806479	0.00109596695562769	0.000161256392347688
catm_trx_lag2	0.000140873789725794	0.000399450996729655	0.000195937908441304
mforex_buy_rank_tend6	0.000140397082873317	0.00255440212346627	0.000183280420815897
Master_msaldodolares_rank	0.000136829394304983	0.000731816284518665	0.000163534740120261
vmr_msaldodolares_lag1	0.000136317353685782	0.000436350360791563	0.000138979214126971
ctransferencias_emitidas_delta2	0.000135680525066373	0.000710381497369904	0.000113411089123649
ctarjeta_master_transacciones_delta2	0.000131264066399384	0.000448970294111724	0.000123537079223975
ctransferencias_emitidas_lag2	0.000130131096150636	0.000450990151768917	0.000106576045805929
mcheques_emitidos_rank	0.00012058120846765	0.000792839810215326	7.46791769899026e-05
ccajeros_propios_descuentos_tend6	0.000119460220228882	0.00122350339786208	0.000110879591598567
ctransferencias_recibidas_lag1	0.000119378188885999	0.000812739612842453	0.000126574876254072
rf_005_017	0.000117299449674321	0.000172433897468806	0.0001336630693243
mcaja_ahorro_adicional_rank_delta2	0.000115589867659931	0.000537671644789266	0.000118980383678828
ctarjeta_visa_debitos_automaticos_lag2	0.000114268803194945	0.000929242144922645	0.000113157939371141
Master_msaldodolares_rank_delta2	0.000112621369599472	0.000291815211174651	9.822210397316e-05
vm_mpagado_rank_lag1	0.000109808435266236	0.000261165657218433	0.000119486683183844
cseguro_vida_tend6	0.000107047833979388	0.00114568300981043	0.000182520971558372
cseguro_vida_lag1	0.000106985981047541	0.000803771667138683	0.000116195736401238
vm_status04_delta1	0.00010579301155739	0.00107704483834904	9.92347029831926e-05
minversion2_rank_tend6	0.000105312686583231	0.00129478457238031	0.000114423688133681
cextraccion_autoservicio_lag1	0.000102210458992433	0.000366713766149307	6.98693316922479e-05
vmr_mpagosdolares_delta2	0.00010006200054526	0.000780348369659413	9.69563552106193e-05
ctarjeta_master_debitos_automaticos_tend6	9.60912404847178e-05	0.00103843402572773	0.000106322896053421
cpagomiscuentas_lag2	9.37358445795454e-05	0.000431236789032442	0.000103285099023323
ctransferencias_recibidas	9.26015823661155e-05	0.000300837034344352	6.02496410969384e-05
catm_trx_other_lag2	8.92651133943815e-05	0.000300577258109874	0.000113664238876157
ctransferencias_emitidas_lag1	8.23114321980093e-05	0.000542858484609333	7.46791769899026e-05
cextraccion_autoservicio	8.00075144378453e-05	0.000869122026085493	5.9490191839414e-05
cliente_edad_delta2	7.96286176925274e-05	0.000551572512155408	0.000201760352748991
Master_msaldodolares_rank_delta1	7.79225644204999e-05	0.000140405794901743	8.17673700601307e-05
ctransferencias_recibidas_delta1	7.2218599028091e-05	0.000583819288188232	8.42988675852121e-05
internet_delta1	6.94542678052306e-05	0.000809400208353916	0.000172901280963063
ccomisiones_mantenimiento_lag1	6.43620744058081e-05	0.00140531839783803	9.08807611504239e-05
ctransferencias_emitidas_delta1	6.38653574294843e-05	0.00119480114320751	8.45520173377203e-05
rf_018_018	6.35052029945852e-05	0.000251976018793723	8.20205198126388e-05
ctarjeta_visa_debitos_automaticos_delta2	6.34117909297589e-05	0.000489486581531664	5.41740470367429e-05
cliente_edad_tend6	6.04508815833251e-05	0.000697544189705734	0.000186065068093486
vmr_msaldodolares_delta1	6.00231357644152e-05	0.000213807292492536	8.53114665952447e-05
catm_trx_delta1	5.89616882899402e-05	0.000225909489708412	4.35417574314008e-05
cseguro_accidentes_personales_tend6	5.78804829711762e-05	0.00089087100823539	0.000106069746300913
cinversion2_lag1	5.76997905848776e-05	0.00148132453830731	5.54397957992836e-05
ctarjeta_visa_debitos_automaticos_lag1	5.76068114816601e-05	0.000465936126496613	5.97433415919221e-05
catm_trx_lag1	5.56037785240967e-05	0.000315207798859208	5.39208972842348e-05
mtarjeta_master_descuentos_rank_tend6	5.13620437346866e-05	0.00081213050517505	5.21488490166778e-05
cseguro_vida	4.96179453303022e-05	0.000659556979582463	5.87307425818895e-05
ccomisiones_mantenimiento	4.92104766042925e-05	0.00306173725452557	7.06287809497723e-05
ctarjeta_master_transacciones_lag1	4.87613039805292e-05	0.000312690690323111	4.43012066889253e-05
ccuenta_debitos_automaticos_lag2	4.84718505855771e-05	0.000371015699565905	6.32874381270361e-05
ctransferencias_emitidas	4.30617501723175e-05	0.000491008610922508	3.11374195585018e-05
cpagomiscuentas_lag1	4.29794234437361e-05	0.000219008061784706	4.96173514915963e-05
ccallcenter_transacciones_lag1	3.98270699675647e-05	0.000652291316412416	5.18956992641696e-05
cpayroll_trx_delta2	3.8803415035715e-05	0.000616089340152419	4.83516027290556e-05
cplazo_fijo	3.82382175069766e-05	0.00113770606545309	2.15177289631923e-05
vm_status03_delta1	3.56528896519471e-05	0.00060089273115812	5.59460953042999e-05
ctarjeta_master_debitos_automaticos_delta2	3.49916813068352e-05	0.000416423613417019	2.75933230233877e-05
ctarjeta_master_transacciones_delta1	3.24938150000025e-05	0.000720746840978807	3.49346658461239e-05
ctarjeta_visa_tend6	3.10130812659927e-05	0.000199720819120745	3.79724628762217e-05
ccuenta_debitos_automaticos_lag1	2.86421912588251e-05	0.000263948532383746	3.21500185685344e-05
cpayroll_trx_lag2	2.83005477073605e-05	0.00031767715264207	2.96185210434529e-05
cplazo_fijo_delta2	2.45043063587322e-05	0.000141560269068439	2.1011429458176e-05
cpagomiscuentas	2.30823415697399e-05	0.000320697550567431	1.97456806956353e-05
cplazo_fijo_lag2	2.22084262551108e-05	0.000684172245325616	4.12634096588276e-05
ctarjeta_visa_debitos_automaticos_delta1	2.15450916162675e-05	0.000449113835036248	3.03779703009773e-05
ccheques_emitidos	2.0746511624607e-05	0.000138542445328768	6.8350433177199e-06
ctarjeta_visa_delta1	2.06085157687071e-05	0.000344852602430474	2.32897772307493e-05
ctarjeta_visa_debitos_automaticos	1.89831404578931e-05	3.71512252768314e-05	8.10079208026062e-06
cforex_lag1	1.7802715059496e-05	0.000324253282885234	1.64547339130294e-05
ccheques_depositados_delta1	1.40886060647929e-05	0.00037750588328215	1.9239381190619e-05
ctarjeta_debito	9.94113214193811e-06	0.000893481593392997	3.97445111437787e-05
cpayroll_trx_lag1	7.65202552948036e-06	0.00026980931566969	1.72141831705538e-05
cpayroll_trx	1.93796776478414e-06	0.000604887578656493	1.18980383678828e-05
ccuenta_debitos_automaticos	1.6004911033293e-06	4.21845281522392e-06	7.59449257524433e-07
cseguro_vivienda	2.4511037042251e-07	9.18174505718553e-05	2.78464727758959e-06
