Feature	Gain	Cover	Frequency
rf_007_015	0.0484876685986795	0.001615396848074	0.00192641669070654
rf_006_016	0.0421873083015507	0.00171646908227409	0.00212583469989526
ctrx_quarter	0.0251247982413137	0.0021347834686642	0.000602126221919331
rf_005_019	0.0238527698814736	0.00149045054438415	0.00210647372812936
rf_010_029	0.0220910856475702	0.00152608477566685	0.00273957750487413
rf_015_015	0.0216266277853362	0.00116657727431273	0.00182186744317071
ctrx_quarter_normalizado	0.0168649585402022	0.00258901593272208	0.000731844732750826
cdescubierto_preacordado_delta2	0.0124729194161494	0.00193329225202109	0.00026524531319276
rf_006_025	0.0123826405018421	0.00206390990133067	0.000518874043325983
vm_status01	0.0112791771541369	0.00135985897772186	0.000600190124742741
rf_002_024	0.0102868351013415	0.00127410733486642	0.000447238447792172
rf_004_025	0.0101206477801537	0.00159881282910236	0.000445302350615582
foto_mes	0.00989792550243979	0.0090711648983022	0.0021723010321334
rf_009_015	0.00851600456227039	0.00105271456435284	0.0016766601549265
mcaja_ahorro_rank	0.00759500590278872	0.00205599831318343	0.000780247162165563
rf_017_024	0.0065133953811104	0.000736080414478783	0.00154113335256523
rf_009_025	0.00595220645831543	0.00206724546684742	0.000267181410369349
rf_019_016	0.00589428641738067	0.00129972785494751	0.000704739372278573
cdescubierto_preacordado	0.00576472922189311	0.00327114172374165	0.00196513863423833
rf_017_026	0.00530415908876143	0.000868821428392603	0.000547915500974825
mpasivos_margen_rank	0.00498661928390333	0.00213614011211586	0.00222457565590132
mprestamos_personales_rank	0.00491464772031472	0.00635665033219458	0.000993217851590407
rf_014_015	0.0048655290957793	0.00151577704189581	0.00288284869594175
ctrx_quarter_normalizado_lag1	0.0046611272982194	0.00187607255535134	0.0007550778988699
mtarjeta_visa_consumo_rank	0.00464749417707785	0.00156771979418816	0.000733780829927416
mcuentas_saldo_rank	0.00457516590268588	0.00473994772159071	0.00152177238079934
ctrx_quarter_lag1	0.00436060948024437	0.0011562503243489	0.000650528651334068
rf_003_015	0.00425614627804757	0.00121997368960081	0.00100289833747335
mcomisiones_mantenimiento_rank_tend6	0.00423906173931861	0.00314505548980782	0.0020813044648337
mcuentas_saldo_rank_delta2	0.00394108151764037	0.00257076094475959	0.0048983258567714
mcuenta_corriente_rank	0.00380193721871978	0.00362387914795901	0.00210453763095277
mcaja_ahorro_rank_lag1	0.00377564716709902	0.00247964467438481	0.00111131977936237
rf_014_025	0.00373283175639572	0.000438248988160266	0.00048983258567714
rf_004_021	0.00362703874586369	0.00120151181882233	0.00183154792905366
mrentabilidad_annual_rank_delta1	0.00361486504642139	0.00247541913732726	0.00609483391190371
mrentabilidad_annual_rank_delta2	0.0033358751102367	0.00247939639524604	0.00645494798674935
ctrx_quarter_lag2	0.00332603509794749	0.00167618497692587	0.00177540111093256
mcomisiones_rank_tend6	0.00323630821916219	0.00190913942423845	0.00345786955738882
thomebanking	0.00322034533956099	0.00236287389744915	0.00459823079440003
vm_status06_tend6	0.00321680541083825	0.000555331571288513	8.13160814167585e-05
rf_009_024	0.003212404326562	0.00112886285311089	0.00149273092315049
rf_004_023	0.00306384447884221	0.000896101111114733	0.00314422181478133
rf_010_027	0.00304579014538277	0.00112940075831226	0.00152564457515252
mactivos_margen_rank	0.00302339657719282	0.00418878067965256	0.00275313018511025
rf_001_028	0.00299359991596139	0.00154673640324266	0.00122554951278115
Visa_mpagospesos_rank_tend6	0.00295578298658864	0.00244386970548446	0.00448980935251102
mprestamos_personales_rank_delta2	0.00293874803053484	0.00681918256137392	0.00101451492053289
rf_002_023	0.00289691590783751	0.00108810762994603	0.00430394402355843
mcuentas_saldo_rank_tend6	0.00289673981173999	0.00274050049024551	0.00326813203408305
mrentabilidad_annual_rank_lag2	0.00289060455152679	0.0027191120278838	0.00453821178192576
mactivos_margen_rank_delta2	0.00280381877148903	0.00314064208853125	0.00548302720410143
thomebanking_lag2	0.00280252887380749	0.00177416261370292	0.00591671297165747
mprestamos_personales_rank_lag2	0.00274191750641693	0.00244299499822019	0.00105710905841786
mprestamos_personales_rank_delta1	0.00273337678002702	0.00569038550766869	0.000857691049229143
ctrx_quarter_normalizado_lag2	0.00271350816866479	0.00191333596411048	0.00178314549963892
mcomisiones_otras_rank_lag2	0.00268386208345278	0.00174956158921792	0.00418196990143329
mrentabilidad_rank_delta1	0.00266036590161915	0.00211809793484375	0.0050648302139581
rf_007_027	0.00260163485264711	0.000860962647726328	0.00181605915164094
mrentabilidad_rank_delta2	0.00258552989176263	0.00235908717129284	0.00525263164008728
rf_013_022	0.00258342844057615	0.000993452813755811	0.00122554951278115
mactivos_margen_rank_delta1	0.0025789999854721	0.00230158634518044	0.00495640877206909
rf_017_023	0.00257782503463456	0.000680826203358847	0.000594381833212973
mpayroll_sobre_edad_rank	0.00256230886854378	0.00133625689886842	0.000336880908726571
Visa_status_tend6	0.00255778794014838	0.00115186033817615	0.000288478479311834
Master_mfinanciacion_limite_rank_tend6	0.00251313284992747	0.00256156241508365	0.00521390969655549
ccomisiones_mantenimiento_tend6	0.00250694313027987	0.00376138602468046	0.000520810140502572
mcomisiones_rank_delta2	0.00245849490197998	0.00197590961812568	0.00510936044901966
mcomisiones_otras_rank_delta2	0.00244423015016754	0.00177778918845295	0.0047337575967613
ctrx_quarter_delta2	0.00243260728295331	0.00173862362360199	0.00257500924486402
thomebanking_lag1	0.00242794564041802	0.00151052766213428	0.0051016160603133
mcomisiones_otras_rank_delta1	0.00242653123306345	0.00197661641834803	0.00440462107674108
Visa_mpagominimo_rank	0.00241427406705698	0.00168789262763158	0.00225361711355016
Master_mfinanciacion_limite_rank_delta2	0.00240523602379708	0.00219307680218275	0.00533394772150404
Master_mfinanciacion_limite_rank	0.00239948267465138	0.00262387514382806	0.00380443095199834
Master_mlimitecompra_rank_delta2	0.00239184570574271	0.00223236616081043	0.00545011355209941
Master_mlimitecompra_rank_tend6	0.00238183562973224	0.0021948357013103	0.00525650383444046
mprestamos_personales_rank_tend6	0.00237130622869853	0.00271700022263461	0.000782183259342153
tcallcenter	0.00233842129676445	0.00187376038794798	0.00159340797633315
rf_009_021	0.00232732257074876	0.000926444763908935	0.00150434750621003
mpasivos_margen_rank_delta2	0.00232726786231524	0.00277321450240994	0.00491381463418412
rf_001_015	0.002314756623304	0.00120632426484283	0.00222070346154814
mcomisiones_rank_lag2	0.00227861172755869	0.00160967467093142	0.0045130425186301
Master_mfinanciacion_limite_rank_delta1	0.00223946904131766	0.00232432804246604	0.00527780090338294
mrentabilidad_annual_rank_lag1	0.0022211979355783	0.00203999087879352	0.00340172273926773
Master_fechaalta	0.00220652808697966	0.0019185318448057	0.00423811671955439
Master_fechaalta_lag1	0.0021985435185134	0.00233212705039895	0.00409871772283995
cproductos_delta2	0.00219716274810584	0.00115802542633309	0.000158759968480338
Master_Fvencimiento_lag2	0.0021930197264525	0.00220481186930748	0.00436396303603271
rf_016_023	0.00216051420501582	0.000920903979722497	0.00260017850815968
Master_fechaalta_lag2	0.00214198426353687	0.00205585189468615	0.00409290943131018
vm_status06	0.00213277153090178	0.000586151429991539	0.000420133087319919
Visa_mfinanciacion_limite_rank_tend6	0.00212370776148471	0.00229450959934224	0.00421488355343531
ctrx_quarter_normalizado_delta2	0.00211990268444332	0.0016558932207241	0.00250143755215362
mpasivos_margen_rank_delta1	0.00208448286731328	0.00232413326239359	0.00439494059085814
Visa_cconsumos_tend6	0.00206820802950907	0.00161654650991176	0.00359339635975009
mcuentas_saldo_rank_delta1	0.00206433833336058	0.00319213397657777	0.00284799894676314
Master_mlimitecompra_rank_delta1	0.0020435455689357	0.00259769004311088	0.0048615400104162
mcuenta_corriente_rank_tend6	0.00204195600178438	0.00374984988714026	0.00223425614178427
chomebanking_transacciones_lag2	0.00203410728321027	0.00170661339832376	0.00397674360071481
Visa_delinquency_tend6	0.00202459056811042	0.00269161405118749	0.000696994983572215
mcuenta_corriente_rank_lag2	0.00202139051394248	0.0033670655990395	0.00205226300718486
mrentabilidad_annual_rank	0.00201188715599101	0.00271310852370276	0.00319843253572583
mcomisiones_otras_rank_lag1	0.00199795634617232	0.00162244178098634	0.00355854661057148
mcomisiones_rank	0.00198366971479592	0.00169128065483662	0.00354305783315876
Master_Fvencimiento_lag1	0.00197506905375474	0.00193438717981871	0.00403095432165931
Master_Fvencimiento	0.00196714921161504	0.00179130607581951	0.00399223237812752
Visa_mfinanciacion_limite_rank_delta2	0.00195937929446409	0.0018741584941118	0.00413356747201856
mcomisiones_rank_delta1	0.00195125298022506	0.00211204824264147	0.00389929971365123
mcomisiones_rank_lag1	0.00194486433615104	0.00162826018728975	0.00359726855410327
cliente_edad_lag2	0.00194399839090649	0.00328985384961702	0.00295642038865215
mcomisiones_otras_rank_tend6	0.00193962421077527	0.00194106181817789	0.00335332030985299
Visa_mlimitecompra_rank_tend6	0.00193151440066444	0.00343075522480639	0.00393414946282984
cdescubierto_preacordado_delta1	0.00192740327826028	0.00273089150466745	0.000247820438603454
ccaja_ahorro_tend6	0.001906906917243	0.00479186226708078	0.000346561394609518
mprestamos_personales_rank_lag1	0.00190347762263018	0.0022124968644564	0.000909965672997059
chomebanking_transacciones	0.00189726856944647	0.00234920663966906	0.00315196620348769
mrentabilidad_rank_lag2	0.00188510250446311	0.00195182708505345	0.00359920465127986
Visa_mlimitecompra_rank_delta2	0.0018768753563457	0.00165757762623023	0.00417422551272693
mcuenta_debitos_automaticos_rank	0.00187422553477629	0.00355245473289838	0.00103581198947538
Visa_Fvencimiento_lag2	0.00181317509419329	0.0018396227967503	0.00318875204984289
Visa_status	0.00180530306627905	0.00106982626294253	0.000394963824024255
Visa_mfinanciacion_limite_rank_delta1	0.00179905385641361	0.00200595302408235	0.00418584209578647
Master_mlimitecompra_rank	0.00179763626795833	0.00140188824928864	0.00364179878916483
mrentabilidad_annual_rank_tend6	0.00179065685611721	0.00256108838272876	0.00320811302160878
Visa_mlimitecompra_rank_delta1	0.00177799158049655	0.00155189829745808	0.00400772115554024
chomebanking_transacciones_delta2	0.00176911630038219	0.00220241058619255	0.00351595247268651
Visa_Fvencimiento_lag1	0.00176842170329416	0.00256365678250236	0.00316939107807699
cproductos_tend6	0.00175313557126936	0.00294839158827012	0.000402708212730613
Visa_fechaalta	0.00175223443844633	0.00192204727191104	0.00294286770841602
mactivos_margen_rank_lag1	0.00174963473387235	0.00242561960801834	0.00267181410369349
ctarjeta_visa_transacciones_tend6	0.00174894325483585	0.00249765978103058	0.00122748560995774
ctarjeta_master_delta2	0.00173827823447645	0.00095297382953723	0.000116165830595369
vm_mpagominimo_rank	0.0017348252942946	0.0016924019122763	0.00129331291396178
vm_fechaalta	0.00171347285372149	0.00175668832679676	0.00275893847664002
chomebanking_transacciones_delta1	0.00170441812360574	0.00242844582092867	0.0030764584136007
Visa_mconsumospesos_rank_tend6	0.00169423092619853	0.00166945446835063	0.00370375389881569
rf_012_025	0.00169348572217697	0.00116649176472474	0.000449174544968761
Visa_mconsumototal_rank_tend6	0.00168529745630628	0.00151675805570736	0.00352563295856946
Visa_fechaalta_lag2	0.00168431249189222	0.00172027759336875	0.00304354476159867
Visa_mpagospesos_rank_delta2	0.00167975719481414	0.00151889055911794	0.00361082123433939
Visa_Fvencimiento	0.00167900300662231	0.00193092762292944	0.00308613889948364
Visa_mconsumospesos_rank_lag2	0.00166348929330313	0.00136652334109877	0.00339591444773796
Visa_fechaalta_lag1	0.00166316997854122	0.00163143940511963	0.00281895748911429
vm_status02	0.00166298874840158	0.00212869761642818	0.0006815062061595
vm_Fvencimiento	0.00166048989251281	0.0038994937902686	0.00309581938536659
Master_delinquency	0.00165448520682268	0.00176421312114047	0.000532426723562109
Master_mfinanciacion_limite_rank_lag1	0.00165332745851703	0.00179832052957774	0.0034075310307975
mactivos_margen_rank_lag2	0.00164797392331433	0.00205603753595227	0.00301837549830301
mcomisiones_otras_rank	0.00162101710065326	0.00149657038309997	0.00308420280230705
mrentabilidad_rank_tend6	0.0016149158195624	0.00255194942819038	0.0027628106709932
Visa_mpagominimo_rank_lag1	0.00159723160872219	0.00156372223329961	0.00214519567166115
mactivos_margen_rank_tend6	0.0015793543606771	0.00219138063972576	0.00264277264604465
Visa_mfinanciacion_limite_rank	0.0015773037155226	0.00146421140121217	0.00271634433875505
Master_mlimitecompra_rank_lag2	0.00157587906244053	0.00145935513832019	0.00322166570184491
vm_Fvencimiento_lag2	0.00157533724864195	0.0018018516655502	0.00303192817853914
mpasivos_margen_rank_lag2	0.00157038969569128	0.00237335833127577	0.00310937206560272
Visa_mpagospesos_rank_delta1	0.00156984964973735	0.00142724977065811	0.00328749300584895
Master_mfinanciacion_limite_rank_lag2	0.00155857224298059	0.00147195908363271	0.00324296277078739
ccaja_seguridad_lag1	0.0015411447294142	0.00161051099520905	0.000123910219301727
Visa_mpagospesos_rank	0.00154094964098625	0.00109286672509707	0.00251692632956633
cliente_edad_lag1	0.00153890832349181	0.00269496008928232	0.00228072247402242
Master_mlimitecompra_rank_lag1	0.00153712884374844	0.00136847504434065	0.00329910958890849
mrentabilidad_rank_lag1	0.00152496675107176	0.00180234017179836	0.0029835257491244
Visa_mconsumospesos_rank_delta2	0.00152126603975637	0.00121543871750043	0.00328942910302554
vm_fechaalta_lag2	0.00151792495949899	0.00149267512744349	0.00272408872746141
mrentabilidad_rank	0.00151701000471634	0.00178255460667001	0.00270279165851892
ctrx_quarter_tend6	0.00151197794396292	0.00150990054242344	0.00188769474717475
ctrx_quarter_normalizado_tend6	0.00151172406934741	0.00211124699162061	0.00206775178459757
rf_020_017	0.00150847596603998	0.00101053457657986	0.00356048270774807
mtarjeta_visa_consumo_rank_delta2	0.00150837637306875	0.00133776998880486	0.00203677422977214
Visa_mconsumototal_rank_delta2	0.00150407219413629	0.00113456235613395	0.00310743596842613
chomebanking_transacciones_lag1	0.00150275361912687	0.00144326382450775	0.00293705941688625
Master_fechaalta_tend6	0.00150242391672148	0.00148478142171731	0.0013436514405531
vm_Fvencimiento_lag1	0.00149129476843085	0.00156141717934551	0.00272408872746141
Master_fultimo_cierre_tend6	0.00148172127431983	0.00196197782895122	0.00288865698747152
mttarjeta_visa_debitos_automaticos_rank_tend6	0.00147202440532346	0.00232287492285879	0.00150434750621003
mcuenta_corriente_rank_lag1	0.00146948723151554	0.00267630205526069	0.00167859625210309
rf_020_021	0.00145771988352527	0.000696816002322468	0.00268149458957644
Visa_mfinanciacion_limite_rank_lag1	0.00145010095807244	0.00170800906694845	0.00256339266180448
Visa_mpagominimo_rank_lag2	0.00141579504253773	0.001183352714228	0.00222070346154814
vm_fechaalta_lag1	0.00141234599178309	0.00137664854573775	0.00248207658038772
Visa_mlimitecompra_rank	0.00141032022342374	0.00144707831287575	0.00267762239522326
rf_015_027	0.00140910016433418	0.000685470445943705	0.00146562556267824
Visa_mconsumototal_rank_lag1	0.0014077265034458	0.00107394998875755	0.00287704040441198
internet_lag1	0.00140520415815993	0.00247666621390073	0.000360114074845645
Visa_mconsumospesos_rank_lag1	0.00140059036139227	0.00110015277429997	0.0028170213919377
Visa_msaldopesos_rank_tend6	0.00138917369099348	0.0016293139163604	0.00241818537356027
Visa_mconsumototal_rank	0.0013889373068185	0.00153780783884595	0.00286735991852903
Visa_mconsumospesos_rank	0.0013747970974975	0.00130097221457855	0.00282089358629088
rf_016_021	0.00137282936902069	0.00127893553915298	0.00276474676816979
mcuentas_saldo_rank_lag2	0.00136217709195913	0.00281255227201175	0.00239882440179438
mcaja_ahorro_rank_tend6	0.00136165925590038	0.00198129128828387	0.00255371217592153
rf_005_021	0.00135919027054724	0.00147675177007192	0.0018605893867025
Visa_mlimitecompra_rank_lag2	0.00135804383182089	0.00196542874102369	0.00265826142345737
Visa_mfinanciacion_limite_rank_lag2	0.00133526850649568	0.00130127073245272	0.00250143755215362
mpasivos_margen_rank_tend6	0.00132168867377505	0.00208095436794506	0.00254403169003859
Visa_mpagospesos_rank_lag2	0.00131828895844038	0.00117049643906255	0.00287897650158857
mtransferencias_recibidas_rank	0.00131426847372895	0.00297358149767618	0.0014365841050294
mcuenta_corriente_rank_delta2	0.00130857061683642	0.00198328740118467	0.00171150990410511
ctarjeta_visa_transacciones	0.00129229745888163	0.00284828391803015	0.000575020861447078
ctarjeta_visa_tend6	0.00128800316866128	0.000497015662448353	5.61468181210951e-05
cliente_antiguedad_lag2	0.00128689112821238	0.0021596456160158	0.00221683126719496
Visa_msaldototal_rank_tend6	0.00127257266174912	0.00137271293113651	0.00245497121991547
Master_Fvencimiento_tend6	0.00127190079764318	0.000930990307385304	0.00164955479445424
cliente_antiguedad_lag1	0.00126660995885584	0.00197303662440667	0.00203483813259555
mcaja_ahorro_rank_delta2	0.00126546977590295	0.00157752272005647	0.00215874835189728
ccomisiones_otras_tend6	0.00126247719552172	0.00179088134361992	0.00219747029542907
mpasivos_margen_rank_lag1	0.00125722955981957	0.00121747711590517	0.00220134248978225
vmr_Master_mlimitecompra	0.00125374506009894	0.00173713024384788	0.00246077951144524
Visa_mpagospesos_rank_lag1	0.00125347989278402	0.000966829396126909	0.00249175706627067
vm_mlimitecompra_rank_delta2	0.00125134100072085	0.00186556411363346	0.00265826142345737
ctrx_quarter_delta1	0.00125128733260851	0.00128036139053808	0.00113648904265803
vmr_Master_mlimitecompra_lag2	0.00125114211554115	0.00136856238168991	0.00240656879050073
vmr_Master_mlimitecompra_lag1	0.001249000942322	0.00146703963947959	0.00232525270908397
vm_fechaalta_tend6	0.00123641106383702	0.00169127971625651	0.0010125788233563
Visa_mpagominimo_rank_tend6	0.00123402158105733	0.00147486230951107	0.00245690731709206
Visa_mconsumototal_rank_delta1	0.00122830677547416	0.000924498099360283	0.00273183311616777
Visa_mlimitecompra_rank_lag1	0.00121392060419163	0.00151848612988811	0.00239301611026461
numero_de_cliente	0.00121374168571901	0.00356762282967451	0.00213938738013138
vm_mfinanciacion_limite_rank_delta2	0.00121125045775567	0.00220409751104529	0.00255177607874494
Visa_mconsumospesos_rank_delta1	0.00121057297995336	0.00110651432209379	0.00288478479311834
cliente_edad	0.00119591348234366	0.00227510781468127	0.00184510060928978
rf_003_024	0.00118918304350404	0.000675102791242438	0.00130880169137449
Visa_cconsumos	0.00118021207167717	0.000898682008823487	0.00183348402623024
Visa_msaldototal_rank_delta2	0.00117679052848284	0.000857765547475389	0.00210260153377618
Visa_mconsumosdolares_rank_tend6	0.00117280590653201	0.00125234487303005	0.00229233905708195
rf_020_013	0.0011711704727093	0.00122882395665671	0.00147724214573778
vm_fultimo_cierre_tend6	0.0011671134203751	0.0018277436328791	0.00192641669070654
mcomisiones_mantenimiento_rank	0.00116502345013803	0.00322780955478429	0.00191286401047041
rf_013_023	0.00115604666862402	0.000837647774386777	0.00216649274060364
Visa_mconsumosdolares_rank	0.00115330662721118	0.00133507972181373	0.00213745128295479
vm_mpagospesos_rank_tend6	0.00114222961769372	0.00145946687875233	0.00157598310174384
vm_msaldopesos_rank	0.00113984820025635	0.000745382385562721	0.000801544231108048
Visa_fultimo_cierre_tend6	0.00113530030135751	0.00165938014463345	0.00185478109517273
Visa_msaldopesos_rank_delta1	0.00112035922713381	0.000937397697407685	0.00206000739589121
Visa_fechaalta_tend6	0.00110740873274931	0.00104637934620108	0.000917710061703417
Master_fultimo_cierre_lag1	0.00110132284835491	0.00278057578621856	0.00208904885354006
Visa_msaldopesos_rank_delta2	0.00109969584382519	0.000938127962132802	0.00219747029542907
vm_mlimitecompra_rank_delta1	0.0010887703721823	0.0011294060933992	0.00240269659614755
Visa_cconsumos_lag2	0.00108535454003057	0.00100871857226242	0.00207162397895075
Visa_mpagominimo_rank_delta2	0.00108514006371896	0.00142807236202675	0.00214713176883774
mtransferencias_emitidas_rank	0.00107793823850367	0.00310023710394456	0.00166504357186696
rf_017_019	0.00106462155503634	0.000984607239600464	0.00208711275636347
rf_019_025	0.00106287030205676	0.000815794813668152	0.00243561024814958
vm_mpagominimo_rank_lag1	0.00105325876361214	0.00115189091612817	0.00121974122125138
vm_mlimitecompra_rank_tend6	0.00105008443871639	0.00210964513176527	0.00215100396319092
thomebanking_delta2	0.00104912625457692	0.00147497854524795	0.00149660311750367
vmr_msaldopesos2_tend6	0.00104200915225821	0.0018105784352231	0.00185284499799614
mcaja_ahorro_rank_delta1	0.00103915730710505	0.00240803698920782	0.00196513863423833
rf_012_021	0.00103714583950804	0.000654712434730083	0.00245884341426865
Visa_msaldopesos_rank	0.00103524906806196	0.00092955358823051	0.00148305043726755
vm_Fvencimiento_tend6	0.00103488896451889	0.00114221331540412	0.00123522999866409
rf_018_025	0.00103260753035466	0.000564548773768765	0.00227491418249265
Visa_mconsumosdolares_rank_lag2	0.00102759373813658	0.00153945628191414	0.00216842883778023
rf_015_010	0.00102392905684806	0.000395512274184749	0.000311711645430907
Visa_cconsumos_lag1	0.00102353807750463	0.000849925637209236	0.00179476208269845
Visa_msaldototal_rank_delta1	0.0010198768110785	0.00106873202673025	0.00201547716082966
cdescubierto_preacordado_tend6	0.0010164016040151	0.00144838412480457	0.000147143385420801
mcomisiones_mantenimiento_rank_lag2	0.00101568497472518	0.00182688112715628	0.00158566358762679
Master_cconsumos_tend6	0.00101495581526432	0.00101908746193751	0.00197869131447446
vm_mfinanciacion_limite_rank_tend6	0.00101073747063206	0.00138359576752067	0.00207743227048052
vm_mfinanciacion_limite_rank_delta1	0.00101025569702556	0.00161365039748265	0.00227297808531606
cproductos_delta1	0.000998190490582966	0.00130750843707087	0.000156823871303748
Master_mpagospesos_rank_tend6	0.000995657932458962	0.00174581892692787	0.00192641669070654
Visa_mpagominimo_rank_delta1	0.00098122277874777	0.00113305657724259	0.00201934935518284
Master_mconsumototal_rank_tend6	0.000980719049800306	0.0018215792363075	0.00199611618906376
Master_fultimo_cierre	0.000977194870913399	0.00140161675264186	0.00190318352458747
vmr_mpagominimo_delta2	0.000976914740091504	0.00114414723502285	0.00138430948126148
Visa_msaldototal_rank	0.000974217432923556	0.000971246848117637	0.00158953578197997
rf_004_015	0.000973481939085073	0.000845851310347417	0.0014172231332635
ctrx_quarter_normalizado_delta1	0.000971726269207533	0.0014988743502771	0.00102032321206266
mtransferencias_recibidas_rank_tend6	0.00096695486584612	0.00165783894669264	0.00192060839917677
rf_018_016	0.000965616320455095	0.00106022142687654	0.00181799524881753
vmr_Visa_mlimitecompra_lag2	0.000962589101107487	0.00121451535226726	0.00191286401047041
vmr_Visa_mlimitecompra_lag1	0.000950037298268697	0.00111239101916197	0.00172506258434123
mcuentas_saldo_rank_lag1	0.000948662336176104	0.00157129805676197	0.00122554951278115
Master_delinquency_tend6	0.000947220040961352	0.00125678979083876	0.000352369686139287
internet_lag2	0.000944458439767182	0.00268393621888678	0.000437557961909224
vmr_Visa_mlimitecompra	0.000942028984079944	0.00118401327703016	0.00186639767823227
cprestamos_personales_delta2	0.000940798217735715	0.00379098577863846	0.000205226300718486
tcallcenter_delta2	0.000938433222393	0.000981524300330365	0.000968048588294744
vmr_mpagominimo_lag2	0.000922891613942323	0.000917090182939841	0.00165923528033719
rf_012_015	0.000908474125727719	0.000938823845186495	0.00117327488901323
mcomisiones_mantenimiento_rank_delta1	0.000905933243828012	0.00160850510131551	0.00134558753772969
rf_006_021	0.000905411129532876	0.000702851764019944	0.001363012412319
ccajas_transacciones_delta2	0.000902600860687318	0.000855438313391305	0.00083252178593348
chomebanking_transacciones_tend6	0.000897872957541245	0.00129339238980098	0.00159728017068633
Master_fultimo_cierre_lag2	0.000896647554163168	0.00123815862984767	0.00186833377540886
Visa_msaldototal_rank_lag1	0.00089464021508996	0.00090961182361214	0.00145400897961871
vm_mpagominimo_rank_lag2	0.000894582340011997	0.00118184698473559	0.00139786216149761
mttarjeta_visa_debitos_automaticos_rank_delta2	0.000894314745746586	0.0015346344994915	0.00139205386996784
rf_011_015	0.000891099140160466	0.000793278573204945	0.00153338896385887
mtransferencias_recibidas_rank_lag2	0.000890272182639094	0.00132447969443662	0.00178895379116869
Master_mconsumospesos_rank_tend6	0.000886688230634748	0.00172662698902008	0.00189156694152793
vmr_mpagominimo	0.000881009863002753	0.000857759520803099	0.00146949775703142
rf_003_023	0.000878979890186868	0.00071931717610495	0.000758950093223079
mcaja_ahorro_dolares_rank_delta2	0.000876740167898292	0.00211444374607887	0.00100289833747335
rf_008_025	0.000866480538303235	0.000668110814007919	0.00198256350882764
mcaja_ahorro_rank_lag2	0.00086059994476364	0.0019274044895874	0.00139398996714443
mplazo_fijo_dolares_rank	0.00085928949388526	0.00390370356906009	0.00026524531319276
ccallcenter_transacciones_tend6	0.000859112191748194	0.00326177667019447	0.000946751519352259
vmr_mpagospesos	0.000854952121683202	0.00063094407900018	0.00100483443464994
ccajas_consultas_tend6	0.000854220506006036	0.00364690098670819	0.000623423290861815
Master_msaldototal_rank_tend6	0.000852412268300551	0.000989010711687437	0.00148111434009096
rf_019_021	0.000850778041000961	0.00101834544026153	0.00176184843069643
mcomisiones_mantenimiento_rank_delta2	0.000849846064857235	0.00161844767802452	0.00155468603280136
vmr_mpagominimo_delta1	0.000845133108694074	0.00131414113571878	0.0010861505160667
vm_status04_delta1	0.0008380156423407	0.000625316451454021	0.000106485344712422
cliente_antiguedad	0.000832388248355834	0.00148102729887012	0.00146756165985483
rf_020_015	0.00082950801188134	0.000985127953966118	0.00133009876031698
vm_mfinanciacion_limite_rank_lag2	0.000828493075173565	0.000866374895836546	0.00152758067232911
mcomisiones_mantenimiento_rank_lag1	0.000827806216779357	0.00156253097754325	0.00143852020220599
rf_017_016	0.000817840554257271	0.00101580085078338	0.000553723792504593
mautoservicio_rank_delta2	0.000816160927203369	0.0012840689301724	0.00169602112669239
mcaja_ahorro_dolares_rank_tend6	0.000815983266288567	0.002300536617425	0.00120038024948548
Visa_mconsumosdolares_rank_lag1	0.00081339206562904	0.000760201330537656	0.00167278796057332
Visa_msaldopesos_rank_lag2	0.000808236391935624	0.000835500154896519	0.00149660311750367
vm_mlimitecompra_rank_lag2	0.000805707077628862	0.000758871757712347	0.00151209189491639
mautoservicio_rank_lag2	0.000803062603140974	0.00092963331814097	0.00179088988834528
mcaja_ahorro_dolares_rank_lag2	0.000799300131973987	0.00127246175693751	0.00133977924619993
mtransferencias_recibidas_rank_lag1	0.000797049581726594	0.00194019486654928	0.00149273092315049
ctarjeta_visa_transacciones_delta2	0.00079533338323947	0.00154277149506218	0.000786055453695332
mtransferencias_emitidas_rank_lag2	0.000795033560543808	0.00232848970667711	0.00152564457515252
vm_msaldototal_rank_tend6	0.00079464588589517	0.00078650543333309	0.00127782413654906
ccomisiones_otras	0.000794354755766267	0.00251450857839135	0.000844138368993017
rf_011_023	0.000788971249798299	0.000841876127184666	0.00170763770975193
mpagomiscuentas_rank	0.000788717662934388	0.00182269066335549	0.000805416425461227
mcaja_ahorro_dolares_rank	0.000788482984264942	0.00350845394910949	0.000954495908058617
Visa_mpagado_rank_lag1	0.000785051563232979	0.000473421981416956	0.000389155532494487
rf_009_017	0.000781197814910628	0.000968085957299392	0.0013068655941979
mtarjeta_visa_consumo_rank_tend6	0.000779744912391479	0.00130524655780187	0.00119069976360253
rf_005_016	0.000771808582962263	0.000749232194182257	0.00121393292972161
rf_005_023	0.000771743116666182	0.000808741087742136	0.00155855822715454
Master_mpagospesos_rank	0.000767250901134164	0.000892562021910809	0.00121780512407479
rf_013_021	0.000766404569359951	0.000756032009488839	0.00164955479445424
mtransferencias_recibidas_rank_delta2	0.000766318521069972	0.00106777521840577	0.00148111434009096
vmr_msaldopesos2	0.000764536769252811	0.000638183297995452	0.00136688460667218
rf_003_019	0.00076349429288925	0.000899504451995271	0.00122361341560456
Visa_msaldototal_rank_lag2	0.000761519777758436	0.000626488095825958	0.00142303142479327
vmr_mpagominimo_lag1	0.00076063039867531	0.000713545896402893	0.00126427145631294
vmr_mpagominimo_tend6	0.000757454300132931	0.00106243874828976	0.00124491048454704
vmr_msaldopesos2_delta2	0.000750231274942737	0.00098702116884741	0.0015295167695057
rf_003_017	0.000742973376539169	0.000901935127487351	0.00116746659748346
vmr_mpagospesos_tend6	0.000742776360316605	0.00143931368661427	0.00131848217725744
mtarjeta_visa_consumo_rank_lag2	0.000740555949409494	0.00110003416741335	0.00155662212997795
rf_011_025	0.000740360577837712	0.000639239645210626	0.00154500554691841
Visa_msaldopesos_rank_lag1	0.000737340864763854	0.000715447064515649	0.00139592606432102
vm_msaldopesos_rank_tend6	0.000731241354640806	0.00096011830134027	0.00138624557843807
Master_msaldopesos_rank	0.000729396039972505	0.00165147315058885	0.00124103829019386
Visa_cconsumos_delta2	0.000728492445136744	0.000624493020303172	0.00133009876031698
rf_009_023	0.000726961012210594	0.000800164490886949	0.001546941644095
ctransferencias_recibidas_tend6	0.000723443776332698	0.00205508719889066	0.00133009876031698
vm_fultimo_cierre_lag2	0.000722218007867315	0.00134512633271816	0.00130880169137449
vm_cconsumos_tend6	0.000721510463414379	0.00174369215379586	0.000975792977001102
vm_mpagospesos_rank_delta2	0.000719750416086552	0.000985315521791409	0.00142109532761668
rf_012_019	0.000716541123376912	0.000650416158371548	0.000563404278387541
rf_008_019	0.000713890745254363	0.000906787537260983	0.00151596408926957
vm_mfinanciacion_limite_rank	0.000713436054127744	0.000795694083218393	0.00136688460667218
rf_018_015	0.000704451821879296	0.000904276884863676	0.000933198839116133
Master_msaldopesos_rank_tend6	0.000703852889308659	0.000842983799912212	0.00126039926195976
vm_mlimitecompra_rank	0.000700810354407463	0.000697284205600873	0.00141335093891033
vm_mpagominimo_rank_tend6	0.000700493933981426	0.00104807531106226	0.00137269289820195
Visa_mconsumosdolares_rank_delta2	0.000698687368317513	0.000821802813153932	0.00157985529609702
Visa_Fvencimiento_tend6	0.000697285907957396	0.000818861599480556	0.000995153948766997
Master_mpagominimo_rank_tend6	0.000693086430025736	0.00155654244124503	0.0012894407196086
Master_mpagospesos_rank_lag2	0.000684538866833306	0.0014330099355957	0.00140173435585079
mtransferencias_emitidas_rank_tend6	0.000683102778033556	0.00124342692940827	0.00105904515559445
Master_fultimo_cierre_delta1	0.000683070013432795	0.00228606598446906	0.00138430948126148
vmr_msaldopesos2_lag2	0.000682923038181888	0.000775047691931616	0.00138818167561466
mautoservicio_rank_tend6	0.000682341287024531	0.000989881121242776	0.00126039926195976
vm_msaldopesos_rank_delta2	0.000681149840649781	0.00075868394289229	0.00117327488901323
rf_008_028	0.000676677995463412	0.000723525868119466	0.000342689200256339
vmr_msaldototal_tend6	0.000676159949528151	0.00110437060512083	0.0011965080551323
rf_013_019	0.00067600338840741	0.00113313507217922	0.00105323686406468
ccaja_ahorro_lag1	0.000675822236844463	0.000985168757501459	0.000203290203541896
internet_tend6	0.000672335811183205	0.00221037601919878	0.000516937946149393
vm_fultimo_cierre_lag1	0.000671606008300442	0.0014487692390437	0.00119457195795571
cprestamos_personales_tend6	0.0006710304427025	0.00447118896239958	0.000482088196970782
Visa_mpagosdolares_rank_tend6	0.000669493270334834	0.000906640921167893	0.00139011777279125
ccomisiones_otras_delta1	0.000667111068285107	0.00076494377824147	0.000811224716990995
vm_fultimo_cierre	0.000666790106198604	0.00115777052773459	0.00125846316478317
mautoservicio_rank	0.000666047496412105	0.0028788399863231	0.0010319397951222
tcallcenter_delta1	0.00066501801541569	0.000935754737623291	0.000611806707802278
ccomisiones_otras_lag2	0.000663428189064894	0.00140070632993444	0.00117714708336641
cmobile_app_trx_lag2	0.000663056249952922	0.00223260584453134	0.00111712807089213
Master_mconsumospesos_rank	0.000662935339702554	0.000798681583710915	0.00124103829019386
vmr_mconsumospesos_tend6	0.000660210106457987	0.00100240069314323	0.00124103829019386
Master_msaldototal_rank_lag2	0.000659016957572694	0.000838637186020369	0.00128750462243201
cpayroll_trx	0.000658822630563802	0.000115651248459351	3.87219435317898e-06
mtransferencias_recibidas_rank_delta1	0.000658103275978114	0.000812682284425088	0.00127588803937247
tcallcenter_lag2	0.000657628961258553	0.000992825002459624	0.00129331291396178
rf_010_023	0.000656621679138242	0.00119749859846562	0.00124297438737045
mtransferencias_emitidas_rank_lag1	0.000651686060737112	0.00140994566314572	0.00121974122125138
Visa_fultimo_cierre	0.000649504982849456	0.00092982365230764	0.00117327488901323
vmr_msaldopesos_delta2	0.000649157427789236	0.00072479062951818	0.00108421441889011
mcuenta_corriente_rank_delta1	0.000648979134249425	0.0013258080322881	0.0011229363624219
rf_016_016	0.000645728470655546	0.00107049349460337	0.000969984685471333
Master_mpagospesos_rank_lag1	0.000642837109822357	0.00102483088062997	0.00130105730266814
rf_001_023	0.000641005619995711	0.000651084773203075	0.0010687256414774
vm_mfinanciacion_limite_rank_lag1	0.000639326970030482	0.000683311020103631	0.00115585001442392
rf_019_018	0.000629419105471448	0.00108428904146491	0.000853818854875964
vmr_msaldopesos_tend6	0.000629095426045619	0.00119204441064414	0.00118682756924936
rf_009_019	0.00062802388669759	0.000597251967562442	0.000439494059085814
rf_013_020	0.000626912170497082	0.000906616518085013	0.00110938368218578
mttarjeta_visa_debitos_automaticos_rank	0.000626216746108294	0.00103671947970123	0.00123522999866409
ccajas_transacciones_tend6	0.000623466726461477	0.0021780104672502	0.000609870610625689
Master_mpagominimo_rank_lag2	0.000621758399485092	0.000752772962950591	0.00124491048454704
Visa_mpagado_rank_tend6	0.000619974314301462	0.000919732779941139	0.0010319397951222
Master_mpagominimo_rank_lag1	0.000619846047243732	0.00074823512571092	0.00119457195795571
rf_008_021	0.0006196741126332	0.000790677076132708	0.00140367045302738
mpayroll_sobre_edad_rank_lag1	0.000618691089550076	0.00051029864577152	0.000412388698613561
vm_mconsumospesos_rank_tend6	0.000617670547672188	0.000883082115797453	0.00127395194219588
mttarjeta_visa_debitos_automaticos_rank_lag2	0.0006159457293944	0.000687842040287761	0.0011422973341878
ctarjeta_visa_transacciones_lag2	0.000615672505549683	0.000831103351668227	0.00122554951278115
Master_mconsumototal_rank_lag2	0.000614352778055774	0.000945660363915302	0.00126620755348952
vm_mpagominimo_rank_delta2	0.000610977585075857	0.00105684703378257	0.00111131977936237
Master_cconsumos_lag2	0.000609100094081131	0.000563988540240552	0.001179083180543
Master_msaldopesos_rank_lag1	0.000605829664167407	0.000747297385382373	0.00115778611160051
vm_msaldototal_rank_delta2	0.000605734367104892	0.000685440954768646	0.00114036123701121
ccomisiones_otras_delta2	0.000602572521072737	0.000841361093698629	0.00111906416806872
Master_mconsumospesos_rank_lag2	0.000602468949356719	0.000690306652860687	0.00120038024948548
rf_002_015	0.000602385395622572	0.000839083752557274	0.0011229363624219
mpayroll_rank_tend6	0.000601802763396373	0.00122401778430328	0.000598254027566152
vmr_msaldototal	0.000599823236368764	0.000857178342118731	0.00106678954430081
mextraccion_autoservicio_rank_lag2	0.000598920137556143	0.000654738270382605	0.00124297438737045
Visa_fultimo_cierre_lag1	0.000598661467735814	0.000818171347907528	0.00108421441889011
vmr_msaldopesos_lag2	0.000598154180667682	0.000773087541468741	0.0011422973341878
vmr_msaldopesos2_lag1	0.000597171986400837	0.000900693929389312	0.00122748560995774
vm_msaldototal_rank	0.000595212907535749	0.000519210315726245	0.000590509638859794
rf_005_026	0.00059470836482118	0.000537807292641721	0.00131267388572767
vmr_msaldototal_delta2	0.000593268285592938	0.000699399518175741	0.0010493646697115
Master_mpagominimo_rank	0.000593176744475791	0.00096242167572996	0.00113648904265803
vmr_msaldototal_lag1	0.000591957150522284	0.000745627898360112	0.00105323686406468
ctarjeta_visa_debitos_automaticos_tend6	0.000585674914461041	0.00130896481700904	0.000544043306621646
Visa_cconsumos_delta1	0.000583979326497149	0.000632164825931595	0.0010861505160667
rf_008_015	0.000582172340179458	0.000929528987551817	0.000937071033469312
vmr_mconsumospesos	0.000581753559058611	0.000984274290655913	0.00108227832171352
Visa_fultimo_cierre_lag2	0.000581373812515506	0.00082280793365464	0.00113068075112826
Visa_mconsumosdolares_rank_delta1	0.000580686191653722	0.000735514203677234	0.00126620755348952
vmr_mconsumospesos_delta2	0.000580124944066713	0.000612801819448887	0.000820905202873943
mcuenta_debitos_automaticos_rank_lag2	0.000573894685523797	0.00095915734350372	0.000960304199588386
vmr_msaldopesos	0.00057346296975634	0.000814881328225625	0.00102419540641584
matm_rank_lag2	0.000571000239619902	0.00110710360220648	0.00114616952854098
mttarjeta_visa_debitos_automaticos_rank_delta1	0.00057097387974241	0.00142260799802091	0.00107259783583058
rf_003_026	0.000570796467757548	0.00065290650779909	0.00109389490477306
mcaja_ahorro_dolares_rank_lag1	0.000567706988309432	0.00116483235508893	0.00100289833747335
vmr_mpagospesos_delta2	0.000566580778189748	0.000883973668104761	0.00121974122125138
mttarjeta_visa_debitos_automaticos_rank_lag1	0.000566208648626376	0.00086765309375053	0.00111712807089213
mtransferencias_emitidas_rank_delta2	0.000565451856377414	0.00163018526449585	0.00100677053182653
vm_mconsumototal_rank_delta2	0.000565290056550888	0.000593416781033053	0.00098160126853087
rf_018_022	0.000564570208046269	0.000743440562111483	0.00118682756924936
Master_msaldopesos_rank_lag2	0.000562988456559233	0.000586658213852391	0.00108227832171352
mpayroll_sobre_edad_rank_tend6	0.000560548201067406	0.000931665591075513	0.000536298917915288
thomebanking_tend6	0.000560045714888273	0.00405564249815503	0.000801544231108048
active_quarter	0.000559787557564506	0.0017144947049127	0.000993217851590407
mpayroll_sobre_edad_rank_delta2	0.000557562840223503	0.00179863801664994	0.000555659889681183
vm_mconsumospesos_rank_delta2	0.000557508301475472	0.000657224964287611	0.00101064272617971
ccomisiones_mantenimiento_delta1	0.000556894719014114	0.00383121272939783	0.00018973752330577
mpagomiscuentas_rank_tend6	0.000555033404331043	0.00194841648252679	0.000824777397227122
mtarjeta_visa_consumo_rank_delta1	0.000554830649984467	0.00083469850868403	0.000960304199588386
mextraccion_autoservicio_rank_delta2	0.000552550077707288	0.000862707319955355	0.00111906416806872
mpayroll_rank_delta2	0.000552407484389632	0.00126620453973285	0.000536298917915288
vm_mconsumototal_rank_tend6	0.000552191107805659	0.000768036004514771	0.00108421441889011
rf_011_019	0.000548836581047077	0.000651617096322731	0.00115778611160051
vmr_Master_mlimitecompra_tend6	0.000545666978569586	0.00157123749364535	0.000997090045943586
Master_mconsumototal_rank	0.000544457311172625	0.000606676744444029	0.0010319397951222
rf_003_025	0.000540902520259349	0.000650399757919086	0.00115778611160051
vmr_msaldototal_lag2	0.000540885569120027	0.000701489587885525	0.00105710905841786
vmr_mconsumospesos_lag2	0.000539628073609384	0.000704766862637503	0.00115004172289416
vmr_mpagospesos_lag2	0.000534893428561664	0.000645553276019838	0.00110163929347942
mpayroll_rank	0.000534451493248125	0.00267459122131461	0.000373666755081771
Master_mconsumospesos_rank_lag1	0.000534049133153688	0.000608921037685696	0.00112100026524531
Master_fultimo_cierre_delta2	0.000530819994126766	0.000703674898777073	0.000979665171354281
cmobile_app_trx_tend6	0.000528304903837009	0.00283912915582674	0.000913837867350238
mcaja_ahorro_dolares_rank_delta1	0.000527783208305507	0.00114164433826119	0.000809288619814406
ctarjeta_visa_delta2	0.000524321672284534	0.00037706448210793	6.00190124742741e-05
ccomisiones_mantenimiento_delta2	0.000521599533251203	0.00181726117501061	0.000162632162833517
rf_017_021	0.000518161162228239	0.000745028491462015	0.000964176393941565
vm_mpagospesos_rank	0.000517404176063024	0.000347804197756301	0.000557595986857772
vm_mpagospesos_rank_delta1	0.000516805917770715	0.000901663235648952	0.00115391391724733
vmr_msaldopesos_lag1	0.000516360802685904	0.000621019335313281	0.00101645101770948
Master_cconsumos	0.000510934683192181	0.000386735710367019	0.000935134936292722
mcuenta_debitos_automaticos_rank_tend6	0.000504249092433372	0.0015819324658105	0.000762822287576258
vm_status02_tend6	0.00050054658278969	0.000967068437661431	0.000408516504260382
vmr_mconsumospesos_lag1	0.000500346930939678	0.000602565565963125	0.000997090045943586
ctransferencias_emitidas_tend6	0.000496582608204913	0.00172147704935134	0.000838330077463248
vm_mpagominimo_rank_delta1	0.000494968404189684	0.000774708074128383	0.00102806760076902
mcuenta_debitos_automaticos_rank_lag1	0.000493239116521527	0.000998364255278513	0.000760886190399669
Master_mconsumospesos_rank_delta2	0.000489831648570712	0.000734061627458463	0.0010319397951222
Master_mpagado_rank_tend6	0.000483870556770011	0.00063329349321425	0.000594381833212973
mpagomiscuentas_rank_delta2	0.000482911877230227	0.00118309336972371	0.00064278426262771
rf_010_015	0.000482092040610261	0.00101186014808996	0.000820905202873943
vmr_msaldopesos2_delta1	0.000478228001132178	0.000592691752596974	0.00101451492053289
Master_msaldototal_rank_delta2	0.000478172183501529	0.000628595257573548	0.00100483443464994
rf_012_018	0.00047639128190681	0.00084688029054252	0.000815096911344174
ccaja_ahorro	0.000475164481001766	0.00434484427314263	0.000170376551539875
Master_msaldopesos_rank_delta2	0.000474973263764382	0.000866610133651672	0.00102225930923925
ctarjeta_debito_transacciones_tend6	0.00047410017708577	0.00109136227997744	0.000911901770173649
mtransferencias_emitidas_rank_delta1	0.000472828705516707	0.0010156899007345	0.000770566676282616
rf_010_016	0.000471456092005033	0.000951031215702741	0.000689250594865858
Master_mpagospesos_rank_delta2	0.000470927787118772	0.000876306950568518	0.00109776709912624
vmr_Visa_mlimitecompra_tend6	0.000466662961631721	0.00152437838762655	0.000739589121457184
vm_msaldopesos_rank_delta1	0.000460440483986555	0.000793489506735098	0.000968048588294744
mautoservicio_rank_lag1	0.000459892077818435	0.000730495023037608	0.000873179826641859
Visa_fultimo_cierre_delta2	0.000458629149663402	0.000367757027740187	0.0006815062061595
ccaja_seguridad	0.000458156541517696	0.00425477061707403	0.000143271191067622
Master_mconsumototal_rank_delta1	0.000457450364371837	0.00058892340285126	0.000958368102411796
ccaja_ahorro_lag2	0.00045715971885431	0.000565604281201734	0.000220715078131202
rf_018_026	0.000454525976431074	0.000375465981381414	0.000365922366375413
Master_mconsumototal_rank_delta2	0.000451144580007516	0.000822191632314549	0.00098353736570746
cpagomiscuentas_tend6	0.000450504800807551	0.00148506428012332	0.000466599419558067
rf_001_027	0.00044907944823397	0.000539025421428616	0.000691186692042447
tcallcenter_tend6	0.000446812256388514	0.00276820638713583	0.000505321363089856
Master_msaldototal_rank_delta1	0.00043586471246937	0.000813462738486654	0.000900285187114112
Visa_Fvencimiento_delta2	0.000435526779004565	0.000812195852932952	0.000300095062371371
mextraccion_autoservicio_rank_tend6	0.000432996482915056	0.00109834931731664	0.000766694481929437
vmr_mpagospesos_lag1	0.000432942884536415	0.000423392302385088	0.000836393980286659
mpagomiscuentas_rank_lag2	0.00043275481679421	0.000694081029278691	0.000851882757699375
vmr_msaldototal_delta1	0.000432246144525538	0.000654853962730993	0.000925454450409775
rf_015_020	0.000432006930884193	0.000422764688684715	0.000456918933675119
vm_msaldopesos_rank_lag2	0.000431023874723194	0.000526078449785098	0.00079379984240169
vm_msaldototal_rank_delta1	0.000428540235061406	0.000635102878071966	0.00094481542217567
mpayroll_rank_delta1	0.000425798053736903	0.00228350089442533	0.000547915500974825
ccomisiones_otras_lag1	0.000424509682785879	0.001440239620593	0.000669889623099963
vm_msaldototal_rank_lag2	0.000418230980060332	0.000545719918166981	0.000724100344044468
rf_014_023	0.000417955710159899	0.000334337845518866	0.000973856879824512
Master_mpagominimo_rank_delta1	0.000416727449894979	0.00063603315915858	0.000762822287576258
vm_msaldopesos_rank_lag1	0.000414312253829216	0.000811624060049692	0.000667953525923373
Master_mconsumospesos_rank_delta1	0.000412587654062024	0.000463175699943696	0.000882860312524806
vmr_mpagospesos_delta1	0.000410834822852513	0.00062060309973364	0.00094481542217567
Master_mpagominimo_rank_delta2	0.000410232601580748	0.000575053065974575	0.000865435437935501
Master_mpagospesos_rank_delta1	0.000409389668363903	0.000486714202344371	0.000948687616528849
vm_msaldototal_rank_lag1	0.000409077825556209	0.000623982778515596	0.000691186692042447
vm_mconsumospesos_rank_lag2	0.000409044443417101	0.000576949145995153	0.000813160814167585
ctarjeta_debito_transacciones_lag2	0.000408783441125112	0.000728793821887394	0.000853818854875964
cplazo_fijo_tend6	0.000407611427220919	0.00220989798552868	0.00018973752330577
Visa_fultimo_cierre_delta1	0.000407330837027629	0.000365036973180276	0.000714419858161521
thomebanking_delta1	0.000405758189265069	0.000743938651756573	0.000646656456980889
vm_status01_tend6	0.000403009155138985	0.000682853832791789	0.000363986269198824
mprestamos_prendarios_rank	0.000402235280622376	0.00587969089173915	0.000230395564014149
vmr_msaldopesos_delta1	0.000402054607490271	0.000669114699534797	0.000873179826641859
mpagomiscuentas_rank_lag1	0.000398380055670461	0.00108457590118613	0.000797672036754869
vm_mconsumospesos_rank_delta1	0.000397521069385838	0.000446390133243017	0.0007918637452251
active_quarter_lag1	0.000395842231962103	0.000973498551202282	0.000803480328284637
rf_001_022	0.000393513796534344	0.000725404460910611	0.000846074466169606
vm_mconsumototal_rank_delta1	0.000385074798527019	0.00038786492103816	0.000737653024280595
cextraccion_autoservicio_tend6	0.000383637819203401	0.00132125043546715	0.000666017428746784
mpayroll_sobre_edad_rank_lag2	0.000381774037610317	0.000503423052470734	0.00045498283649853
vm_Fvencimiento_delta2	0.000373396785661441	0.00059816639158508	0.00033881700590316
mautoservicio_rank_delta1	0.000370503106363943	0.000814592294950467	0.000760886190399669
matm_other_rank_lag2	0.000365963404383006	0.000618551610606303	0.000714419858161521
ccallcenter_transacciones_delta2	0.000359455460823861	0.0011919998033894	0.000352369686139287
rf_014_009	0.000359419852575865	0.000409799735822233	0.000290414576488423
Master_msaldopesos_rank_delta1	0.000355867114062679	0.000886012362903219	0.000768630579106026
ccajas_consultas_delta2	0.000353784758452694	0.00256679692576026	0.000234267758367328
vm_status04_tend6	0.000352885232942635	0.000336973625464622	9.29326644762954e-05
matm_rank_delta2	0.00035259860406718	0.00108339269745914	0.0007918637452251
ctarjeta_debito_tend6	0.000352267639880649	0.00604544216333972	0.000396899921200845
mpayroll_rank_lag2	0.000352247316624783	0.000463224407311549	0.000402708212730613
vm_mconsumospesos_rank_lag1	0.000352048551963733	0.00045365360712431	0.000627295485214994
mextraccion_autoservicio_rank	0.000349596192850909	0.00069407900392161	0.000675697914629731
rf_009_018	0.000348775785974931	0.000802438868091113	0.00056727647274072
mtarjeta_visa_descuentos_rank_delta1	0.000346523170358989	0.000412283613986907	0.000524682334855751
rf_008_023	0.000345164675494312	0.000674559748549938	0.000487896488500551
rf_013_018	0.000344895847200634	0.000763518371446958	0.000592445736036383
mplazo_fijo_dolares_rank_delta2	0.000344479873469409	0.00221829812932305	0.000243948244250275
vm_mconsumospesos_rank	0.000342545649216038	0.000709176213199906	0.000712483760984931
cproductos	0.000340173951005968	0.0005209886286424	3.29136520020213e-05
Master_mconsumosdolares_rank	0.000337673401122673	0.000358373400186614	0.000733780829927416
vm_mpagospesos_rank_lag2	0.00033384150242475	0.000382525486984954	0.000664081331570194
mtarjeta_master_consumo_rank	0.000331847569116183	0.000914576122014764	0.000311711645430907
rf_001_019	0.000331639286955118	0.00117250875482	0.000520810140502572
Visa_mpagosdolares_rank_lag1	0.000330523144269792	0.00030738962977269	0.00071635595533811
Master_Fvencimiento_delta1	0.00032859517793744	0.000286106041388619	0.000695058886395626
Master_cconsumos_delta2	0.000328529813643383	0.000352516166305993	0.000706675469455163
rf_007_025	0.000326797870272211	0.000688204184013651	0.000698931080748805
vm_mconsumototal_rank_lag1	0.00032428867565338	0.000384719393294359	0.000619551096508636
Visa_msaldodolares_rank_tend6	0.000323128214551816	0.00117783514754957	0.000542107209445056
matm_rank	0.000322263940412663	0.000607332466148772	0.000619551096508636
vm_cconsumos_delta2	0.000320823527611998	0.000651447657913264	0.000238139952720507
Visa_fechaalta_delta1	0.000320359794930617	0.000236891988472994	0.000412388698613561
rf_011_017	0.000319409578326863	0.000803569066741317	0.000584701347330025
mtarjeta_master_consumo_rank_lag2	0.000318760316490358	0.000358000635685786	0.000629231582391583
vm_fultimo_cierre_delta2	0.000306207488204354	0.000390871440127662	0.000524682334855751
vmr_Master_mlimitecompra_delta2	0.000305224215051324	0.000967830169519735	0.000410452601436971
Master_cconsumos_delta1	0.000304128507787569	0.000276813604302648	0.000638912068274531
mtarjeta_master_consumo_rank_delta2	0.000300468907313311	0.000465526793722175	0.000542107209445056
vm_mpagospesos_rank_lag1	0.000298496633005213	0.000655088212567056	0.000563404278387541
Visa_mpagado_rank_delta2	0.000297047493527374	0.000730471212742167	0.000470471613911245
mcuenta_debitos_automaticos_rank_delta1	0.00029638700845874	0.00118287107443433	0.000553723792504593
vm_cconsumos_lag2	0.000296112844432991	0.000657691734996374	0.000462727225204888
vmr_mconsumospesos_delta1	0.00029231280522491	0.000516038260744578	0.000654400845687247
rf_005_025	0.000288346844675419	0.00066970012652914	0.000522746237679162
matm_rank_tend6	0.000288054820067515	0.000601914092568357	0.000598254027566152
catm_trx_tend6	0.000285396293906258	0.00204931873492893	0.000540171112268467
Master_mconsumosdolares_rank_delta1	0.000285249828681886	0.000835202229809785	0.000561468181210951
ctarjeta_debito_transacciones_delta2	0.000279772537289467	0.000622667531386714	0.00052855452920893
vmr_mconsumosdolares_lag1	0.000279196584517008	0.0012804042194305	0.000532426723562109
vmr_mpagado_tend6	0.000278280938257394	0.000563162342748325	0.000493704780030319
cmobile_app_trx_lag1	0.000273623375352801	0.000769402626554978	0.000412388698613561
mtarjeta_visa_consumo_rank_lag1	0.000273596825171305	0.00045348984959446	0.000576956958623667
vm_mconsumosdolares_rank_lag1	0.000271639429942447	0.00155533196929588	0.000472407711087835
mextraccion_autoservicio_rank_lag1	0.000270422536314339	0.000468738417265354	0.000602126221919331
mextraccion_autoservicio_rank_delta1	0.000270249752979705	0.000759486033695357	0.000493704780030319
matm_rank_lag1	0.000269653618108848	0.000473201513888836	0.00056534037556413
rf_014_022	0.00026863387884092	0.000487665922576673	0.000234267758367328
ctarjeta_visa_transacciones_lag1	0.000265549089194425	0.000465405222898356	0.000441430156262403
mpagomiscuentas_rank_delta1	0.000260462687438799	0.000777857948980065	0.000429813573202866
mv_status07_rank_tend6	0.000258838302152696	0.00109962830561388	0.000375602852258361
mv_status07_rank_lag1	0.000256843984110838	0.00114199181049799	0.000485960391323961
vm_mpagado_rank_tend6	0.000255005992911188	0.00077112126553567	0.000484024294147372
mpayroll_sobre_edad_rank_delta1	0.000253182371005443	0.000964016767928706	0.000381411143788129
ctarjeta_visa_descuentos_delta2	0.000251688895908818	0.0011576021761021	0.000278797993428886
mtarjeta_visa_descuentos_rank_delta2	0.00024825158784221	0.000354194495740876	0.000466599419558067
mtarjeta_master_consumo_rank_tend6	0.000247889580707161	0.000759372811294629	0.000329136520020213
mpayroll_rank_lag1	0.000245002148963435	0.000264222403920058	0.000282670187782065
ccajeros_propios_descuentos_delta2	0.00024428400082352	0.000228945327068981	0.000253628730133223
vm_mconsumosdolares_rank_tend6	0.000244135070480795	0.000514658597380726	0.000451110642145351
mv_status07_rank_lag2	0.000241694125341661	0.00103238689511209	0.000466599419558067
rf_006_018	0.000240921470526067	0.000636444059651277	0.000431749670379456
Visa_mpagado_rank_lag2	0.000240593363479928	0.000399970924902444	0.00045498283649853
rf_003_028	0.000235957989848326	0.00030394963486888	0.000505321363089856
Visa_mpagado_rank_delta1	0.000234439347004967	0.000605018964973676	0.000406580407083792
rf_013_017	0.000233599023538732	0.000682995113797934	0.000333008714373392
vmr_mconsumosdolares_tend6	0.000230740165044693	0.000852348310070898	0.000460791128028298
cproductos_lag1	0.000229046702781736	0.000795561595225918	0.000236203855543917
ccuenta_debitos_automaticos_tend6	0.000228818557768194	0.00139589590927102	0.000280734090605476
Master_status_tend6	0.000223519199684634	0.000648763960982906	0.00030203115954796
rf_003_021	0.000223016872069427	0.000555291360540611	0.00037753894943495
mcheques_emitidos_rank_delta2	0.000221883287737301	0.00351687548265059	0.000238139952720507
vm_cconsumos	0.000218089473589358	0.000428387672729273	0.000255564827309812
ctarjeta_master_transacciones_tend6	0.00021731992121327	0.000893930274116471	0.000298158965194781
Visa_msaldodolares_rank_lag2	0.000216090754437074	0.000524803857994698	0.000394963824024255
rf_010_021	0.000209233714064046	0.00059711088415211	0.000315583839784086
Visa_mpagado_rank	0.000206974411611514	0.000447853626630445	0.000398836018377434
mv_status07_rank	0.00020534120857863	0.000330276115390112	0.000284606284958655
vmr_Visa_mlimitecompra_delta2	0.000203655049680176	0.000952895927388038	0.000276861896252297
vm_cconsumos_lag1	0.00020283922269146	0.000504141362649178	0.000296222868018192
Master_mpagado_rank_lag2	0.000199935112212217	0.000493211696057384	0.000360114074845645
mv_status07_rank_delta2	0.000198118014174862	0.00122279007211946	0.000394963824024255
rf_015_023	0.000196201953754326	0.000488910628000389	0.000334944811549981
ctarjeta_debito_transacciones_lag1	0.000193119544211813	0.000838306954018244	0.000433685767556045
vmr_msaldodolares2_tend6	0.000190915740412387	0.00146287758007689	0.000348497491786108
ctarjeta_debito_transacciones	0.000188677594368358	0.000582301522574096	0.000325264325667034
cprestamos_personales	0.000186608682829181	0.00218971772276428	0.000133590705184675
cpayroll_trx_tend6	0.000183673451291616	0.00089282097122347	0.000259437021662991
vmr_mpagado_lag2	0.000183275877661466	0.000474607457495789	0.000354305783315876
cmobile_app_trx	0.000182311371208197	0.00129692737889179	0.000292350673665013
internet_delta2	0.000180404683932334	0.00120122792303831	0.000243948244250275
matm_rank_delta1	0.000178459105082055	0.000393924740025843	0.000344625297432929
ctarjeta_visa_transacciones_delta1	0.000176317807103918	0.00181525789926159	0.000185865328952591
vmr_mpagado_lag1	0.00017457722702298	0.000560248051504442	0.000329136520020213
vm_mconsumosdolares_rank_delta2	0.000172430236394111	0.000343634481515859	0.000298158965194781
mforex_sell_rank_tend6	0.000170841635800797	0.00228982974011212	0.000259437021662991
rf_009_022	0.000170590551412773	0.000230936549473416	0.000255564827309812
mv_status07_rank_delta1	0.00016897592223615	0.000665502351683281	0.000282670187782065
cextraccion_autoservicio_lag2	0.000163244571558825	0.000647215451997026	0.000329136520020213
mtarjeta_visa_descuentos_rank_lag2	0.000162718395300864	0.00102674113815011	0.000292350673665013
vm_mpagado_rank_delta2	0.000162217170362662	0.000738853721110241	0.000247820438603454
ccajas_depositos_tend6	0.000160729590294069	0.00262480591890421	0.000230395564014149
ccallcenter_transacciones_delta1	0.000160281464287322	0.00131802557300451	0.00015101557977398
rf_016_027	0.000152710369125135	0.000474534742236682	0.000191673620482359
Master_mpagado_rank	0.000152615566036948	0.000538239237088479	0.000307839451077729
vm_status05_tend6	0.000150912249512829	0.000569411260928849	9.29326644762954e-05
mtarjeta_master_consumo_rank_lag1	0.000149945437338955	0.000279540031327521	0.000240076049897096
cextraccion_autoservicio_delta2	0.000149918759728249	0.000356030160841693	0.000284606284958655
rf_020_018	0.000149806303547813	0.000500670740394385	0.000216842883778023
mtarjeta_master_consumo_rank_delta1	0.000144848010714161	0.00172808238097918	0.00026330921601617
ctarjeta_debito_lag2	0.000143867298179561	0.00172650546759522	0.00022845946683756
rf_007_023	0.000143498836283032	0.000522120605654919	0.000253628730133223
Master_mpagado_rank_delta2	0.000142448219360258	0.000437158605066339	0.000255564827309812
vm_status05_delta1	0.000140859928496072	0.00072784160766556	0.000116165830595369
rf_004_026	0.00014039945750554	0.00057753788271936	7.550778988699e-05
ctransferencias_recibidas_delta2	0.000136499401198712	0.00165603875004022	0.000181993134599412
Master_delinquency_lag2	0.000135600292028349	0.000972715182602477	0.000245884341426865
ccajas_otras_tend6	0.000135150178982532	0.00192200138028352	0.000193609717658949
vmr_msaldodolares_tend6	0.000131730937681701	0.000476985276107947	0.000220715078131202
vm_Finiciomora_lag2	0.000131485502692207	0.000940100956323508	0.000170376551539875
vmr_mpagado	0.000130278233219671	0.000281751177871592	0.000247820438603454
ctarjeta_debito_transacciones_delta1	0.000128419129034516	0.00114157048682616	0.000183929231776001
vmr_mpagado_delta2	0.000128324179644328	0.000474709565132048	0.000207162397895075
ctransferencias_recibidas_lag2	0.000126726650984224	0.000863635180493263	0.000218778980954612
vmr_mconsumosdolares_delta2	0.000125280008412217	0.000344588523498961	0.000255564827309812
Master_msaldodolares_rank	0.000121831063803144	0.00051931652347562	0.000195545814835538
Visa_msaldodolares_rank_delta1	0.000121355809397003	0.000214929856067802	0.000185865328952591
vmr_Master_mlimitecompra_delta1	0.000120645333903035	0.000642269184212319	0.000242012147073686
vmr_msaldodolares2_lag2	0.000119798784208317	0.000692956560907058	0.000218778980954612
cmobile_app_trx_delta1	0.00011895415665229	0.0016430585329012	0.000234267758367328
mforex_sell_rank_delta2	0.000117267099345564	0.00159911134697653	0.000220715078131202
vm_msaldodolares_rank_tend6	0.000117083517878965	0.000515450758994201	0.00022845946683756
vm_status05_lag1	0.000112725406744627	0.000179407562813053	0.00011422973341878
vm_mpagado_rank_lag2	0.000110038041031518	0.000261859404993858	0.00018780142612918
catm_trx_lag2	0.000109604499956058	0.000353650020478734	0.000203290203541896
rf_015_025	0.000109329305627042	0.000444403554340182	0.000193609717658949
vm_cconsumos_delta1	0.000108643359215051	0.000177646391333657	0.000104549247535832
ccajeros_propios_descuentos_lag2	0.00010689010663403	0.000182252596724553	0.000156823871303748
ctarjeta_master_transacciones_delta2	0.0001063340010254	0.0004078680391564	0.000129718510831496
rf_015_028	0.000105078439074156	0.000272855760172468	0.000482088196970782
ctransferencias_recibidas_lag1	0.000104980152111969	0.00061954759230067	0.000166504357186696
mcaja_ahorro_adicional_rank_lag2	0.000104666655413049	0.00101401250987973	0.000158759968480338
cforex_tend6	0.000104084539820669	0.00165638898861839	0.000185865328952591
cseguro_vida_lag1	0.000103590590025157	0.00136911594635944	0.000137462899537854
cforex_sell_tend6	0.000101322539042956	0.00226567641833995	0.000170376551539875
catm_trx_delta2	0.000100840295442046	0.000575340370286372	0.00022845946683756
vmr_msaldodolares2_delta2	9.94232431528518e-05	0.00100511215228528	0.000205226300718486
vmr_msaldodolares2	9.75417994102188e-05	0.000608183017324926	0.000164568260010106
rf_017_018	9.6960549611766e-05	0.000677610529101506	0.000168440454363285
cpayroll_trx_delta2	9.60399547504014e-05	0.000998313324957767	8.90604701231164e-05
minversion2_rank_tend6	9.55327458880988e-05	0.00189323883978431	0.000100677053182653
vm_mpagosdolares_rank_tend6	9.55323965838043e-05	0.000428331407321581	0.00015295167695057
vmr_mpagosdolares_lag2	9.53167946736527e-05	0.000365226566362648	0.000170376551539875
rf_008_027	9.39799674655975e-05	0.000211364931211355	0.000247820438603454
ccomisiones_mantenimiento_lag2	9.32242535165424e-05	0.000657433329072198	0.000102613150359243
mforex_buy_rank_tend6	9.03949722562515e-05	0.00313704204101908	0.000197481912012128
mttarjeta_master_debitos_automaticos_rank_tend6	8.68830673832265e-05	0.000357136549196456	0.000147143385420801
rf_010_022	8.57175345480967e-05	0.000619260781978406	0.000170376551539875
vmr_mpagado_delta1	8.22726933598307e-05	0.000297295694671091	0.000154887774127159
vmr_Visa_mlimitecompra_delta1	8.16122935305847e-05	0.000428209441306137	0.000154887774127159
vmr_msaldodolares2_lag1	8.15748360613828e-05	0.000642238556861337	0.000158759968480338
mttarjeta_master_debitos_automaticos_rank	8.02059463238645e-05	0.00139412416641564	0.000160696065656927
cinversion2_lag1	7.97792414169801e-05	0.00214072023485947	9.48687616528849e-05
mcajeros_propios_descuentos_rank_lag1	7.97668339355376e-05	0.000223506255327176	0.000120038024948548
vmr_msaldodolares_delta2	7.89718018763365e-05	0.000390790030652793	0.000129718510831496
rf_001_018	7.68750629286638e-05	0.000327390475539084	0.000178120940246233
catm_trx_other_lag2	7.59361573386984e-05	0.000397868703050174	0.000135526802361264
Master_msaldodolares_rank_delta2	7.5295843385767e-05	0.000239492052975588	0.000131654608008085
rf_014_019	7.51929624844471e-05	0.000229193260415078	0.000166504357186696
ccallcenter_transacciones_lag2	7.50183843857458e-05	0.000889498002439784	0.000168440454363285
ctransferencias_emitidas_delta2	7.21328879662077e-05	0.000331396582446537	0.000106485344712422
ctransferencias_emitidas_lag2	7.10457243711448e-05	0.000233951663980775	0.000100677053182653
cliente_edad_tend6	7.10052479250275e-05	0.000815899045459399	0.000121974122125138
ctarjeta_visa_debitos_automaticos_delta2	6.94722171708379e-05	0.000295323639060496	4.45302350615582e-05
rf_005_017	6.80339810841545e-05	0.000364908832295682	0.000116165830595369
vm_mpagado_rank_lag1	6.58979230706385e-05	0.000258020118351353	0.000127782413654906
cseguro_vida_tend6	6.54925629916498e-05	0.000755373126251091	0.00011422973341878
mttarjeta_master_debitos_automaticos_rank_delta1	6.54044371356742e-05	0.000449404901957704	0.000118101927771959
mcaja_ahorro_adicional_rank_lag1	6.53347985343758e-05	0.000941271909110101	0.000108421441889011
ccajeros_propios_descuentos_tend6	6.19046827373354e-05	0.00115963178149317	9.09965672997059e-05
rf_017_009	5.96451088255916e-05	0.000568501480407811	0.000121974122125138
ccomisiones_mantenimiento_lag1	5.94128389608289e-05	0.00137697788855872	9.87409560060639e-05
vmr_msaldodolares_lag1	5.93389118514982e-05	0.000279825853670721	0.000110357539065601
ctarjeta_visa_debitos_automaticos_lag2	5.85592270477708e-05	0.000896393404720802	0.000104549247535832
cextraccion_autoservicio_lag1	5.8434443127063e-05	0.00038275746446917	8.71243729465269e-05
internet_delta1	5.83972770358874e-05	0.000451282951360365	9.48687616528849e-05
cpagomiscuentas_lag2	5.617711487381e-05	0.000286799652090464	7.74438870635795e-05
mcheques_emitidos_rank	5.60024059362243e-05	0.000839551313649288	8.13160814167585e-05
mtarjeta_visa_descuentos_rank_tend6	5.471985317442e-05	0.000558160501141271	0.000102613150359243
cliente_edad_delta2	5.46849747676656e-05	0.000462170036054502	0.000116165830595369
ctarjeta_master_debitos_automaticos_tend6	5.31742418784322e-05	0.000741187525255101	8.90604701231164e-05
vmr_mpagosdolares_delta2	5.28776681305421e-05	0.000716977740479425	0.000104549247535832
rf_002_012	5.10058869315805e-05	0.000108263141019142	2.90414576488423e-05
ctransferencias_emitidas_lag1	5.07229866040082e-05	0.000534130083964656	9.29326644762954e-05
ctransferencias_emitidas_delta1	5.07229526897327e-05	0.00056223729795075	7.550778988699e-05
cplazo_fijo_delta2	4.94340639828316e-05	0.000243253684463667	3.09775548254318e-05
mcaja_ahorro_adicional_rank_tend6	4.63625459891801e-05	0.000922074883110136	0.000106485344712422
vm_status03_delta1	4.49318960677259e-05	0.000600018358340452	6.38912068274531e-05
mcaja_ahorro_adicional_rank_delta2	4.43908342726757e-05	0.000889528876785533	8.90604701231164e-05
cplazo_fijo	4.3367746603903e-05	0.00192995895885619	6.38912068274531e-05
Master_msaldodolares_rank_delta1	4.21687289166482e-05	0.000220003968343384	8.71243729465269e-05
ccallcenter_transacciones_lag1	3.96369227207194e-05	0.00120175352790033	8.3252178593348e-05
ctransferencias_recibidas_delta1	3.70071155528772e-05	0.000345465947705654	5.42107209445056e-05
vmr_msaldodolares_delta1	3.6793295666969e-05	0.000200458679723377	7.35716927104005e-05
ctransferencias_recibidas	3.42541269731655e-05	0.000379040045044202	4.45302350615582e-05
ctarjeta_visa_debitos_automaticos_lag1	3.32844246451561e-05	0.000377653712821669	4.64663322381477e-05
cpagomiscuentas_lag1	3.21281466348322e-05	0.000218250107909062	5.22746237679162e-05
ctarjeta_master_transacciones_delta1	2.66024261028469e-05	0.000847924930205786	4.25941378849687e-05
ccheques_depositados_delta1	2.6047727710701e-05	0.00116961748348831	5.22746237679162e-05
ctarjeta_master_transacciones_lag1	2.58013003287788e-05	0.000212912205223406	4.84024294147372e-05
catm_trx_delta1	2.5800896704739e-05	0.000173360241760528	4.64663322381477e-05
ccuenta_debitos_automaticos_lag2	2.55044090124554e-05	9.16784798611175e-05	3.87219435317897e-05
ctarjeta_visa_debitos_automaticos_delta1	2.4281222355002e-05	2.82656858279514e-05	9.68048588294744e-06
cseguro_vida	2.41029035200632e-05	0.00114465219112243	4.64663322381477e-05
ctarjeta_visa_delta1	2.3124932550701e-05	0.000199794362600778	2.71053604722528e-05
catm_trx_lag1	2.2751819793331e-05	0.000147519303550273	4.25941378849687e-05
ccomisiones_mantenimiento	2.20497014680479e-05	0.00137859308613141	5.61468181210951e-05
cplazo_fijo_lag2	2.01772524329348e-05	0.000315118441793103	3.09775548254318e-05
ctarjeta_master_debitos_automaticos_delta2	2.00073754227414e-05	0.000279841019149353	2.51692632956633e-05
mtarjeta_master_descuentos_rank_tend6	1.8082946946941e-05	0.000845911675868224	4.64663322381477e-05
cextraccion_autoservicio	1.77664517040387e-05	0.000983204309329656	4.06580407083792e-05
cseguro_accidentes_personales_tend6	1.35442995399566e-05	0.000226220579608516	3.09775548254318e-05
ctransferencias_emitidas	9.18026744817475e-06	0.000468135107849953	2.32331661190739e-05
cpagomiscuentas	8.89840742496436e-06	0.000381902467387228	1.54887774127159e-05
ccuenta_debitos_automaticos_lag1	8.13573356570694e-06	0.000109169364815549	1.74248745893054e-05
rf_018_018	7.37314920709259e-06	0.000152240707300025	1.74248745893054e-05
cforex_lag1	7.28851591289863e-06	0.000232598676051651	1.93609717658949e-05
cpayroll_trx_lag2	5.03837008185746e-06	6.60136983179647e-05	9.68048588294744e-06
ctarjeta_visa_debitos_automaticos	4.51472122397802e-06	8.03716028627079e-06	3.87219435317898e-06
ctarjeta_debito	4.02923092660069e-06	0.000143584479332284	7.74438870635795e-06
cpayroll_trx_lag1	1.63571378781474e-06	4.18372578356977e-05	5.80829152976846e-06
ccuenta_debitos_automaticos	3.86196294276329e-07	0.000117049930420184	3.87219435317898e-06
ccheques_emitidos	2.08900266077578e-07	5.86465360339108e-05	1.93609717658949e-06
