Feature	Gain	Cover	Frequency
rf_007_015	0.0420093000400122	0.00127538810727962	0.00186149565651013
rf_006_016	0.0366321662678267	0.00116136407720138	0.00180199579534314
ctrx_quarter	0.0311699016814296	0.00164714068984688	0.000569498671169767
rf_012_015	0.0284747015580521	0.00084980072265004	0.00121266383711771
ctrx_quarter_normalizado_lag1	0.0276199435706341	0.001545540881387	0.00075933156155969
rf_006_025	0.0178232637004188	0.00166358976213956	0.000606331918558857
vm_status06_tend6	0.0169698421203317	0.0006729664662051	0.000101999762000555
rf_010_029	0.0168438942667318	0.00131573355401411	0.00261232723790311
mcaja_ahorro_rank	0.0153797212058275	0.00181919365261386	0.000912331204560523
rf_002_024	0.0129188596291258	0.00142000406875744	0.000555332037558579
cdescubierto_preacordado_delta2	0.010754585750311	0.00147754668264886	0.000297499305834953
rf_004_025	0.00973349485435659	0.000832726555645819	0.000407999048002221
vm_status02	0.00905771890944963	0.00176486659600492	0.000739498274504026
ctrx_quarter_lag1	0.00896641442850667	0.00137756796858868	0.000713998334003887
rf_004_015	0.00880961966974119	0.000700720760275271	0.00125799706467352
rf_009_015	0.00792892589880726	0.000785105721298212	0.00136283015339631
rf_017_026	0.00760125267798663	0.00100016674287953	0.000504332156558301
foto_mes	0.00731921597665718	0.00669752968976797	0.00214199500201166
cdescubierto_preacordado	0.00729966781449739	0.00259961921016611	0.00173966260745392
ctrx_quarter_normalizado	0.00704705673191835	0.00226786069067128	0.000852831343393532
mpasivos_margen_rank	0.00674402827771643	0.00254069058294104	0.00215899496234509
rf_014_025	0.00638588326038431	0.000717694686122784	0.000390999087668796
rf_017_024	0.00540859829671324	0.000922414521446048	0.00250466082245808
rf_019_016	0.0052779034888487	0.000634702912119823	0.000575165324614243
rf_003_015	0.00524129040145258	0.000650942963507835	0.000781998175337591
rf_007_027	0.00486944488568195	0.000956792603868758	0.00208816179428915
mprestamos_personales_rank	0.00485075200896624	0.00529271558438517	0.000895331244227097
rf_001_028	0.00464616950619386	0.00173179555288233	0.0012721636982847
mtarjeta_visa_consumo_rank	0.00417622892973207	0.00103421591495841	0.000745164927948501
rf_004_021	0.00405067880581104	0.000867373683047713	0.00141383003439659
rf_001_015	0.00397494368657842	0.000933797574545978	0.00208249514084467
ctarjeta_visa_transacciones	0.00392162202384963	0.00212322568400852	0.000645998492670184
ctrx_quarter_normalizado_delta2	0.00353392441248965	0.00224416771880458	0.00239699440701305
rf_014_015	0.00353318980887018	0.00120563727590899	0.00271149367318143
mcuentas_saldo_rank	0.00342113074991757	0.00390756017282821	0.00145916326195239
ccomisiones_mantenimiento_tend6	0.00339952325414408	0.00469842084114222	0.000657331799559134
vm_status01	0.00338783334315936	0.00136163102131891	0.000645998492670184
mcuentas_saldo_rank_delta2	0.00335208586428447	0.00244394066256686	0.00425565673680095
mrentabilidad_annual_rank_delta2	0.00326650523334321	0.00277395505576731	0.00657048466886911
rf_002_023	0.00325191252364635	0.00155125786500083	0.00588765292880983
mprestamos_personales_rank_delta2	0.00323455855634645	0.00430897182189495	0.000971831065727513
mcomisiones_mantenimiento_rank_tend6	0.00316586770777984	0.00287740259632762	0.00181616242895433
thomebanking	0.00312894724618125	0.00208150914266858	0.00463815584430303
rf_009_025	0.00308760538473027	0.000830447640558455	0.000311665939446141
mcuentas_saldo_rank_tend6	0.00307641188389117	0.00268873432854547	0.00270299369301472
mcuenta_corriente_rank	0.00297481066251675	0.00283709098653837	0.0021674949425118
mactivos_margen_rank	0.00295519399059245	0.0035578927993574	0.00281632676190422
rf_013_022	0.00294884067049261	0.00107715395097614	0.00118999722333981
mprestamos_personales_rank_tend6	0.00293986406618602	0.0020489857438388	0.000597831938392144
mprestamos_personales_rank_delta1	0.00288335525771073	0.00414626296647073	0.000832998056337869
mrentabilidad_annual_rank_delta1	0.00284199021395514	0.00266946913998236	0.00567232009791977
mprestamos_personales_rank_lag2	0.00273886632326643	0.00213887492201787	0.00095199777867185
vm_status06	0.00272162877329519	0.000453183603664789	0.000439165641946835
ctrx_quarter_lag2	0.00263419097584093	0.00186228109810741	0.00178216250828748
mrentabilidad_rank_delta2	0.002617110878896	0.00248284435705979	0.00603781924508843
mactivos_margen_rank_delta1	0.002601134772647	0.00285294680132032	0.00519915453530608
mactivos_margen_rank_delta2	0.00257116922756076	0.00332783286934832	0.00564115350397516
rf_013_023	0.00250223141752957	0.000883114464912651	0.00156966300411966
rf_003_028	0.00249621061954632	0.000329978556510792	0.000427832335057885
mrentabilidad_annual_rank_lag2	0.00249409386841384	0.00263121774307346	0.00436898980569045
mcomisiones_rank_tend6	0.00248182498106542	0.00185719041540017	0.00306849284018337
mcomisiones_otras_rank_delta2	0.0024659979267995	0.00207197340902341	0.00503765491213854
ctrx_quarter_delta2	0.00243496233729598	0.00193998062786257	0.00236866113979067
mcomisiones_rank_delta2	0.00241134132452075	0.00246827802826585	0.00572615330564229
mcomisiones_otras_rank_lag2	0.00239067810635503	0.00204638493338406	0.00450215616163562
rf_004_023	0.00238104675108775	0.00124221526764355	0.00424149010318976
rf_009_021	0.00234802309652568	0.000759978012166395	0.00112199738200611
Visa_cconsumos_tend6	0.00233047228669537	0.00216724231233308	0.00432365657813465
thomebanking_lag2	0.00230231034165748	0.00194001614713247	0.00600665265114381
mcuenta_corriente_rank_lag2	0.00228973519539847	0.00308954230873372	0.0019946620124553
mcomisiones_rank_lag2	0.00227724336086167	0.0021860846025647	0.00499798833802721
Visa_msaldototal_rank	0.00225794124223364	0.00154948631364014	0.00207966181412243
Visa_mpagospesos_rank_tend6	0.00223908958172422	0.00284878136543921	0.00471748899252568
Visa_status_tend6	0.0022181363716057	0.000635943198046748	0.000297499305834953
rf_009_024	0.00219806119815466	0.00102870490501966	0.0015951629446198
Master_mfinanciacion_limite_rank_tend6	0.00219283510455971	0.00322454407040444	0.00541732069291838
Master_fechaalta	0.00219131746891595	0.00241822677438472	0.00464665582446974
mrentabilidad_rank_delta1	0.00218860698603903	0.00260250376213441	0.00467498909169212
tcallcenter	0.00217588315884811	0.00135652415020448	0.00102283094672779
rf_015_015	0.00215117327919365	0.000940381558462003	0.00189832890389922
rf_020_021	0.00214432028163977	0.0010857108255996	0.00323565911679539
mcomisiones_otras_rank_tend6	0.00214035786735399	0.00217795402266405	0.00354732505624154
mcuentas_saldo_rank_delta1	0.00212887515817583	0.00267250944982145	0.00302032628590533
Master_mlimitecompra_rank_delta2	0.00209129779592211	0.00257324708865063	0.00566948677119753
rf_005_019	0.00208626153276897	0.000870009314448911	0.00169149605317588
mcomisiones_otras_rank_delta1	0.00208328862180601	0.00255545898114714	0.00443132299357968
Master_mlimitecompra_rank_tend6	0.00206234105202857	0.00236011645527236	0.00507732148624987
mpasivos_margen_rank_delta2	0.00206033616868617	0.00309874941771283	0.00510565475347224
mcomisiones_otras_rank_lag1	0.00204905945539109	0.00191386564808569	0.00381365776813187
mrentabilidad_annual_rank_lag1	0.00203871676575025	0.00233027922106781	0.00336882547274056
Master_fechaalta_lag2	0.00202450226114156	0.00254821251047315	0.00444265630046863
Master_fechaalta_lag1	0.00202442942474887	0.00260303086936947	0.00429815663763451
rf_017_023	0.00201390872219885	0.000545208635850384	0.000405165721279984
chomebanking_transacciones_lag2	0.00200559635516271	0.00219204644377285	0.00435198984535703
thomebanking_lag1	0.00198681808857731	0.00164817328803209	0.00456732267624709
chomebanking_transacciones_delta2	0.00198173430523923	0.00304335205345251	0.0038533243422432
mrentabilidad_annual_rank	0.00197739250437994	0.00272807806203631	0.00331499226501805
rf_016_023	0.00195535130519821	0.00126473048527387	0.00335749216585161
mprestamos_personales_rank_lag1	0.00194574112659652	0.00247716501942818	0.00077066486844864
rf_010_027	0.00192715581501636	0.000817383468984301	0.000852831343393532
Visa_mpagominimo_rank	0.00190780085408145	0.0016344670715318	0.00256416068362507
mcomisiones_rank_delta1	0.00190250155535406	0.00178796342184118	0.00392415751029914
Master_mfinanciacion_limite_rank_delta1	0.00188778797278514	0.0028912535879754	0.00529265431713993
Master_Fvencimiento	0.00187033018422381	0.00196780078653064	0.00431798992469018
Master_Fvencimiento_lag1	0.00185912428011752	0.00197671698030987	0.00436898980569045
Visa_mpagominimo_rank_lag1	0.00185636689894147	0.00151739460566889	0.00233466121912382
mcomisiones_rank_lag1	0.00184763974840458	0.00155773738607748	0.00357282499674167
mactivos_margen_rank_lag1	0.00182645878714866	0.00268239040918555	0.00276532688090395
Master_Fvencimiento_lag2	0.0018219174939879	0.00208208837022641	0.00410832374724459
mcomisiones_rank	0.0018201979645411	0.00165243690184154	0.00343115866062979
Master_mfinanciacion_limite_rank_delta2	0.00181744991419337	0.00214196484456372	0.00491865518980456
cproductos_delta1	0.00178604770751792	0.00100624387094048	0.000150166316278595
Master_mfinanciacion_limite_rank	0.00177943103763596	0.00253205498821985	0.00390715754996572
Visa_mconsumototal_rank_tend6	0.00176802582643111	0.00198540326696496	0.00437465645913493
Visa_mconsumototal_rank	0.00176548537038631	0.00171908828807386	0.0036351581846309
internet_lag1	0.00176076623192215	0.00182872576767389	0.000308832612723904
cliente_edad_lag2	0.0017585252505665	0.00261856942311237	0.00261232723790311
chomebanking_transacciones	0.00175730728628222	0.00259496056747913	0.00310532608757246
Visa_mconsumospesos_rank_tend6	0.00175652669257402	0.00182479446059958	0.00424149010318976
Visa_fechaalta	0.00175288661252099	0.00216612140797372	0.00304865955312771
Master_mlimitecompra_rank_delta1	0.00174699315805316	0.00269312129166935	0.00515665463447252
ctarjeta_visa_transacciones_tend6	0.00173211313053606	0.00223372216493308	0.00137133013356302
Master_delinquency	0.00172621780527726	0.00116945561447292	0.000560998691003054
Visa_mpagospesos_rank	0.00171789910761308	0.00139068505403498	0.00330082563140686
Visa_mfinanciacion_limite_rank_delta2	0.00171496358736639	0.00221808159248287	0.0043576564988015
Visa_mlimitecompra_rank_tend6	0.00170770288165993	0.00368171227591938	0.00373715794663146
Visa_fechaalta_lag1	0.00170371339194263	0.001987711670347	0.0033489921856849
mactivos_margen_rank_lag2	0.00169398682863807	0.00228296085599895	0.00315065931512827
Visa_mfinanciacion_limite_rank_tend6	0.00168565792856379	0.00222579321005693	0.003612491570853
ccaja_ahorro_tend6	0.00167816861010529	0.00452396228106609	0.000439165641946835
rf_012_025	0.0016725473652121	0.000594221197087126	0.000416499028168934
mrentabilidad_annual_rank_tend6	0.00166605482062808	0.00265942474118954	0.00305432620657219
mcomisiones_otras_rank	0.00165875727460031	0.00151874494102276	0.00311382606773918
chomebanking_transacciones_delta1	0.00165377441543833	0.00264142339109873	0.0029126598704603
Visa_Fvencimiento_lag1	0.00165056035568834	0.0023309444693776	0.00331499226501805
vm_fechaalta	0.00164426256066754	0.00200850072764072	0.00280782678173751
mcuenta_debitos_automaticos_rank	0.00164100585717268	0.0027136001981264	0.000798998135671017
Visa_mconsumototal_rank_delta2	0.00163972896002368	0.00159366990475263	0.00410549042052235
mpasivos_margen_rank_delta1	0.00162754791860543	0.00239754697296858	0.00370599135268684
vm_mpagominimo_rank	0.00162586326482042	0.00159797627500226	0.00139116342061869
mpayroll_sobre_edad_rank	0.00161456696117622	0.00194387279708183	0.000419332354891172
Master_mlimitecompra_rank	0.00160776694277402	0.00164623756717726	0.00386182432240991
Visa_status	0.00159797461065627	0.000999944041183688	0.000436332315224598
Visa_mconsumospesos_rank_delta2	0.00158601093744451	0.00180826381143143	0.00417349026185606
mrentabilidad_rank_tend6	0.00158254376654113	0.0026632026392992	0.00272282698007038
Visa_fechaalta_lag2	0.00157655411285077	0.00185943263676456	0.00312799270135036
Visa_mlimitecompra_rank_delta2	0.00157248858932537	0.00198655727820413	0.00398932402491061
Visa_mfinanciacion_limite_rank_delta1	0.00155971113662746	0.00220950557744856	0.00398649069818837
Visa_mconsumospesos_rank	0.00155359890500796	0.00159815882309986	0.00354732505624154
Visa_mpagospesos_rank_delta1	0.00155032502235609	0.00183853210165502	0.00409982376707788
Master_mfinanciacion_limite_rank_lag2	0.00153295480109084	0.00158424923576644	0.00372015798629803
Master_mlimitecompra_rank_lag2	0.00153266433895313	0.00199950775002422	0.00366065812513104
rf_015_027	0.00152669957585936	0.000840489404767354	0.00149882983606372
vm_fechaalta_lag2	0.00151877006320387	0.00194069571107293	0.00296365975146058
Visa_mfinanciacion_limite_rank	0.00150665986761631	0.00147001640697736	0.00304865955312771
Master_mlimitecompra_rank_lag1	0.00150653076427635	0.00152904451355173	0.00362949153118643
cproductos_tend6	0.00150224615171811	0.00188391652341964	0.000368332473890894
Master_mfinanciacion_limite_rank_lag1	0.00150200311154876	0.00168789554457352	0.0035671583432972
mrentabilidad_rank_lag2	0.00150172809460907	0.00204639042474572	0.00354165840279706
mrentabilidad_rank	0.00149741556747115	0.00201748907092888	0.0028219934153487
Visa_cconsumos	0.00149687635039472	0.00124285109114261	0.00248766086212466
Visa_mconsumospesos_rank_lag2	0.00149635002248568	0.00172634504314772	0.00372299131302027
Visa_mpagospesos_rank_delta2	0.00148049925607096	0.00195615145000334	0.0041168237274113
mcuenta_corriente_rank_lag1	0.0014772972028965	0.00216493298843377	0.00170566268678706
vm_Fvencimiento_lag1	0.00147704216961709	0.00175021164361708	0.00315915929529498
Visa_mpagominimo_rank_lag2	0.0014658230372386	0.0013770837447617	0.00250182749573584
Visa_msaldopesos_rank	0.00146442365975985	0.00128471069356339	0.00201449529951097
Visa_mpagospesos_rank_lag2	0.00146046282808993	0.0017017533607459	0.00369749137252013
ctrx_quarter_tend6	0.00145808262752916	0.00198772541462213	0.00180766244878762
mrentabilidad_rank_lag1	0.00144344123082397	0.00202500890349064	0.00289282658340464
cproductos_delta2	0.00144330675002217	0.00106696376129265	0.000189832890389922
mcuenta_corriente_rank_tend6	0.00143856361995703	0.00355653097340861	0.00170282936006483
Visa_delinquency_tend6	0.00143638884929394	0.00211122023426491	0.000736664947781789
mtarjeta_visa_consumo_rank_delta2	0.00143620504268692	0.0016068600919671	0.00193232882456608
Visa_Fvencimiento_lag2	0.00143474390347322	0.00173258037321153	0.0030174929591831
Visa_Fvencimiento	0.00143325771390792	0.00202622744616477	0.0031308260280726
mcuentas_saldo_rank_lag2	0.00143301447941688	0.00313034998210658	0.00254432739656941
Master_fultimo_cierre_tend6	0.00142947429784334	0.0016792180187035	0.00299199301868296
vm_Fvencimiento_lag2	0.00142669488977589	0.00186182061727765	0.00299765967212743
vm_Fvencimiento_tend6	0.0014251347671615	0.00127859598300417	0.00141666336111882
rf_018_015	0.00141888615794274	0.000673627302380374	0.000762164888281927
Visa_mlimitecompra_rank_delta1	0.00141754446918789	0.00173469911829359	0.00362382487774195
cdescubierto_preacordado_tend6	0.00139759945508201	0.00114523350388477	0.000158666296445308
Visa_fechaalta_tend6	0.00139126685179578	0.0011148136139891	0.00107383082772807
vm_fechaalta_tend6	0.0013885683245689	0.00131090928170214	0.00117866391645086
Visa_mconsumospesos_rank_lag1	0.00138760140053977	0.00129182051503548	0.00325549240385106
Visa_mconsumototal_rank_lag1	0.00138468240119808	0.00137923972318031	0.00343115866062979
vm_status01_tend6	0.00137345367604763	0.000639127076838279	0.000388165760946558
Visa_mpagominimo_rank_tend6	0.0013667110217925	0.00214152286930533	0.00274266026712604
ctrx_quarter_normalizado_delta1	0.0013536432553449	0.00169907706787487	0.00101716429328332
chomebanking_transacciones_lag1	0.00135077959177048	0.00181758760391025	0.00287582662307121
Visa_mlimitecompra_rank	0.0013497394399491	0.00166766032125772	0.00285882666273779
mpasivos_margen_rank_lag2	0.00134609867526596	0.00235813064558115	0.00293249315751597
ctrx_quarter_normalizado_tend6	0.00134345549023074	0.00211796464212204	0.00180766244878762
rf_015_010	0.00133123039310126	0.00055471072300217	0.000209666177445586
vm_fechaalta_lag1	0.00132986856820096	0.00163569313705397	0.00264632715856996
vm_Fvencimiento	0.00132359091991761	0.00204668860885785	0.00274549359384828
Visa_mlimitecompra_rank_lag2	0.00130944038419288	0.00183730298890325	0.00295232644457163
mttarjeta_visa_debitos_automaticos_rank_tend6	0.00129941439935106	0.00219385852963548	0.0012494970845068
cliente_antiguedad_lag2	0.00129537707992373	0.00186738193824661	0.0023403278725683
Visa_msaldopesos_rank_tend6	0.0012663648407979	0.00169039601864563	0.00258399397068074
Master_Fvencimiento_tend6	0.00126141980124172	0.00110730568466792	0.00179066248845419
mpayroll_rank	0.00126111790056871	0.00146519461053943	0.00027766601877929
cliente_edad	0.00126060646743157	0.00247052628060547	0.00204282856673334
Visa_mfinanciacion_limite_rank_lag2	0.00126020357763763	0.00159401287679133	0.00284182670240436
vm_status05_tend6	0.00125857854731638	0.000550316649675911	0.00014449966283412
mactivos_margen_rank_tend6	0.00125656268558916	0.00210410339781638	0.00241116104062424
vmr_msaldototal_lag2	0.00125059309030777	0.000769851924812065	0.00121266383711771
vm_mpagospesos_rank	0.00124752012304525	0.000317207045945141	0.00056666534444753
Master_fechaalta_tend6	0.00124348814824496	0.00108734141084979	0.00146482991539686
vm_fultimo_cierre_tend6	0.00124201963725637	0.00205801595479185	0.00196349541851069
rf_012_021	0.00124050118447199	0.00111222457980704	0.00366349145185328
cliente_edad_lag1	0.00123176583830746	0.00197341895737663	0.00202016195295544
Visa_mlimitecompra_rank_lag1	0.00122910364161841	0.00152627931140903	0.0026491604852922
ctrx_quarter_delta1	0.00122728057726403	0.0014309467654397	0.0009633310855608
cpayroll_trx	0.00122150686950159	0.000555322898729935	4.24999008335647e-05
mtransferencias_recibidas_rank	0.0012185466965388	0.00230258330048947	0.00128066367845142
Visa_mconsumospesos_rank_delta1	0.00121441965534316	0.00138738458696967	0.00338015877962951
rf_020_013	0.00120762125813205	0.000946297659484329	0.00105966419411688
rf_019_025	0.0012046894069733	0.00108664727734286	0.00341415870029637
Visa_mpagospesos_rank_lag1	0.0012037540263256	0.00147706674398849	0.00296932640490506
vmr_Master_mlimitecompra	0.00119210706540793	0.00205092873360588	0.00271149367318143
Visa_msaldototal_rank_tend6	0.00119063522943487	0.00153071706169274	0.00246216092162452
rf_013_019	0.00118533059878948	0.000660474792890096	0.000592165284947669
Visa_mfinanciacion_limite_rank_lag1	0.0011819513028569	0.00174911740251663	0.00263499385168101
mcaja_ahorro_rank_tend6	0.00117977005901163	0.00234301527584751	0.00219582820973418
Visa_mconsumototal_rank_delta1	0.00117479865616782	0.00124392187492362	0.00328949232451791
mcuenta_corriente_rank_delta2	0.00117156518191875	0.00193524326507785	0.001490329855897
rf_020_017	0.00116916389185802	0.00111101965444015	0.0030628261867389
mpasivos_margen_rank_lag1	0.0011680788005603	0.00149522109039828	0.00208249514084467
ccaja_seguridad	0.00115498180961483	0.00241178470883844	0.000181332910223209
vmr_mpagominimo_delta2	0.00115052149064649	0.00142159215150326	0.00128066367845142
Visa_mpagominimo_rank_delta2	0.0011476149441062	0.0016947727608536	0.00232049458551263
vmr_Master_mlimitecompra_lag2	0.00113620053309741	0.00165238427364717	0.00251599412934703
Visa_mconsumosdolares_rank	0.00113438013450321	0.00164018922908753	0.00259249395084745
mcaja_ahorro_rank_lag1	0.00113368248033534	0.00219299492572459	0.00119283055006205
vm_mpagospesos_rank_tend6	0.00113304574102039	0.00148499255640912	0.00140533005422987
vmr_mpagominimo_lag2	0.00112965144390725	0.00101667295072701	0.00170566268678706
rf_018_025	0.00112294310109549	0.000852040118978663	0.00290982654373806
Visa_Fvencimiento_tend6	0.00112094915552981	0.00103691658566616	0.00121266383711771
Visa_fultimo_cierre_tend6	0.00111633806151189	0.001360723200837	0.00193232882456608
ctarjeta_visa_tend6	0.00111302260216178	0.000375519656663482	6.79998413337036e-05
vmr_Master_mlimitecompra_lag1	0.00109770954522631	0.00138858751259215	0.00237432779323515
Visa_mpagominimo_rank_delta1	0.00108784259580782	0.00156655616373577	0.00217882824940075
mpasivos_margen_rank_tend6	0.00108553968578833	0.00224639191072723	0.00225532807090117
vmr_msaldopesos2_tend6	0.00107885916683071	0.00154594003672126	0.00205132854690006
Visa_mconsumosdolares_rank_lag2	0.00106948200288821	0.00190469040804936	0.00259249395084745
vm_mlimitecompra_rank_tend6	0.00106230736750774	0.00227281247049639	0.00226099472434564
mcaja_ahorro_rank_delta2	0.00105873828670383	0.00242907380075465	0.00193516215128831
Visa_mconsumosdolares_rank_tend6	0.00104723763742836	0.00139776706953706	0.00251599412934703
cliente_antiguedad_lag1	0.00104708989394814	0.00212668590843346	0.00186149565651013
rf_005_021	0.00104505095369196	0.00111936798428856	0.0012268304707289
cprestamos_personales_delta2	0.00104438928534897	0.00269600825602774	0.000294665979112715
Visa_cconsumos_lag2	0.00104195930865598	0.00111906307087775	0.00233749454584606
Visa_msaldopesos_rank_delta2	0.00104166238840455	0.00117345726176359	0.00229782797173473
Visa_msaldototal_rank_delta1	0.00103463742675829	0.00113133562934008	0.00214199500201166
numero_de_cliente	0.00103227008215758	0.0033576306165361	0.00196916207195517
Visa_cconsumos_lag1	0.00102701388987008	0.00115358234160478	0.00216182828906733
Visa_msaldototal_rank_delta2	0.00101646284693506	0.0012048836579411	0.00236016115962396
vm_status02_tend6	0.0010081173118319	0.00145793506217178	0.00052983209705844
ccomisiones_otras_tend6	0.00100674402444671	0.00166174342668602	0.00175949589450958
vm_mfinanciacion_limite_rank_delta2	0.0010053045353332	0.00205606134746195	0.00216182828906733
vm_mpagominimo_rank_lag1	0.00100376040888095	0.00122311037605365	0.00125516373795128
rf_011_015	0.000997641001869037	0.000688960072900052	0.00129199698534037
rf_016_021	0.000989847421007599	0.000928690227301923	0.00168016274628693
ctrx_quarter_normalizado_lag2	0.000976110589844597	0.00191461174320552	0.00168299607300916
cprestamos_personales_tend6	0.000968023599968238	0.00360743342008844	0.000515665463447252
mcuentas_saldo_rank_lag1	0.000966520468907696	0.00180823486275033	0.00120983051039548
ccaja_seguridad_lag1	0.000966518123983301	0.00093845497929594	0.000110499742167268
vmr_mpagominimo	0.00095392012805516	0.000950299782904623	0.00151582979639714
vm_msaldopesos_rank	0.000948952302680245	0.000702245613007102	0.000773498195170878
Master_mconsumototal_rank_tend6	0.000948283399005627	0.00224171244530471	0.0020994951011781
Visa_msaldopesos_rank_delta1	0.000935244577755971	0.000963149950084056	0.00186432898323237
Master_mconsumospesos_rank_tend6	0.000932804077600221	0.00230961513192924	0.00209666177445586
Visa_msaldopesos_rank_lag2	0.000931882181321035	0.00100995555529051	0.00188416227028804
Master_fultimo_cierre	0.000931180159485996	0.00125513656858872	0.0019493287848995
mcomisiones_mantenimiento_rank_delta2	0.000925136576807102	0.00142849263465093	0.00110499742167268
Visa_mconsumosdolares_rank_lag1	0.000925133575508013	0.00124774795735116	0.00239132775356858
vm_mlimitecompra_rank_delta2	0.000924859305477228	0.00163621465770145	0.00210232842790034
mcaja_ahorro_rank_delta1	0.000919772364702421	0.00280096169936088	0.00177932918156524
mcomisiones_mantenimiento_rank	0.000915699407557429	0.00230501816389947	0.00175949589450958
mcomisiones_mantenimiento_rank_lag1	0.000913763610452157	0.0023014353519675	0.00157532965756413
Visa_msaldototal_rank_lag2	0.000912345690614469	0.000820929428483424	0.00179349581517643
Master_msaldopesos_rank	0.000901474878373567	0.00197574370787573	0.00152149644984162
tcallcenter_delta2	0.000897964194337859	0.000919709343377861	0.00077066486844864
vm_mpagominimo_rank_lag2	0.000895329008820569	0.0011021288859828	0.00147616322228581
vmr_Visa_mlimitecompra_lag2	0.000893963808781133	0.0011803918357923	0.0019039955573437
Master_mpagospesos_rank_tend6	0.00088984086322696	0.0019380270045339	0.00185299567634342
Visa_msaldototal_rank_lag1	0.000882902906094655	0.00102317377066882	0.00167166276612021
mcaja_ahorro_dolares_rank_delta2	0.000882806483258555	0.00197539146718036	0.000926497838171711
vm_mfinanciacion_limite_rank_tend6	0.000880698488960064	0.00155278509838078	0.00198899535901083
Master_fultimo_cierre_lag2	0.000879126392831048	0.00120272990146074	0.00181616242895433
vmr_Visa_mlimitecompra	0.000877747614103304	0.00103183520335757	0.00186149565651013
cdescubierto_preacordado_delta1	0.00087772283989795	0.00177134221281866	0.000257832731723626
Master_fultimo_cierre_lag1	0.000876237712783137	0.00121656641876796	0.00188416227028804
vmr_mpagominimo_lag1	0.000869918984060621	0.000916448585523142	0.0015129964696749
rf_017_019	0.000869154651569508	0.000827350956971952	0.00135716349995183
mtransferencias_recibidas_rank_tend6	0.000868753863415598	0.00252236457593103	0.00174816258762063
vm_msaldopesos_rank_delta2	0.000868041484811223	0.000884801138232481	0.00124666375778457
rf_003_024	0.000867976420298113	0.000743061571035411	0.000960497758838563
Visa_cconsumos_delta2	0.000866706945833442	0.000941616099091474	0.00162916286528665
mcaja_ahorro_dolares_rank	0.000857076769796709	0.00269737817618013	0.000980331045894226
rf_009_017	0.000855341654838508	0.00068962995553817	0.000730998294337313
vmr_Visa_mlimitecompra_lag1	0.00085497028508418	0.00108180069042254	0.00180199579534314
Master_cconsumos_tend6	0.000842727376318587	0.0011809483360961	0.0019266621711216
Visa_msaldopesos_rank_lag1	0.000836072028063622	0.000972071539999019	0.00182182908239881
mtransferencias_recibidas_rank_lag1	0.000832722390272931	0.0023571120138649	0.0016404961721756
rf_005_023	0.000832346673496735	0.000744279193192264	0.000932164491616186
mtransferencias_emitidas_rank	0.000831053191968793	0.00283355251814533	0.0013543301732296
vm_mlimitecompra_rank_delta1	0.000828544654065265	0.00117510701916662	0.00208816179428915
vm_mfinanciacion_limite_rank_delta1	0.000828111238281735	0.00158766990969066	0.00203999524001111
cliente_antiguedad	0.000823031733405365	0.0016651183921664	0.00159799627134203
thomebanking_delta2	0.000821993180707914	0.000898807189427603	0.000869831303726958
mcomisiones_mantenimiento_rank_lag2	0.000808653017104536	0.00192456954989083	0.00140249672750764
rf_005_016	0.000798634826894384	0.000839218233898858	0.000977497719171989
mtransferencias_recibidas_rank_lag2	0.000797880916082397	0.00132160181988027	0.00168299607300916
vmr_mpagospesos	0.000796311428431061	0.00101430718959634	0.000943497798505137
mtarjeta_visa_consumo_rank_tend6	0.00079355610632126	0.00199539183162394	0.0013543301732296
vm_mpagospesos_rank_delta2	0.000786762849677766	0.00101881566100011	0.00143932997489673
rf_008_028	0.000782854585442051	0.000462522219645883	0.000286165998946003
Master_msaldototal_rank_tend6	0.000782573660323412	0.00118291963970479	0.00148182987573029
mtransferencias_emitidas_rank_lag2	0.000782319099523551	0.00224962660842056	0.00141666336111882
rf_015_028	0.000778327357427283	0.000404782329380516	0.000311665939446141
internet_lag2	0.00077718255300786	0.00144235895767258	0.000382499107502083
ccajas_transacciones_delta2	0.000772809499216753	0.00132844564360276	0.00071116500728165
mplazo_fijo_dolares_rank	0.000771922050178225	0.00239109586095945	0.000260666058445864
Master_mpagominimo_rank	0.000771680709504133	0.00151430020750458	0.00144216330161896
Master_mpagominimo_rank_lag1	0.000770776841060479	0.000996402589045	0.00137133013356302
mpayroll_sobre_edad_rank_lag1	0.000770372930929815	0.00100406011829384	0.000359832493724181
mcaja_ahorro_rank_lag2	0.000767907010770867	0.00143821780440226	0.0011814972431731
vm_mfinanciacion_limite_rank	0.00076250011401787	0.00103381952117596	0.00158949629117532
mautoservicio_rank_lag2	0.000760979699162621	0.00102393541935635	0.00169999603334259
Visa_mconsumosdolares_rank_delta2	0.000759240177795106	0.000920487434408386	0.00185582900306566
rf_005_026	0.000756925016550164	0.000738757422724021	0.00148749652917477
ccallcenter_transacciones_tend6	0.000756753834876312	0.00312242455058965	0.000900997897671572
vm_mfinanciacion_limite_rank_lag2	0.000756094113593453	0.000976262813847694	0.00154699639034176
mtarjeta_visa_consumo_rank_lag2	0.000753505148918467	0.00150827177163311	0.00166032945923126
rf_011_025	0.000753071886329238	0.000883853735507883	0.00156682967739742
vmr_mpagospesos_tend6	0.000751651243211185	0.00192430186981657	0.0013996634007854
vmr_mpagominimo_tend6	0.000751648972831692	0.00150617378580263	0.00133166355945169
mttarjeta_visa_debitos_automaticos_rank_delta2	0.000751614951749711	0.00146676072783862	0.00113333068889506
Master_msaldototal_rank_lag2	0.000746663060078834	0.0010112212982813	0.00133733021289617
rf_008_025	0.000739414552863095	0.00076100864234916	0.00193516215128831
chomebanking_transacciones_tend6	0.000729352658246915	0.00175874452130752	0.00148749652917477
vm_mlimitecompra_rank	0.000726557944059139	0.000807889571262037	0.00147049656884134
mautoservicio_rank_delta2	0.000724472841863789	0.00137024280955893	0.0014676632421191
ctarjeta_visa_transacciones_delta2	0.00072091074267577	0.00130885446495751	0.000589331958225431
vmr_msaldopesos_tend6	0.000716080260073008	0.00113562768395903	0.00130899694567379
Master_mpagominimo_rank_lag2	0.000713176936767942	0.000884383826488578	0.00144216330161896
Master_mpagospesos_rank_lag2	0.000709871148301616	0.00205170571366729	0.00156966300411966
vm_mlimitecompra_rank_lag2	0.000708227641662094	0.000806928519488235	0.00141666336111882
rf_018_016	0.000705864330941682	0.000734261552884283	0.00129199698534037
mcaja_ahorro_dolares_rank_tend6	0.000702814557986181	0.00236826227132097	0.00100583098639437
vmr_msaldopesos2_lag2	0.000701863188584367	0.000959375257913862	0.00147049656884134
ccomisiones_otras	0.000701522683046674	0.00131274822127552	0.000600665265114381
rf_003_019	0.000700919805930256	0.000660693114193402	0.000728164967615076
rf_013_021	0.000700521558759423	0.000741916511033161	0.00162066288511993
cmobile_app_trx_lag2	0.00069740416595259	0.00247523764671274	0.00113049736217282
Visa_mconsumosdolares_rank_delta1	0.000690796950588008	0.00104802376926231	0.00180199579534314
Master_mpagospesos_rank	0.000689383863510379	0.0013063847171171	0.00120983051039548
mautoservicio_rank	0.000688521607458043	0.00216650548586991	0.000838664709782344
mpayroll_sobre_edad_rank_tend6	0.000677999845537728	0.00130991724976084	0.00047033223589145
mtarjeta_visa_consumo_rank_delta1	0.000677826864013723	0.000911400500546211	0.000997331006227652
Master_msaldopesos_rank_tend6	0.000676780327882415	0.00109257125037496	0.00145349660850791
mtransferencias_recibidas_rank_delta2	0.000676354742468815	0.00130287234062741	0.00139399674734092
mcomisiones_mantenimiento_rank_delta1	0.000674678255058546	0.0015945078611478	0.00112766403545058
Visa_mpagosdolares_rank_tend6	0.000669676382238652	0.00122097106217186	0.00158382963773085
ccaja_ahorro	0.000666446123921262	0.00271282620181063	0.000206832850723348
vmr_msaldopesos_delta2	0.000662844829712516	0.000882593801298499	0.00122966379745114
vm_fultimo_cierre_lag1	0.000660809218774571	0.00181064201541626	0.00138833009389645
vmr_mpagominimo_delta1	0.000660234650216982	0.00126718293373797	0.00107099750100583
mcaja_ahorro_dolares_rank_lag1	0.000658083772740463	0.00130376670251196	0.00108516413461702
vm_mfinanciacion_limite_rank_lag1	0.000653501807319228	0.000850035137134617	0.00131183027239603
mpayroll_sobre_edad_rank_delta2	0.000653061554230081	0.00135303329477377	0.000430665661780122
mpagomiscuentas_rank	0.000650948640365037	0.00136421012026282	0.000640331839225709
Master_mpagominimo_rank_tend6	0.000648489073030327	0.00167108740706087	0.00126083039139575
ccomisiones_otras_delta2	0.000647326198730064	0.00113470224668106	0.00103416425361674
vmr_msaldototal	0.000647112510007163	0.000796114473030217	0.00115316397595072
ccomisiones_otras_lag2	0.000646895308991482	0.00142473524185705	0.00105683086739464
ccajas_consultas_tend6	0.000644249949996928	0.00304366750519899	0.000546832057391866
vm_fultimo_cierre_lag2	0.000638767616265881	0.000949116569048553	0.00132599690600722
vm_mpagominimo_rank_tend6	0.000631366263151792	0.00100645263790935	0.00128633033189589
mcaja_ahorro_dolares_rank_lag2	0.000630203252051875	0.00122229536910633	0.00121833049056219
Visa_fultimo_cierre	0.000628932675096825	0.000834437543318416	0.00121266383711771
vm_msaldototal_rank_tend6	0.000626589615301006	0.000965576497096641	0.00126649704484023
rf_008_015	0.000624711189978912	0.000596164440790007	0.000949164451949612
vmr_msaldototal_lag1	0.000624107821141494	0.000807345609038314	0.00107666415445031
mtransferencias_emitidas_rank_tend6	0.000623789088264619	0.0012446909194913	0.000954831105394087
mcuenta_corriente_rank_delta1	0.000622117208547684	0.00107917388329036	0.000827331402893393
vmr_mpagospesos_delta2	0.000617938427917746	0.00143270936556347	0.00123249712417338
vm_msaldopesos_rank_tend6	0.000616675033690535	0.000855001042138553	0.00126366371811799
vm_cconsumos_tend6	0.000615776053655726	0.0019482958190892	0.000968997739005276
Master_msaldopesos_rank_lag2	0.000615715203738772	0.000722653703118169	0.00133733021289617
vm_fultimo_cierre	0.000615609925779984	0.00129644040077112	0.00130899694567379
mttarjeta_visa_debitos_automaticos_rank_delta1	0.000615244766519311	0.00123992908364394	0.000858497996838007
ctransferencias_recibidas_tend6	0.000613501693874056	0.00199534526614677	0.00102566427345003
mttarjeta_visa_debitos_automaticos_rank	0.000613203426616325	0.00113688304732403	0.0012494970845068
vm_msaldototal_rank_delta2	0.000611650325607568	0.0011429269097953	0.00120983051039548
vmr_msaldopesos2_delta2	0.000611291520646887	0.00116743082563654	0.00145066328178568
vmr_msaldototal_delta2	0.000609421145808289	0.000599028741378326	0.00100583098639437
vmr_msaldototal_tend6	0.000608635817332086	0.00114847115358177	0.00113333068889506
Master_cconsumos_lag2	0.000608231744212463	0.000916941665361113	0.00155832969723071
Master_msaldopesos_rank_lag1	0.00060579906197968	0.000945676564261619	0.00129199698534037
mttarjeta_visa_debitos_automaticos_rank_lag2	0.000603389109939249	0.00119518178679935	0.00124099710434009
rf_018_026	0.000602944327112759	0.00030617658270231	0.000266332711890339
Master_mconsumospesos_rank_lag2	0.000600644609670946	0.00109022196332926	0.00125233041122904
ccaja_ahorro_lag1	0.000600224675300261	0.000683953982555902	0.000167166276612021
tcallcenter_tend6	0.000597801543525925	0.00148731562458356	0.000441998968669073
mpayroll_rank_lag2	0.000597162060051163	0.000514527509501357	0.00037399912733537
ctarjeta_visa_transacciones_lag2	0.000595322554825052	0.00091174283774542	0.00123249712417338
Master_mpagospesos_rank_lag1	0.000591329884706718	0.0011758180394042	0.00134866351978512
rf_003_026	0.00058903435512179	0.000750731193976689	0.000957664432116325
rf_006_021	0.000588837606142011	0.000610979848860922	0.000830164729615631
vmr_Master_mlimitecompra_tend6	0.000588175390648744	0.00144181788396857	0.00108233080789478
rf_011_023	0.000588099074587167	0.000767119321677572	0.00128633033189589
vm_mpagominimo_rank_delta2	0.000586843245194806	0.00208026568254417	0.00128916365861813
internet_tend6	0.000580445117029487	0.00199782174328586	0.000458998929002499
vmr_msaldopesos_lag2	0.000571957657559785	0.000900704089847142	0.00123816377761785
vmr_mconsumospesos_lag2	0.000571319411504615	0.000671803281535187	0.00121833049056219
vmr_mconsumospesos_tend6	0.000571214917710704	0.00166094483033972	0.00122116381728443
Master_msaldopesos_rank_delta2	0.000565359241785294	0.000892349411603747	0.00124099710434009
Visa_fultimo_cierre_lag1	0.000563055832929537	0.000721696936510977	0.00109649744150597
vmr_msaldopesos	0.0005617909302473	0.000607478391610597	0.0009633310855608
vm_mconsumospesos_rank_delta2	0.000559421867561155	0.000841260544305377	0.00104266423378345
tcallcenter_delta1	0.000554590032182506	0.000978877717739288	0.000436332315224598
mttarjeta_visa_debitos_automaticos_rank_lag1	0.000551056081582578	0.000945109017750552	0.00109366411478373
vmr_msaldopesos2	0.00055016396798982	0.00068868312416912	0.00114749732250625
vm_mconsumospesos_rank_tend6	0.000547272680073484	0.000869893710176355	0.00107949748117254
ctarjeta_master_delta2	0.000547150868205224	0.000572507178645057	9.633310855608e-05
mtransferencias_emitidas_rank_delta2	0.000546526941376472	0.0014787012335016	0.000878331283893671
Visa_fultimo_cierre_lag2	0.000545522575573539	0.000992423383330578	0.00112483070872835
rf_009_023	0.000543926777901517	0.0007683076459916	0.00119849720350653
vmr_mpagospesos_lag1	0.000543446825315271	0.000580115603058743	0.000949164451949612
vmr_msaldopesos2_lag1	0.000543386610897023	0.0008593400113964	0.00130049696550708
Visa_cconsumos_delta1	0.00054200516134481	0.000744172095768979	0.00135999682667407
mpayroll_rank_delta2	0.00054149706907543	0.00136610908391073	0.000424999008335647
Master_fultimo_cierre_delta1	0.000535956125982975	0.000489858535390677	0.00132316357928498
rf_017_016	0.000535427778851217	0.00071654349991938	0.000453332275558024
mcaja_ahorro_dolares_rank_delta1	0.000535360049465705	0.00113841764484216	0.000657331799559134
Master_mconsumospesos_rank	0.000533949647285861	0.000715812736173418	0.00111916405528387
rf_003_025	0.000533772026966758	0.000725597517353592	0.00100299765967213
mtransferencias_emitidas_rank_lag1	0.000528644066280005	0.00128997973442755	0.000977497719171989
Master_mconsumototal_rank	0.000526616266009452	0.000791095082798587	0.00105683086739464
Master_mconsumototal_rank_lag2	0.000525901768674426	0.000988044831830041	0.0012721636982847
Master_msaldototal_rank_delta2	0.000525698290509893	0.00121442640656273	0.00112483070872835
rf_012_019	0.000521223041272614	0.000448716936441953	0.00037399912733537
Master_delinquency_tend6	0.000520623750470729	0.000704257514601675	0.000416499028168934
Visa_mpagado_rank_tend6	0.00052016749654362	0.00126877765055654	0.000985997699338701
rf_002_015	0.000519815346174732	0.000569720138023624	0.000881164610615909
mextraccion_autoservicio_rank_lag2	0.000518815155032945	0.000723387641061619	0.0011814972431731
vmr_msaldopesos_lag1	0.000514700536690352	0.000692711244266851	0.00106816417428359
cplazo_fijo_tend6	0.000513314907710889	0.0018801038361055	0.00022949946450125
rf_014_023	0.00051214691979399	0.000531148083684373	0.000966164412283038
rf_003_023	0.00050805509134091	0.000526225062088515	0.000515665463447252
vm_msaldototal_rank	0.000505291607969628	0.000526553877206421	0.00067433175989256
vm_status04_delta1	0.000505286203814274	0.000733636934302361	8.49998016671295e-05
vm_msaldopesos_rank_delta1	0.000505159408881686	0.000899452567261105	0.000946331125227374
ccajas_transacciones_tend6	0.000504959241661756	0.00213383197924087	0.000572331997892005
vm_status05_delta1	0.000503496730203903	0.000783919999826125	0.000113333068889506
Master_cconsumos	0.000502198718733547	0.00060383844412382	0.00124666375778457
rf_019_021	0.000500692068171115	0.000726520161337775	0.00101716429328332
vm_mconsumototal_rank_tend6	0.000498357881575941	0.000816473585274025	0.00104549756050569
vmr_mconsumospesos	0.000497505404277428	0.00102146583022581	0.00104833088722793
rf_016_016	0.000496429516845294	0.000554871559588948	0.000753664908115214
Visa_fultimo_cierre_delta1	0.000495168633995237	0.000386891155684552	0.000847164689949057
cmobile_app_trx_tend6	0.000493487496480039	0.00346523460999864	0.000909497877838285
rf_018_022	0.000492675741787072	0.00071423560440894	0.00104833088722793
tcallcenter_lag2	0.000488963358939776	0.000984155360678638	0.000974664392449751
vm_msaldopesos_rank_lag1	0.000487371356186168	0.0014318505546908	0.000790498155504304
matm_rank_lag2	0.000481008697720007	0.00119572524115147	0.00104549756050569
Master_mpagominimo_rank_delta2	0.000480556747029872	0.0013029710899113	0.00106816417428359
mtransferencias_recibidas_rank_delta1	0.000477380149466023	0.000933039925347283	0.000932164491616186
Master_mconsumospesos_rank_lag1	0.000477323039335163	0.000755088446612073	0.00113899734233953
mcuenta_debitos_automaticos_rank_lag1	0.00047698783174371	0.00109479010964582	0.00062616520561452
Master_mpagospesos_rank_delta2	0.000475973492599936	0.00190838650708972	0.00117016393628415
Master_mconsumototal_rank_delta2	0.000475403086942356	0.000960963562853503	0.000966164412283038
mcuenta_debitos_automaticos_rank_lag2	0.00047534984037179	0.00176932793057597	0.000875497957171433
Master_fultimo_cierre_delta2	0.0004738493756396	0.00052382635278791	0.00113333068889506
ctarjeta_debito_transacciones_tend6	0.000472733377466613	0.00137864459289306	0.000824498076171156
mautoservicio_rank_tend6	0.00047219827020488	0.00095692569796948	0.00090383122439381
thomebanking_tend6	0.000470182176202051	0.00289089080894436	0.000679998413337036
ccallcenter_transacciones_delta2	0.00046955714211921	0.00092378072778737	0.000308832612723904
rf_008_021	0.00046792848499814	0.000732228352424558	0.00107383082772807
Master_mconsumospesos_rank_delta2	0.000466324755369474	0.000877085838589334	0.00104833088722793
vm_mconsumospesos_rank_lag2	0.000462996915930379	0.000847310596461746	0.000920831184727236
mpayroll_rank_tend6	0.00046288583091687	0.00153736713240049	0.000569498671169767
Master_msaldototal_rank_delta1	0.000460791173158441	0.00133837285102427	0.000997331006227652
Master_mconsumospesos_rank_delta1	0.000460629184118886	0.000799596916837581	0.00105399754067241
ctarjeta_visa_debitos_automaticos_tend6	0.000459334303887825	0.00173934639735356	0.000532665423780678
vmr_mpagospesos_lag2	0.000457084127774941	0.000689214770506584	0.0011134974018394
vmr_mconsumospesos_lag1	0.000455784052098246	0.000623075826716924	0.000974664392449751
vm_msaldopesos_rank_lag2	0.000455160371843381	0.000749974306585392	0.000849998016671295
vmr_msaldopesos_delta1	0.000452679143995981	0.000746242466081302	0.0010086643131166
rf_008_019	0.000449916514467597	0.000663170607075689	0.000923664511449473
Visa_fechaalta_delta1	0.000449452011535838	0.000507125725344216	0.000501498829836064
mv_status07_rank_lag2	0.000449359389241126	0.000882936392433508	0.000342832533390755
vm_mpagospesos_rank_delta1	0.000448601359026249	0.00110902686151446	0.00107383082772807
vm_msaldototal_rank_lag2	0.000446368438329124	0.00061488668287259	0.000844331363226819
ccajas_consultas_delta2	0.000445551154778872	0.00180500473590138	0.000223832811056774
mextraccion_autoservicio_rank_delta2	0.000445017903624907	0.000966319418018986	0.000920831184727236
Master_mconsumosdolares_rank	0.00044328713848556	0.000527836126024153	0.00116449728283967
ctransferencias_emitidas_tend6	0.000439518634139166	0.00153729184043605	0.00067433175989256
Master_mconsumototal_rank_delta1	0.000437105368499874	0.000728928424972822	0.00105116421395017
mtarjeta_visa_consumo_rank_lag1	0.000436290562186873	0.000549633117988589	0.00071116500728165
mprestamos_prendarios_rank	0.000432024256775675	0.00363726763880538	0.00027766601877929
vmr_msaldototal_delta1	0.000428946185442948	0.000770687087913445	0.000943497798505137
Master_mpagospesos_rank_delta1	0.00042829661094577	0.00076797140325157	0.00103699758033898
vm_mconsumototal_rank_delta2	0.000427666408235511	0.000864697517144578	0.000900997897671572
mpagomiscuentas_rank_tend6	0.000425765226218844	0.00176501613244863	0.000563832017725292
rf_011_019	0.000424706669512257	0.000494700519724636	0.000708331680559412
mpayroll_rank_delta1	0.000422387483583413	0.00177720784410091	0.000444832295391311
ccomisiones_otras_lag1	0.000417923410322791	0.00105928982144279	0.000569498671169767
rf_001_027	0.00041689736964258	0.000601886312667969	0.000492998849669351
Master_cconsumos_delta1	0.000414592775507686	0.00055055769823324	0.000994497679505414
cpagomiscuentas_tend6	0.000413625888450706	0.00160886710529754	0.000447665622113548
rf_020_015	0.000411790636420685	0.000694874205919934	0.00101433096656108
cproductos_lag1	0.000401365582738756	0.000825609973133082	0.000167166276612021
mpagomiscuentas_rank_delta2	0.00039816852430525	0.00116632087225852	0.000498665503113826
mcuenta_debitos_automaticos_rank_tend6	0.000395337178683672	0.0022746963884482	0.000657331799559134
vm_Fvencimiento_delta2	0.00039099181858325	0.000478520778088918	0.000379665780779845
rf_013_020	0.000389344536923888	0.000793974238631156	0.000696998373670462
rf_010_015	0.000389126397120791	0.000822485610544473	0.000623331878892283
mpagomiscuentas_rank_lag2	0.000388550694827892	0.00113560032237668	0.000827331402893393
vmr_Visa_mlimitecompra_tend6	0.00038707575992537	0.00116253726059338	0.000691331720225986
rf_003_017	0.00038691298128307	0.000570487754202435	0.000781998175337591
cextraccion_autoservicio_tend6	0.000380156734938617	0.00151817780715737	0.000719664987448363
vm_mpagominimo_rank_delta1	0.000377443176512693	0.000835729854342189	0.00091516453128276
vmr_msaldopesos2_delta1	0.000375364663905812	0.000624093188754184	0.000957664432116325
Master_mconsumosdolares_rank_delta1	0.000372268834495376	0.000304458611795236	0.000966164412283038
Visa_Fvencimiento_delta2	0.000369953292980935	0.000642408943106302	0.000365499147168657
mextraccion_autoservicio_rank_tend6	0.000369445924955582	0.00126232368176967	0.000657331799559134
Master_msaldopesos_rank_delta1	0.000368047942844746	0.0013053794170303	0.000864164650282483
Master_mpagominimo_rank_delta1	0.000367874898290732	0.00115669832431202	0.000849998016671295
rf_011_017	0.000367507320795591	0.000460779616966293	0.000291832652390478
ccomisiones_otras_delta1	0.000366548653251785	0.000958760479344156	0.000713998334003887
mautoservicio_rank_lag1	0.000363590640343982	0.000715211987556615	0.0007224983141706
mpayroll_sobre_edad_rank_lag2	0.000363318652601568	0.000728756446952858	0.000362665820446419
vm_mconsumospesos_rank_delta1	0.00035934256904264	0.000549987771074056	0.000804664789115492
rf_017_021	0.000359060840451173	0.000657271456267956	0.000654498472836897
mtransferencias_emitidas_rank_delta1	0.000356316671316289	0.00124295212584869	0.000611998572003332
Visa_fultimo_cierre_delta2	0.000354589658199622	0.000383686104995768	0.00066299845300361
ctarjeta_debito_transacciones_lag2	0.000353972439023547	0.000943037568211082	0.000849998016671295
vmr_mpagospesos_delta1	0.0003523689396832	0.000875855487900549	0.000796164808948779
ctarjeta_debito_tend6	0.000351666450953101	0.00337877718369303	0.000390999087668796
rf_001_023	0.000349000585073732	0.000612601228938399	0.000858497996838007
vm_msaldototal_rank_delta1	0.000347861289905303	0.000609245530836779	0.000832998056337869
thomebanking_delta1	0.000347543649918813	0.000647310030997509	0.000467498909169212
Visa_mpagosdolares_rank_lag1	0.000344357210298325	0.000671685645776237	0.000988831026060939
matm_rank_delta2	0.000342490427439371	0.00135867159003184	0.000750831581392977
ccomisiones_mantenimiento_delta1	0.000339656850439473	0.00206393234149195	0.000201166197278873
vmr_mconsumospesos_delta2	0.000334972160095766	0.00084302289049335	0.000813164769282205
mautoservicio_rank_delta1	0.000330914314745293	0.00100601567788298	0.000631831859058996
Master_cconsumos_delta2	0.000326406743854435	0.000426994506376538	0.000787664828782066
Visa_mpagado_rank_delta2	0.000326357020827295	0.00120586251696282	0.000583665304780956
mtarjeta_master_consumo_rank_lag2	0.000325841649396876	0.000660885280109397	0.0007224983141706
rf_001_022	0.000325463998363991	0.000640546324019646	0.000555332037558579
vm_mconsumospesos_rank	0.000325385525143676	0.000546293989197862	0.000648831819392421
mpagomiscuentas_rank_lag1	0.000325117256274566	0.00114881682368834	0.000640331839225709
vm_fultimo_cierre_delta2	0.000324319065936087	0.000304374463819798	0.000623331878892283
Master_mpagado_rank_tend6	0.000323067877074388	0.00138751977604073	0.000691331720225986
active_quarter	0.00031792844501129	0.00111295797813692	0.000660165126281372
cproductos	0.000317263011732219	0.000510833854593062	4.816655427804e-05
Visa_msaldodolares_rank_tend6	0.000316020074987928	0.00184673057763997	0.000600665265114381
mv_status07_rank_tend6	0.000315450105579436	0.00136764631601277	0.000311665939446141
rf_010_023	0.000313966671536559	0.000660652103561842	0.000637498512503471
vm_mconsumospesos_rank_lag1	0.000312450575314634	0.000415814379722091	0.000651665146114659
ccomisiones_mantenimiento_delta2	0.000312111820214639	0.00112622447305904	0.000152999643000833
rf_003_021	0.000311467297150109	0.000512272940508735	0.000235166117945725
mplazo_fijo_dolares_rank_delta2	0.000310277076968461	0.00152666523033976	0.000220999484334537
rf_019_018	0.000308357802212687	0.000818268752664036	0.000552498710836341
vm_mconsumototal_rank_delta1	0.000306760396201798	0.000485735475046045	0.00071116500728165
vm_mpagospesos_rank_lag2	0.000300096396743057	0.000399905651068	0.000691331720225986
vm_msaldototal_rank_lag1	0.000298157041425544	0.00060178911874085	0.000665831779725847
vmr_mconsumospesos_delta1	0.000297026816340596	0.000648509401518799	0.00067433175989256
catm_trx_tend6	0.000288341609413523	0.00200992908476888	0.000560998691003054
ctarjeta_debito_transacciones_delta2	0.0002873225049659	0.00146072315027838	0.000589331958225431
matm_other_rank_lag2	0.000285042793344728	0.000776720856436695	0.000549665384114104
Master_Fvencimiento_delta1	0.000280790515464715	0.00026967981868149	0.000694165046948224
mpayroll_sobre_edad_rank_delta1	0.000275380073073103	0.00100393556278437	0.000354165840279706
matm_rank_tend6	0.000275176589903586	0.000861809949688663	0.000575165324614243
mcheques_emitidos_rank_delta2	0.000270465806713214	0.00206411946043393	0.0002408327713902
vm_cconsumos_delta2	0.000267878841033445	0.00063108927873023	0.000201166197278873
vm_cconsumos_lag2	0.000267086003118761	0.000541635536962729	0.000402332394557746
vm_mpagospesos_rank_lag1	0.000265569722064136	0.000596714529214883	0.000594998611669906
ctarjeta_master_transacciones_tend6	0.000263321915421265	0.0011568572563803	0.000320165919612854
matm_rank	0.000249694550226153	0.000624428415751017	0.000504332156558301
rf_015_020	0.000248260909871851	0.000483551468463609	0.000291832652390478
vmr_mconsumosdolares_lag1	0.000247504549782391	0.00103031990496018	0.000501498829836064
mextraccion_autoservicio_rank	0.000247444009611746	0.00050040547312998	0.000475998889335925
vm_mconsumototal_rank_lag1	0.000245464655918694	0.000379794316680198	0.000526998770336203
rf_016_027	0.000242071109006761	0.000783283541487568	0.000155832969723071
Visa_mpagado_rank	0.000239739054918324	0.00063482261110714	0.000464665582446974
vmr_mconsumosdolares_tend6	0.000237316605493285	0.000993394338600546	0.000393832414391033
active_quarter_lag1	0.000235483258605229	0.000472226027048107	0.00057799865133648
rf_009_019	0.000234202863514127	0.000488163323479601	0.000331499226501805
cmobile_app_trx_lag1	0.000233928509679628	0.00143769130026473	0.000362665820446419
Visa_mpagado_rank_lag2	0.00023200333610219	0.00110335590376422	0.000549665384114104
mtarjeta_master_consumo_rank	0.000228818933924253	0.000880573646790455	0.000280499345501527
mpagomiscuentas_rank_delta1	0.000228732138953765	0.000734893948250054	0.000356999167001944
mcuenta_debitos_automaticos_rank_delta1	0.000228424347211041	0.00167407683451422	0.000464665582446974
mextraccion_autoservicio_rank_lag1	0.000227463131384461	0.000455923888357206	0.000487332196224876
matm_rank_lag1	0.000227030837430481	0.000795511153313446	0.000464665582446974
ccaja_ahorro_lag2	0.00022467254175148	0.000564515025496903	0.000169999603334259
mextraccion_autoservicio_rank_delta1	0.000224086849627776	0.000968866743246035	0.000450498948835786
ctarjeta_visa_transacciones_lag1	0.000221607467353459	0.00051026627634002	0.00043349898850236
vmr_mpagado_tend6	0.000218739225176018	0.000912567906898785	0.000399499067835508
Visa_mpagado_rank_lag1	0.000218214449000196	0.000373087300869492	0.000390999087668796
vm_mpagado_rank_tend6	0.000217377627927072	0.00139247546012875	0.000439165641946835
vmr_Visa_mlimitecompra_delta2	0.000214829864996654	0.000644227472589833	0.000286165998946003
mtarjeta_visa_descuentos_rank_delta1	0.000213351753775244	0.000497071772216959	0.00042216568161341
internet_delta2	0.000210915175623017	0.00133872648836654	0.000263499385168101
mtarjeta_master_consumo_rank_delta2	0.000210363703285093	0.00051777810992411	0.00043349898850236
Visa_msaldodolares_rank_lag2	0.000208846598006901	0.000796626915472871	0.000427832335057885
rf_007_025	0.00020863766688107	0.000570493118596192	0.000402332394557746
Master_status_tend6	0.000208521933576149	0.000400033729936689	0.00027766601877929
rf_008_023	0.000208213880100608	0.00072880869424353	0.000308832612723904
vm_mconsumosdolares_rank_lag1	0.000204414655893284	0.00124666063600124	0.000407999048002221
mv_status07_rank	0.000203126242715729	0.000274490854589929	0.000212499504167824
rf_009_018	0.000201030421950805	0.000480063533294588	0.00028899932566824
cmobile_app_trx	0.000200900474380656	0.00142618302507385	0.000226666137779012
mtarjeta_visa_descuentos_rank_delta2	0.000200204061451498	0.000276240154826221	0.000379665780779845
mforex_sell_rank_tend6	0.000197870888524838	0.00198658578249758	0.000317332592890617
Visa_mpagado_rank_delta1	0.000196126869973736	0.000866372890321347	0.000424999008335647
rf_012_018	0.000195411404027865	0.000567500961333008	0.000382499107502083
ccajeros_propios_descuentos_delta2	0.00019203212496835	0.000298761022528067	0.000223832811056774
rf_010_016	0.000188432410634009	0.000586551828081647	0.00043349898850236
mpayroll_rank_lag1	0.000186458744178069	0.000643447159621065	0.000274832692057052
Master_mpagado_rank	0.000184236282713667	0.00071190155351119	0.000368332473890894
Master_mpagado_rank_delta2	0.000183947703333944	0.000454788636625198	0.000339999206668518
rf_005_025	0.000183890764797675	0.000478595213020039	0.000314499266168379
vm_cconsumos_lag1	0.000183325846429361	0.00073134986152745	0.000280499345501527
cextraccion_autoservicio_lag2	0.000183288807281656	0.00120769415588198	0.000410832374724459
vm_mconsumosdolares_rank_tend6	0.000182384074286425	0.000832006520687371	0.00037399912733537
mtarjeta_master_consumo_rank_tend6	0.000179932200168938	0.000914130786516537	0.00028899932566824
rf_010_021	0.000179779084003609	0.000721776005770433	0.000294665979112715
vmr_Master_mlimitecompra_delta2	0.0001769557867065	0.000482719289107868	0.000342832533390755
ccajas_depositos_tend6	0.000174759506596209	0.0025632969000393	0.000297499305834953
cpayroll_trx_tend6	0.000173377853609369	0.000630106483703628	0.000235166117945725
rf_001_019	0.000169264102670126	0.000596089815407036	0.000303165959279428
rf_006_018	0.00016639665010418	0.00044321243360805	0.000254999405001388
vmr_mpagado_delta2	0.000166066091487685	0.00117267790105407	0.000266332711890339
ctarjeta_visa_transacciones_delta1	0.000165713728459159	0.00202837825064147	0.000252166078279151
ctarjeta_debito_lag2	0.000164133712731342	0.0014405704560973	0.00028899932566824
ctarjeta_debito_transacciones_delta1	0.000163711397834662	0.00149879447496371	0.000254999405001388
ccuenta_debitos_automaticos_tend6	0.000161942649579517	0.00136755378815596	0.00022949946450125
vmr_msaldodolares2_tend6	0.000160842090592093	0.001363689044003	0.000317332592890617
Master_mpagado_rank_lag2	0.000160595310331888	0.000476859180929252	0.000345665860112993
rf_013_018	0.000156974232309174	0.000567744358796479	0.000320165919612854
rf_014_022	0.000155732235292578	0.000402889111030064	0.000130333029222932
mtarjeta_master_consumo_rank_delta1	0.0001544135639009	0.00184790807794056	0.000283332672223765
ctransferencias_recibidas_delta2	0.000149262344978661	0.00153764922333135	0.000209666177445586
mtarjeta_master_consumo_rank_lag1	0.000147060087108892	0.00107577206409922	0.000348499186835231
vmr_mpagado_lag2	0.000145884727565072	0.000373654180799086	0.0002408327713902
mv_status07_rank_lag1	0.000145730256443768	0.000876432810939883	0.000368332473890894
ccajas_otras_tend6	0.000144958597070878	0.00128108223667153	0.000201166197278873
ctarjeta_debito_transacciones_lag1	0.000144594074658712	0.000595142031778739	0.000320165919612854
vm_mpagado_rank_delta2	0.000143288999918671	0.000665988151734993	0.000201166197278873
mv_status07_rank_delta2	0.000140860567739277	0.00102195084760216	0.00028899932566824
ctarjeta_visa_descuentos_delta2	0.000139919267685461	0.000196873060420115	0.000189832890389922
ctransferencias_recibidas_lag2	0.000132187114132454	0.00108716540159902	0.000206832850723348
Master_delinquency_lag2	0.000129746786850385	0.000920367132323546	0.000271999365334814
ctarjeta_visa_delta2	0.000127941731914408	0.000365227733950461	7.36664947781789e-05
vmr_Visa_mlimitecompra_delta1	0.000126591116216422	0.00053152467047449	0.000198332870556635
matm_rank_delta1	0.000126350716170355	0.000676343209236074	0.000271999365334814
vmr_msaldodolares2_delta2	0.000125626303324382	0.00130238034001659	0.000260666058445864
vm_Finiciomora_lag2	0.000125335829952353	0.00113262921004285	0.000201166197278873
vm_cconsumos	0.000124925314692411	0.000458914014133997	0.000203999524001111
vmr_Master_mlimitecompra_delta1	0.000123163598215791	0.000531972295804416	0.000257832731723626
vmr_mconsumosdolares_delta2	0.000122134889702939	0.000422517237334087	0.000223832811056774
catm_trx_delta2	0.000121156808570563	0.000953770164761528	0.000232332791223487
Master_msaldodolares_rank	0.000120579174097172	0.000227353037874252	0.000201166197278873
vm_msaldodolares_rank_tend6	0.000120262875654772	0.00122781717131654	0.000254999405001388
vm_status04_tend6	0.000118666672485542	0.000211407234593487	6.79998413337036e-05
vm_mconsumosdolares_rank_delta2	0.000117769941182866	0.000599094066362654	0.000249332751556913
vm_cconsumos_delta1	0.00011534362834534	0.000589544334506555	0.000110499742167268
rf_015_023	0.000112547096129825	0.000536836816940548	0.000206832850723348
cextraccion_autoservicio_delta2	0.000110274496264931	0.000472579759616303	0.000215332830890061
cforex_tend6	0.000109754471520956	0.00174642425465693	0.000218166157612299
cplazo_fijo_delta2	0.000107085259677788	0.00028554785412377	3.39999206668518e-05
ctarjeta_master_transacciones_delta2	0.000106554840443066	0.000280926762193084	0.000124666375778457
catm_trx_lag2	0.000105800677507183	0.000804969341313958	0.000223832811056774
ctransferencias_emitidas_delta2	0.000103982117945327	0.000932164545163715	0.000147332989556358
Visa_msaldodolares_rank_delta1	0.000103180862643914	0.000574766572417862	0.0002408327713902
mforex_buy_rank_tend6	0.00010135845698468	0.00245803524212996	0.000246499424834675
mttarjeta_master_debitos_automaticos_rank	0.000100710641557411	0.0021329567260252	0.000237999444667962
rf_009_022	0.000100275756855357	0.00028502500031335	0.000152999643000833
vmr_mpagado_lag1	9.66335537604828e-05	0.000717462652286324	0.00022949946450125
vmr_msaldodolares2_lag1	9.555435739104e-05	0.000695536407000128	0.000195499543834398
cmobile_app_trx_delta1	9.44864795765483e-05	0.00161857370599355	0.000235166117945725
rf_020_018	9.19053720847264e-05	0.000227876590008119	9.06664551116047e-05
vm_mpagado_rank_lag2	9.1057640881582e-05	0.000296530799630188	0.000186999563667685
minversion2_rank_tend6	9.02540924944251e-05	0.00109208759790353	9.34997818338424e-05
vm_mpagado_rank_lag1	8.9161923875003e-05	0.000479494590136626	0.000175666256778734
ctarjeta_debito_transacciones	8.90204443171867e-05	0.000437817091425802	0.000158666296445308
rf_013_017	8.79616998818496e-05	0.000430451397894114	0.000189832890389922
rf_007_023	8.7607389856717e-05	0.000464285803770876	0.000141666336111882
vmr_msaldodolares_tend6	8.72321402902188e-05	0.000564035404256286	0.000169999603334259
vmr_msaldodolares_lag1	8.5273601017317e-05	0.000678849936477236	0.000167166276612021
ctransferencias_emitidas_lag2	8.42966696360253e-05	0.0003768575491632	0.000118999722333981
vm_status05_lag1	8.22700816031185e-05	6.39102127646014e-05	0.000150166316278595
cseguro_vida_lag1	8.14795109826111e-05	0.000832601587490669	0.000113333068889506
mtarjeta_visa_descuentos_rank_lag2	8.12794328797845e-05	0.000249318992371038	0.000158666296445308
cforex_sell_tend6	8.07424904695646e-05	0.00200425387359401	0.000203999524001111
mcaja_ahorro_adicional_rank_lag2	7.96260763861977e-05	0.00117979378524336	0.000164332949889784
vmr_msaldodolares2	7.86616024407076e-05	0.000665843217877636	0.000135999682667407
vmr_mpagosdolares_lag2	7.86064517007821e-05	0.000405257094098974	0.000133166355945169
vmr_msaldodolares2_lag2	7.84865385164786e-05	0.000706089597908485	0.000186999563667685
ctarjeta_visa_debitos_automaticos_delta2	7.83250781499951e-05	0.000391142675801571	5.6666534444753e-05
rf_015_025	7.76397021129748e-05	0.000281337312896335	0.000124666375778457
mv_status07_rank_delta1	7.74189384721383e-05	0.000877858660452027	0.000212499504167824
ccallcenter_transacciones_delta1	7.65129769916323e-05	0.000976252656415729	0.000121833049056219
Master_msaldodolares_rank_delta2	7.45587614195043e-05	0.000285746495402643	0.000141666336111882
mforex_sell_rank_delta2	7.33160039737737e-05	0.00100646815973507	0.000164332949889784
mttarjeta_master_debitos_automaticos_rank_tend6	7.28790575014824e-05	0.000821007132837959	0.000161499623167546
cinversion2_lag1	7.0965518461814e-05	0.00129734022227535	0.000110499742167268
cprestamos_personales	7.05714884305021e-05	0.00231098594085692	0.000195499543834398
ctransferencias_recibidas_lag1	7.00491326038632e-05	0.000623497201433614	0.000130333029222932
vmr_mpagado	6.92580994148648e-05	0.000370916943336259	0.000150166316278595
vm_mpagosdolares_rank_tend6	6.92517843740318e-05	0.000614018254181523	0.000147332989556358
rf_014_019	6.91274788980642e-05	0.00034458465799927	0.000138833009389645
ctarjeta_visa_debitos_automaticos_lag2	6.88849274117601e-05	0.00108476704146014	0.000135999682667407
rf_014_009	6.64610782425322e-05	0.000328282804986142	0.000138833009389645
ccomisiones_mantenimiento	6.63093900565331e-05	0.00209458467786975	0.000164332949889784
vmr_mpagado_delta1	6.60678497321367e-05	0.000444371174401479	0.000150166316278595
Master_msaldodolares_rank_delta1	6.54996844481496e-05	0.000171461070161166	0.000147332989556358
ccajeros_propios_descuentos_lag2	6.54849131150282e-05	0.000371695256560608	0.000133166355945169
ctransferencias_recibidas_delta1	6.51025051899366e-05	0.000742056524884409	0.000110499742167268
internet_delta1	6.3553855723205e-05	0.000437938663189638	7.64998215004165e-05
rf_008_027	6.30291594560715e-05	0.000378377799308673	0.000169999603334259
ccomisiones_mantenimiento_lag2	6.1745245634626e-05	0.000558108257026699	0.000107666415445031
mcajeros_propios_descuentos_rank_lag1	5.949389359316e-05	0.000142779021648855	7.64998215004165e-05
ctransferencias_emitidas_delta1	5.72062858387595e-05	0.00114641287696188	0.000130333029222932
mttarjeta_master_debitos_automaticos_rank_delta1	5.67933016702582e-05	0.000706673840698345	0.000113333068889506
rf_010_022	5.64909591378709e-05	0.00054005269164277	0.000107666415445031
vmr_mpagosdolares_delta2	5.58370362984484e-05	0.00114765122662833	0.000141666336111882
ccajeros_propios_descuentos_tend6	5.4023878711405e-05	0.00118397839327731	0.000113333068889506
cpayroll_trx_delta2	5.33838464051325e-05	0.00058966908046788	7.93331482226541e-05
vmr_msaldodolares_delta2	5.27282042839234e-05	0.000468613314175787	0.000110499742167268
rf_004_026	5.23683256692331e-05	0.000461857034820048	5.38332077225153e-05
ccallcenter_transacciones_lag2	5.15193883193915e-05	0.000282375243733325	0.000107666415445031
cextraccion_autoservicio_lag1	4.95834821457862e-05	0.000701344267888072	0.000113333068889506
ctarjeta_visa_delta1	4.83901319239876e-05	0.000175275947671573	5.09998810002777e-05
cliente_edad_delta2	4.82491072852612e-05	0.000415922588114498	0.000110499742167268
cliente_edad_tend6	4.79095796137093e-05	0.000688577328166805	0.000110499742167268
cseguro_vida_tend6	4.61770458598226e-05	0.00102639383531173	0.000121833049056219
ctarjeta_master_debitos_automaticos_tend6	4.58651897929632e-05	0.000754665897442313	9.633310855608e-05
rf_005_017	4.54675449056262e-05	0.000469866677796368	8.78331283893671e-05
rf_017_018	4.43664293919179e-05	0.000480043059720783	8.78331283893671e-05
ctransferencias_recibidas	4.37936741401557e-05	0.00074057360330141	7.36664947781789e-05
cpagomiscuentas_lag2	4.37290668298787e-05	0.000545039482866185	0.000101999762000555
ctransferencias_emitidas_lag1	4.16986024611227e-05	0.000921350181285948	0.000113333068889506
ctarjeta_master_debitos_automaticos_delta2	4.11542751349605e-05	0.000713957036837289	7.08331680559412e-05
catm_trx_other_lag2	4.10931581616601e-05	0.000132264397239992	8.21664749448918e-05
ccomisiones_mantenimiento_lag1	3.8498696132742e-05	0.000355667685952522	5.94998611669906e-05
cplazo_fijo	3.82716904745191e-05	0.000942103401890014	7.08331680559412e-05
ctarjeta_master_transacciones_lag1	3.71988146945671e-05	0.000349039548949422	7.08331680559412e-05
ctarjeta_master_transacciones_delta1	3.65706501644617e-05	0.000837042353261994	9.06664551116047e-05
ccheques_depositados_delta1	3.64485692000679e-05	0.000993319871927449	8.49998016671295e-05
mcaja_ahorro_adicional_rank_lag1	3.60275109396218e-05	0.000709934154165416	7.64998215004165e-05
mcheques_emitidos_rank	3.59577789696784e-05	0.00121365221979511	0.000107666415445031
cplazo_fijo_lag2	3.46923238322123e-05	0.0011908064094963	0.000113333068889506
ccallcenter_transacciones_lag1	3.38231908303634e-05	0.000853153913135644	8.78331283893671e-05
vmr_msaldodolares_delta1	3.30980488645853e-05	0.000208712340925166	6.23331878892283e-05
cpagomiscuentas	3.29435641819875e-05	0.000884070247518621	7.08331680559412e-05
ccuenta_debitos_automaticos_lag2	3.27900908197218e-05	0.000207133526836018	6.23331878892283e-05
catm_trx_lag1	3.16408505839347e-05	0.000562381679106394	7.36664947781789e-05
mtarjeta_visa_descuentos_rank_tend6	3.15641861889884e-05	0.000330711669162895	6.51665146114659e-05
rf_001_018	3.04937049900179e-05	0.000223858373406555	6.23331878892283e-05
ctarjeta_visa_debitos_automaticos_lag1	3.02056176728178e-05	0.00029341941950931	6.51665146114659e-05
vm_status03_delta1	2.99273295220147e-05	0.000458324184756556	6.51665146114659e-05
mcaja_ahorro_adicional_rank_tend6	2.6811224501661e-05	0.000961469974320928	9.91664352783177e-05
ctarjeta_visa_debitos_automaticos_delta1	2.38142878049923e-05	0.00012131776455285	1.69999603334259e-05
mcaja_ahorro_adicional_rank_delta2	2.32865405536371e-05	0.000471919494796576	6.23331878892283e-05
cextraccion_autoservicio	2.26081533910304e-05	0.000933961712298144	8.49998016671295e-05
cpayroll_trx_lag2	2.17564368644278e-05	0.000363942882290787	5.6666534444753e-05
rf_017_009	1.99986980007971e-05	0.000451310700178268	6.23331878892283e-05
mtarjeta_master_descuentos_rank_tend6	1.75447367756599e-05	0.000521117683102486	5.09998810002777e-05
catm_trx_delta1	1.61267380685619e-05	0.000412081110829131	5.38332077225153e-05
cseguro_vida	1.29414377722301e-05	0.000437507734138505	4.24999008335647e-05
cpagomiscuentas_lag1	1.25350229053634e-05	0.0001234393029287	3.11665939446141e-05
cpayroll_trx_lag1	1.18935803292654e-05	4.6462823619601e-05	1.41666336111882e-05
ctransferencias_emitidas	1.16978524369457e-05	0.000734179372911288	5.6666534444753e-05
rf_002_012	1.15961273417824e-05	0.000112176393203735	1.69999603334259e-05
ccheques_emitidos	1.07777178751706e-05	0.000372878883062351	2.83332672223765e-05
ctarjeta_visa_debitos_automaticos	1.0607184961246e-05	0.000315853314199951	2.54999405001388e-05
cforex_lag1	1.00382368517669e-05	0.00040146170616115	3.68332473890894e-05
cseguro_accidentes_personales_tend6	8.60867858949635e-06	8.02888813569669e-05	1.69999603334259e-05
ctarjeta_debito	6.16671150904045e-06	5.87600773383924e-05	1.13333068889506e-05
ccuenta_debitos_automaticos_lag1	3.86907323057136e-06	0.000109499560719127	1.41666336111882e-05
cseguro_vivienda	2.85279321345649e-06	1.59418355339033e-05	2.83332672223765e-06
rf_018_018	2.55323018352224e-06	0.000141840062289578	1.41666336111882e-05
