Feature	Gain	Cover	Frequency
rf_007_015	0.12758811726301	0.00207298843042696	0.0023477485091797
rf_010_029	0.0469337014238935	0.00146291406836306	0.00237122599427149
rf_006_016	0.0263521309212131	0.00132634664887297	0.00167864018406348
rf_014_015	0.0242558900412984	0.00197066650706095	0.00280555946846974
ctrx_quarter	0.0235074886210308	0.00164279491312967	0.000504765929473635
rf_004_025	0.0205241766299632	0.00140638207457761	0.000516504672019533
rf_006_025	0.0196143844737855	0.00242789406241346	0.000716063295299808
rf_003_015	0.0188308734993055	0.00176145620864267	0.0015847302436963
rf_015_015	0.0177738008342599	0.00101632368864028	0.00183124383716016
vm_status01	0.0128234419907497	0.00218019702746433	0.000833450720758792
foto_mes	0.0126774440232799	0.00592865900192191	0.00349814527867775
rf_009_025	0.0107491309398911	0.00152860595306792	0.000281729821101564
ctarjeta_visa_delta2	0.0106752798640604	0.00078944051575744	0.000129126168004883
mtarjeta_visa_consumo_rank	0.0102910296081708	0.00109761324152452	0.000798234493121097
cdescubierto_preacordado_tend6	0.0101618876245861	0.000831365669871224	0.000129126168004883
rf_017_024	0.00858213813132645	0.000806088883977171	0.00193689252007325
cdescubierto_preacordado_delta2	0.0080385000907025	0.00160523096927402	0.00038737850401465
cdescubierto_preacordado	0.00556883306305103	0.00319472944602719	0.00267643330046485
mprestamos_personales_rank	0.00555950132640179	0.00489218514076165	0.00109170305676856
rf_009_024	0.0053936279853879	0.00127796512103834	0.00165516269897169
mcuentas_saldo_rank	0.0051896598773855	0.00538881791638414	0.00200732497534864
mcomisiones_mantenimiento_rank_tend6	0.00492179678992494	0.00286929274114904	0.00205427994553223
rf_002_023	0.00430282814992512	0.0013515353283639	0.00531765037329201
vm_status02_tend6	0.0042716000971251	0.00127858197925327	0.00038737850401465
mprestamos_personales_rank_tend6	0.00425850805661645	0.00234384270830077	0.000798234493121097
cpayroll_trx	0.0038100959693337	0.000403861382247672	3.52162276376955e-05
mactivos_margen_rank	0.00370443728108236	0.00414324567575012	0.00326337042775978
mrentabilidad_annual_rank_lag2	0.00360239119192217	0.00350976483282837	0.00550547025402639
rf_013_022	0.00334285009827155	0.000971734364717729	0.00122082922477344
mrentabilidad_annual_rank_delta2	0.00329471023587987	0.00297483888261858	0.00710193924026858
mcomisiones_otras_rank_delta2	0.00326832312356314	0.00214106644517166	0.00557590270930178
mcuenta_corriente_rank	0.00324486583167127	0.0024060545601718	0.00219514485608302
mcuentas_saldo_rank_tend6	0.00319495560541287	0.00354126213489051	0.00345119030849415
thomebanking	0.00313383042942195	0.00198958398368857	0.0046485420481758
mcuentas_saldo_rank_delta2	0.00303650226077974	0.00305086370938872	0.00510635300746584
rf_007_027	0.00300952301470187	0.000994013718616683	0.00221862234117481
mpasivos_margen_rank	0.00291949773179578	0.00233164751210614	0.00196037000516505
tcallcenter	0.00283630397779616	0.00166824133503282	0.00138517162041602
mrentabilidad_annual_rank_delta1	0.0027781025827399	0.00300938475694327	0.00659717331079495
Visa_mpagospesos_rank_tend6	0.00274393423212024	0.00351986373162974	0.00555242522420998
mprestamos_personales_rank_delta2	0.00272600676708187	0.00404067077248016	0.00115039676949805
ctrx_quarter_normalizado_delta2	0.00260144412291284	0.00214885700156839	0.00247687467718458
ctrx_quarter_delta2	0.0025370383303397	0.00250240293744181	0.00264121707282716
mactivos_margen_rank_delta2	0.00253498932610195	0.00330995799360997	0.00595154247077053
mactivos_margen_rank_delta1	0.00252990313967265	0.0029440185370901	0.00547025402638869
rf_020_013	0.00252371496602212	0.00161949796996219	0.00116213551204395
mprestamos_personales_rank_delta1	0.00250081320349108	0.00417459465969735	0.000915621918580082
thomebanking_lag2	0.00241352324501534	0.0019045107313713	0.0061745785791426
mcuenta_debitos_automaticos_rank	0.0024121523349766	0.00281231613319803	0.000950838146217777
rf_017_023	0.0023896945325105	0.000549601619465358	0.000363901018922853
mrentabilidad_rank_delta2	0.00237447423596601	0.00256661753743637	0.00586937127294924
mcomisiones_otras_rank_lag1	0.00236839104659192	0.00180408111129401	0.00358031647649904
mpasivos_margen_rank_delta2	0.00234204609650502	0.00280385497027867	0.00550547025402639
mrentabilidad_rank_delta1	0.00233464964446599	0.00242806676003503	0.00488331689909377
Master_mfinanciacion_limite_rank_tend6	0.00232944138439855	0.00340919256428889	0.00588111001549514
Master_mfinanciacion_limite_rank_delta2	0.00231218196119825	0.00248463050387565	0.00615110109405081
rf_002_024	0.00230756053848056	0.00068924777377041	0.000422594731652345
Visa_fechaalta	0.00226095062770903	0.00192478030677736	0.0030990280321172
cproductos_delta2	0.00225012636417267	0.000906897917213854	0.000199558623280274
rf_004_023	0.00224333708862986	0.00114413194826453	0.00394421749542189
Master_mlimitecompra_rank_tend6	0.00224296289758815	0.00211761324637548	0.00562285767948537
Master_fechaalta_lag1	0.00223389004545867	0.00351602299549045	0.00470723576090529
Visa_mpagominimo_rank	0.00220159066238913	0.00152008786683535	0.00246513593463868
mcomisiones_rank_delta2	0.00215386618572519	0.00223222765717663	0.00535286660092971
mcomisiones_otras_rank_tend6	0.00214723741748255	0.00220311240300438	0.00338075785321876
mcomisiones_rank_lag2	0.00213115439092779	0.00231388709820373	0.00477766821618068
mcomisiones_otras_rank_lag2	0.00212117583355075	0.00175182607672742	0.00453115462271682
mcomisiones_rank_tend6	0.00210322592970885	0.00222922206088163	0.00348640653613185
chomebanking_transacciones	0.00209401074708756	0.00281563424075044	0.00336901911067286
ccaja_ahorro_tend6	0.00208132708633283	0.00425202612730501	0.000516504672019533
Visa_mfinanciacion_limite_rank_tend6	0.00208015043418733	0.00291387151951755	0.00471897450345119
mcomisiones_otras_rank_delta1	0.00204234037242441	0.00241260051440548	0.0046133258205381
Master_fechaalta_lag2	0.00203685055762833	0.00252867860275043	0.00427290228670705
ccomisiones_mantenimiento_tend6	0.00203645799086096	0.00575187185985342	0.000915621918580082
vm_fechaalta_tend6	0.00202852919865911	0.0013600674753352	0.00134995539277833
mrentabilidad_annual_rank	0.00202838996727763	0.00265481045946118	0.00320467671503029
Master_fechaalta	0.0020212615655387	0.0019565710700638	0.00450767713762502
Master_delinquency	0.00202078780973293	0.00121972100552732	0.000469549701835939
cliente_edad_lag2	0.0020179790907039	0.00308408186444161	0.00315772174484669
Master_Fvencimiento_lag2	0.00201742150264603	0.00208639160282814	0.00483636192891018
cprestamos_personales_delta2	0.00201712255583764	0.00236464817928105	0.000305207306193361
Visa_cconsumos_tend6	0.00201565814291415	0.00143518402374108	0.00381509132741701
rf_015_010	0.00200836709861249	0.000955894488974545	0.000422594731652345
mcuentas_saldo_rank_delta1	0.00199847169170978	0.00379044416527762	0.00305207306193361
Master_status_tend6	0.00198543322784841	0.000307705999955939	0.000258252336009767
Master_mfinanciacion_limite_rank_delta1	0.00197099051481729	0.00232564425702993	0.00571676761985256
mcomisiones_rank_lag1	0.00196868389850357	0.00179101721091105	0.00396769498051369
Visa_delinquency_tend6	0.00196121845175554	0.00332074824986288	0.000950838146217777
mcomisiones_rank_delta1	0.00195504989160371	0.00184368442922971	0.00397943372305959
mprestamos_personales_rank_lag2	0.00194991996519867	0.00199064137391911	0.000997793116401371
Master_mlimitecompra_rank_delta2	0.00192487189216122	0.00208543173062421	0.00524721791801662
rf_016_023	0.0019030699133619	0.00117231068920203	0.00350988402122365
chomebanking_transacciones_lag2	0.00187019612631138	0.00230049605885936	0.00451941588017092
internet_lag1	0.0018662025935229	0.00176055711511581	0.00038737850401465
mrentabilidad_rank_lag2	0.00185821446008623	0.00240823714967932	0.00409682114851857
Visa_mlimitecompra_rank_tend6	0.00185608540399562	0.00379721815294333	0.00443724468234963
Visa_mfinanciacion_limite_rank_delta2	0.00184916738247141	0.00239948592732728	0.00448419965253322
Master_Fvencimiento_lag1	0.0018195321541884	0.00188434082845989	0.00441376719725783
Master_Fvencimiento	0.00181933303299652	0.00177753137497335	0.00415551486124806
thomebanking_lag1	0.00180193796532089	0.0014683760983915	0.00426116354416115
rf_009_021	0.00178856499364692	0.00071221394939874	0.000962576888763676
Visa_mlimitecompra_rank_delta2	0.00177734807612798	0.00211763059551277	0.00451941588017092
rf_001_015	0.00177638701774419	0.00085986361225634	0.00224209982626661
cliente_edad_lag1	0.00175290210986318	0.00273471287511323	0.00296990186411232
Master_mlimitecompra_rank_delta1	0.00174461897376558	0.00249151402923173	0.0053880828285674
mactivos_margen_rank_tend6	0.00174288188074647	0.0022687734447985	0.00268817204301075
mrentabilidad_annual_rank_tend6	0.00174159247384676	0.00290644484143179	0.00365074893177443
Visa_mfinanciacion_limite_rank_delta1	0.00173394523312002	0.00225063293737836	0.00450767713762502
mpasivos_margen_rank_delta1	0.00171819694098105	0.00262474122952382	0.00441376719725783
chomebanking_transacciones_delta2	0.00171773002312049	0.00254530769415095	0.00334554162558107
rf_005_021	0.00171317409596469	0.00150300372910827	0.00143212659059962
vm_fechaalta_lag2	0.00168050764682887	0.00184464464161279	0.0030872892895713
mcomisiones_otras_rank	0.00167117529054993	0.00161412892223821	0.00348640653613185
Visa_mconsumototal_rank_tend6	0.00167060804324004	0.00222198270812144	0.00426116354416115
mcomisiones_rank	0.00163384219613201	0.00180113232491917	0.00363901018922853
mcuenta_corriente_rank_tend6	0.00162618808001066	0.00404102047665936	0.00260600084518946
mcuenta_corriente_rank_lag2	0.00162468985908158	0.00296078925641533	0.0023477485091797
mrentabilidad_annual_rank_lag1	0.00160985805961448	0.00222379688359581	0.00336901911067286
vm_mpagominimo_rank	0.00160246885951065	0.00173637298469216	0.00115039676949805
Visa_mlimitecompra_rank_delta1	0.00159409839726169	0.00197152523266052	0.00415551486124806
Visa_mpagospesos_rank	0.00159261883184542	0.00145877646920783	0.00288773066629103
Visa_Fvencimiento	0.00158372283309488	0.00196149210183059	0.00346292905104005
Master_mlimitecompra_rank_lag2	0.00158017182294805	0.0015684158731484	0.00380335258487111
ctarjeta_visa_transacciones_tend6	0.00157358329542628	0.00259984703179468	0.00137343287787012
mttarjeta_visa_debitos_automaticos_rank_tend6	0.00155730934614339	0.0021483864203934	0.00146734281823731
mpasivos_margen_rank_lag2	0.00153157660881339	0.00261031332409171	0.00347466779358595
Visa_mpagospesos_rank_delta2	0.00152541124122211	0.00204122034575136	0.00430811851434474
Master_mfinanciacion_limite_rank	0.00150981144002209	0.00246445833310316	0.00358031647649904
ctrx_quarter_normalizado	0.00150679765020607	0.00178571483830294	0.000763018265483401
chomebanking_transacciones_lag1	0.00150384316111548	0.0018658126301874	0.0030990280321172
Visa_mpagospesos_rank_delta1	0.00149883265722442	0.00235374883890998	0.00417899234633986
Master_mlimitecompra_rank	0.00149677563957562	0.00138358338049036	0.00381509132741701
Visa_fechaalta_lag2	0.00149519845196181	0.00160710025377274	0.00299337934920411
Visa_msaldototal_rank	0.00149412083136928	0.000953008295565631	0.00159646898624219
mactivos_margen_rank_lag2	0.00148635204904027	0.0025566934907246	0.00347466779358595
Visa_mlimitecompra_rank	0.00148552980286091	0.00186923483256358	0.00315772174484669
Visa_mconsumospesos_rank	0.00148368564392483	0.00171283644200114	0.00343945156594826
chomebanking_transacciones_delta1	0.00148063302331984	0.00310356551258891	0.00281729821101564
Visa_mconsumospesos_rank_tend6	0.00146280605497325	0.0013322374180394	0.00372118138704982
vm_Fvencimiento	0.00145773101565673	0.00213009464663895	0.00322815420012208
vm_fechaalta	0.00145231790581179	0.00224395261237544	0.00298164060665822
Visa_cconsumos_lag2	0.00143090105385568	0.000855187509486654	0.00211297365826173
mrentabilidad_rank_tend6	0.00142792789627266	0.00264319821695827	0.00296990186411232
Visa_mpagominimo_rank_lag1	0.00141496828332499	0.00170076314333979	0.0023594872517256
rf_015_027	0.00141183919909384	0.00101725543936675	0.00174907263933887
Master_mfinanciacion_limite_rank_lag1	0.0013985746157361	0.00170117147172801	0.00348640653613185
Visa_fechaalta_lag1	0.00139416719610715	0.00196570782880017	0.0030990280321172
Visa_Fvencimiento_lag1	0.00138813093152898	0.0019543916555618	0.0030872892895713
mactivos_margen_rank_lag1	0.00138562286871287	0.00250314656909135	0.00250035216227638
mcuentas_saldo_rank_lag2	0.00138173507900017	0.00312722247870352	0.00251209090482228
Visa_Fvencimiento_lag2	0.00137650600837832	0.00148237447093425	0.0031107667746631
Master_fultimo_cierre_tend6	0.00136492756648866	0.00224397914635013	0.00304033431938771
cliente_antiguedad_lag2	0.00135128250921807	0.0025130458961173	0.00277034324083204
mcuenta_corriente_rank_lag1	0.00134829142102438	0.00245070749759776	0.00193689252007325
Master_mlimitecompra_rank_lag1	0.00133625341985546	0.0012936562250944	0.00331032539794337
numero_de_cliente	0.00133197128215403	0.00381545583821092	0.00285251443865333
Visa_mconsumototal_rank_lag1	0.00133075546962428	0.00121204803772781	0.00301685683429591
ccaja_seguridad	0.00131854606919332	0.00269240921498448	0.00023477485091797
mrentabilidad_rank	0.00129882966457135	0.00157184623982448	0.00259426210264357
ctrx_quarter_normalizado_tend6	0.00129868369777015	0.0027188745868728	0.00190167629243555
vm_Fvencimiento_lag1	0.00129526367213427	0.0022622243155593	0.0030990280321172
Visa_mconsumospesos_rank_delta2	0.00129102959842728	0.00153387827651667	0.00359205521904494
mrentabilidad_rank_lag1	0.00128678117367909	0.00201678709078761	0.00299337934920411
Visa_mfinanciacion_limite_rank_lag2	0.00128539559070576	0.00188528063009322	0.00288773066629103
vm_Fvencimiento_lag2	0.0012852891555479	0.0014895426128564	0.00281729821101564
vm_mpagominimo_rank_lag1	0.00126180294544556	0.00127200733657687	0.00130300042259473
cliente_edad	0.00126118383503645	0.00249458029081073	0.0023360097666338
Visa_mconsumototal_rank	0.00125590877522734	0.00127208002152462	0.0030872892895713
Visa_msaldopesos_rank_delta2	0.00125493085822233	0.00108573248426923	0.00250035216227638
Master_mfinanciacion_limite_rank_lag2	0.00124858167414059	0.0017922293826606	0.00322815420012208
ctrx_quarter_tend6	0.00124392716520824	0.00146828118840512	0.00173733389679298
vm_fultimo_cierre_tend6	0.00124259717410817	0.00216799672858226	0.00204254120298634
Visa_mpagominimo_rank_lag2	0.0012387068843899	0.0013375677987319	0.00226557731135841
cproductos_tend6	0.00123754983640328	0.00223368328381358	0.000457810959290041
Visa_mconsumototal_rank_delta2	0.00121009443071078	0.00144406247309994	0.00338075785321876
Visa_mconsumospesos_rank_lag1	0.00120617064133403	0.000958860170914464	0.00279382072592384
mpasivos_margen_rank_tend6	0.00120585107066448	0.00259898445083128	0.00264121707282716
Visa_mpagospesos_rank_lag1	0.00120318655335284	0.00150254187919846	0.00291120815138282
Visa_mconsumospesos_rank_lag2	0.00120095502610442	0.00163975053641012	0.00302859557684181
mcaja_ahorro_rank_tend6	0.00120092606683242	0.00238413863101161	0.00259426210264357
Visa_mfinanciacion_limite_rank_lag1	0.00119231139303552	0.00125550411146654	0.00267643330046485
Visa_mlimitecompra_rank_lag2	0.00119028275151271	0.00202806391663616	0.00277034324083204
mcaja_ahorro_rank_delta2	0.00118594059600208	0.00242784802483345	0.00240644222190919
rf_019_025	0.00118443198701632	0.000947236589106127	0.00298164060665822
mpasivos_margen_rank_lag1	0.00117661766043561	0.00156585489101897	0.00193689252007325
mcuentas_saldo_rank_lag1	0.00117336101996671	0.00232471171255207	0.0015142977884209
Visa_mconsumototal_rank_delta1	0.00117192260153593	0.00115159491212764	0.00293468563647462
cliente_antiguedad_lag1	0.00116812221918597	0.00198139280963129	0.00217166737099122
Visa_mpagominimo_rank_tend6	0.00116762759231927	0.0020772528030168	0.00253556838991407
rf_005_019	0.00116374303739288	0.00123821484570439	0.00197210874771095
rf_012_021	0.00115735557013631	0.000836475727859387	0.0030638118044795
rf_004_021	0.00115327384399598	0.000687810176629082	0.00126778419495704
mtransferencias_recibidas_rank	0.00115125826594053	0.00276209627716847	0.00164342395642579
Visa_mconsumospesos_rank_delta1	0.00114893241892403	0.00139349245931898	0.00293468563647462
vmr_msaldopesos2_tend6	0.00114719635963485	0.00229815335835929	0.0023242710240879
Visa_mlimitecompra_rank_lag1	0.001143650157951	0.00111190190028606	0.00252382964736817
vm_fechaalta_lag1	0.00114020879382591	0.00161595885934711	0.00259426210264357
ctrx_quarter_normalizado_lag2	0.00113924979792671	0.00189765963642873	0.00225383856881251
Visa_msaldopesos_rank_tend6	0.00112652549845053	0.00171219803910591	0.00253556838991407
rf_020_017	0.00112412420118631	0.0010895968061638	0.00296990186411232
Visa_mpagospesos_rank_lag2	0.00112162535601144	0.0011797108333131	0.00295816312156642
Visa_mfinanciacion_limite_rank	0.00111829149255999	0.00100336626433522	0.00240644222190919
mcomisiones_mantenimiento_rank	0.00111227663597182	0.00316127033073409	0.00214818988589942
vm_mlimitecompra_rank_tend6	0.00110098939385707	0.00213375463424982	0.00226557731135841
mcuenta_corriente_rank_delta2	0.00109374979961826	0.00233215551298902	0.00174907263933887
rf_020_021	0.00108159921156973	0.000720386300209013	0.00282903695356153
mtransferencias_emitidas_rank	0.00107265085232072	0.00259626267735097	0.00169037892660938
Visa_mpagominimo_rank_delta2	0.00106214060937307	0.001669076248091	0.00246513593463868
vmr_Master_mlimitecompra_lag2	0.00105675719917239	0.00123338226051988	0.00224209982626661
Master_Fvencimiento_tend6	0.00104503292557367	0.00106144425902182	0.00184298257970606
vmr_Master_mlimitecompra_lag1	0.00104359391719037	0.00178150568813051	0.00241818096445509
mtarjeta_visa_consumo_rank_delta2	0.00104300795168427	0.00196453523122654	0.00204254120298634
Master_fultimo_cierre	0.00102445480117053	0.00128294171540169	0.00203080246044044
ccomisiones_otras_tend6	0.00102294332087083	0.00246199566275174	0.00227731605390431
vmr_mpagominimo_delta2	0.00102106269393474	0.00113489642417794	0.00111518054186036
rf_009_015	0.00101957952365358	0.00116678515906323	0.00146734281823731
Visa_fultimo_cierre_tend6	0.00101906455842569	0.00130222386409166	0.00203080246044044
vm_mfinanciacion_limite_rank_delta2	0.00101486858857344	0.00240662039151233	0.00250035216227638
ccaja_seguridad_lag1	0.00101399499263267	0.000667312567790996	8.21711978212894e-05
chomebanking_transacciones_tend6	0.00101294633635818	0.00245352406767139	0.00204254120298634
mprestamos_personales_rank_lag1	0.00101147116908439	0.00211083483638066	0.000798234493121097
Visa_fechaalta_tend6	0.00100931529027557	0.000811338075242855	0.00111518054186036
mcomisiones_mantenimiento_rank_lag2	0.00100633675628062	0.00175154939767514	0.00150255904587501
mcaja_ahorro_rank_delta1	0.00099701545283941	0.00279120087239364	0.00217166737099122
thomebanking_delta2	0.000996668751637089	0.00102615339233094	0.00092736066112598
vm_mlimitecompra_rank_delta2	0.000988822118460705	0.00241309570187324	0.0023007935389961
rf_019_016	0.000980662937975169	0.000382952270015841	0.000516504672019533
Visa_msaldototal_rank_delta2	0.000980182686709986	0.00101418827064331	0.00203080246044044
rf_016_021	0.000975341357475002	0.00108227955237535	0.00186646006479786
Visa_cconsumos_lag1	0.000974001989635193	0.00100701230460042	0.00207775743062403
Visa_mconsumosdolares_rank_tend6	0.000970017669442839	0.00122512962742723	0.00240644222190919
vm_mpagominimo_rank_lag2	0.000968997365826286	0.000638146286744341	0.00142038784805372
Visa_msaldototal_rank_tend6	0.000964955775796596	0.00135467688293091	0.00224209982626661
rf_005_016	0.000963471269424401	0.0006759875900106	0.000739540780391604
Visa_cconsumos	0.000956780234658608	0.00115692211781462	0.00208949617316993
vmr_Master_mlimitecompra	0.000952830686530107	0.00120394859865139	0.0022890547964502
Visa_mconsumosdolares_rank	0.000950779937642142	0.00170526496098515	0.00214818988589942
ctrx_quarter_lag2	0.000948334024765398	0.00235907649816918	0.00191341503498145
Visa_Fvencimiento_tend6	0.000943486233221074	0.000963239070489054	0.00137343287787012
Master_mpagominimo_rank_tend6	0.000938663967222853	0.00155511248663493	0.00119735173968165
Visa_mconsumosdolares_rank_lag2	0.000930847449740652	0.00181221456828669	0.002312532281542
vmr_mpagominimo_lag2	0.000922159730088287	0.0012681992576372	0.00167864018406348
cliente_antiguedad	0.000920775861172091	0.0019632588790083	0.00193689252007325
ccomisiones_otras	0.000916994618008148	0.0014245011507105	0.000493027186927736
vm_status02	0.00091383728379715	0.00108006952174872	0.000598675869840823
mtransferencias_recibidas_rank_lag2	0.000907935146553306	0.0012793389912832	0.00197210874771095
ctrx_quarter_delta1	0.000904660595444168	0.00127145840080142	0.00092736066112598
vmr_Visa_mlimitecompra_lag1	0.000900556228312526	0.000870278764285916	0.00159646898624219
Visa_mpagominimo_rank_delta1	0.000899122704922103	0.00116400873013079	0.00188993754988966
vm_msaldopesos_rank	0.000894395552172621	0.000575204070211115	0.000645630840024417
Master_mconsumospesos_rank_tend6	0.000891556316468835	0.00280860353121	0.00213645114335352
Master_mpagospesos_rank_tend6	0.000880877113824634	0.00218374180773213	0.00199558623280274
Visa_msaldopesos_rank_delta1	0.000879661594674343	0.00145739908377829	0.00212471240080763
mtarjeta_visa_consumo_rank_tend6	0.00087279321237472	0.00236057623470422	0.00136169413532422
tcallcenter_delta2	0.000868902078416958	0.000712252616430227	0.000575198384749026
Master_mconsumototal_rank_tend6	0.000867353009491582	0.00189586383062914	0.00192515377752735
ctrx_quarter_normalizado_delta1	0.000864453276519292	0.00148724300171693	0.000974315631309574
vm_mpagospesos_rank_tend6	0.00086046944117784	0.00130890044712379	0.00146734281823731
rf_018_025	0.000858868191791306	0.000648823830301368	0.00240644222190919
vm_mfinanciacion_limite_rank_tend6	0.000856056280427142	0.00149121198540054	0.00192515377752735
vm_Fvencimiento_tend6	0.000854335606638218	0.00103468202411756	0.00134995539277833
rf_008_025	0.000851779457057338	0.000910832542802033	0.0023360097666338
vm_mfinanciacion_limite_rank_delta1	0.000844761215585713	0.00186840150700816	0.00219514485608302
mcaja_ahorro_dolares_rank_delta2	0.000834897139321774	0.00151488437297051	0.00092736066112598
rf_008_028	0.000827828581416364	0.000294561250325319	0.000187819880734376
Visa_msaldopesos_rank	0.000825344196751231	0.000934398794473265	0.0015495140160586
mcaja_ahorro_dolares_rank	0.000818769951411787	0.00314436195224105	0.00127952293750293
rf_012_025	0.000817315659362316	0.000764895115063068	0.000422594731652345
mcaja_ahorro_rank_lag1	0.000813930640643327	0.00237305718139547	0.00113865802695215
Visa_msaldototal_rank_delta1	0.000811007218004002	0.000865113710666458	0.00191341503498145
vm_status06	0.00080734697193881	0.000458504701322122	0.000340423533831056
Visa_status	0.00080664184972337	0.00108659631255623	0.000399117246560548
Master_cconsumos_tend6	0.000803328319155741	0.0013325534444815	0.00159646898624219
cdescubierto_preacordado_delta1	0.000802742867941594	0.0024851175270435	0.000434333474198244
vm_msaldototal_rank	0.000801398945404474	0.000451144925138349	0.000598675869840823
vmr_Visa_mlimitecompra	0.000800297422202819	0.00091197305014132	0.00178428886697657
Master_msaldopesos_rank	0.000796133024951772	0.0011633860888701	0.00109170305676856
rf_010_027	0.000789194282418051	0.000756748050903885	0.000950838146217777
mtransferencias_emitidas_rank_lag1	0.000788999723456216	0.00172220429578199	0.00140864910550782
rf_017_019	0.000787882078993101	0.000686566708396569	0.00137343287787012
mcomisiones_mantenimiento_rank_lag1	0.000775554229966747	0.00222535581130515	0.00164342395642579
Visa_msaldototal_rank_lag2	0.000773085947724048	0.000713607663428087	0.0015260365309668
vmr_mpagominimo_tend6	0.00077013234446007	0.00132122570515161	0.00143212659059962
mautoservicio_rank	0.000769227400501358	0.00255381353393367	0.00106822557167676
Visa_msaldopesos_rank_lag2	0.000768835600434082	0.00073585197887329	0.00160820772878809
mtransferencias_recibidas_rank_tend6	0.000768380229977133	0.0023398476442147	0.00170211766915528
vm_mlimitecompra_rank_delta1	0.000767467287467874	0.00114366635638392	0.00185472132225196
mplazo_fijo_dolares_rank	0.000763051089647931	0.00263165729868645	0.000293468563647462
rf_011_015	0.000761825744266978	0.000598471077612275	0.00146734281823731
Master_mpagospesos_rank	0.00076092541652977	0.00142990036098691	0.00138517162041602
mautoservicio_rank_lag2	0.000760873351407017	0.000865399574556132	0.00171385641170118
vm_cconsumos_tend6	0.00075777974032347	0.00163351743361302	0.000939099403671879
Master_fultimo_cierre_lag1	0.000754036271810082	0.00116984711170617	0.00180776635206837
vmr_mpagospesos_tend6	0.000751979937511659	0.00139086548243199	0.00113865802695215
mtransferencias_recibidas_rank_lag1	0.000750392562627021	0.00218707352245105	0.0015729915011504
Visa_msaldototal_rank_lag1	0.000749680017412858	0.000883862685215508	0.0015377752735127
Master_fultimo_cierre_lag2	0.000740921385455459	0.00087659509758481	0.00169037892660938
ccomisiones_mantenimiento_delta1	0.000738136718413234	0.00172343653810214	0.000176081138188477
ccajas_transacciones_delta2	0.000734987943574947	0.000983183774794792	0.000727802037845706
ctarjeta_visa_debitos_automaticos_tend6	0.000733308950449597	0.00161756915411001	0.000528243414565432
mcaja_ahorro_dolares_rank_lag2	0.000732077811361982	0.00136905704988719	0.00149082030332911
rf_013_021	0.000730589435211818	0.000573363927727326	0.00131473916514063
Master_mpagominimo_rank	0.000729370964394948	0.00168438759880849	0.00117387425458985
mcaja_ahorro_rank	0.000727218723519396	0.00240314126582293	0.000974315631309574
vmr_mpagominimo	0.000726235389007475	0.00095910385258797	0.00150255904587501
cmobile_app_trx_lag2	0.000725830887961535	0.00249163490622752	0.00127952293750293
vmr_mpagominimo_delta1	0.000719469114696833	0.00117182525353694	0.00106822557167676
Visa_msaldopesos_rank_lag1	0.00070684506614518	0.000779411580470518	0.0015377752735127
ccajas_consultas_tend6	0.000705266137631964	0.00305016611531919	0.00062215335493262
vm_fultimo_cierre_lag2	0.000704806699413874	0.00100139061715164	0.00144386533314551
mautoservicio_rank_delta2	0.000703922732073111	0.0017261519615714	0.00150255904587501
mcaja_ahorro_rank_lag2	0.000703711637214141	0.00197034435739393	0.00139691036296192
mttarjeta_visa_debitos_automaticos_rank	0.000700785154911551	0.00122158654805525	0.00132647790768653
mtransferencias_emitidas_rank_tend6	0.000695822102476412	0.00134232520432146	0.00109170305676856
mcaja_ahorro_dolares_rank_tend6	0.000692656211708516	0.0021520577473097	0.00116213551204395
Visa_mconsumosdolares_rank_lag1	0.000691653813774162	0.000847515902403792	0.00174907263933887
Visa_mconsumosdolares_rank_delta2	0.000689556454383566	0.00100752268673744	0.00165516269897169
Master_fechaalta_tend6	0.000683254907093935	0.000856581223516001	0.00120909048222754
mttarjeta_visa_debitos_automaticos_rank_lag2	0.000682261737447295	0.00163578200629873	0.00142038784805372
mtarjeta_visa_consumo_rank_lag2	0.000682186696882094	0.00141533695085502	0.00164342395642579
vmr_msaldopesos2_lag2	0.000680646472644429	0.000742314475819066	0.0015142977884209
vmr_Visa_mlimitecompra_lag2	0.000679391939644362	0.000826678227796116	0.0015729915011504
ctransferencias_recibidas_tend6	0.000677690500118551	0.00228237766308479	0.00125604545241114
ccallcenter_transacciones_tend6	0.000675032463402191	0.00319278055960441	0.000950838146217777
mtransferencias_emitidas_rank_lag2	0.000674576272571021	0.00228892214320877	0.00149082030332911
mpagomiscuentas_rank	0.000671176794577084	0.00126073357234079	0.000669108325116214
vm_fultimo_cierre	0.000664995374890234	0.00124027077517034	0.00150255904587501
Master_msaldototal_rank_tend6	0.000663905194265326	0.00112411478579715	0.00126778419495704
vmr_mpagospesos	0.000659946679129726	0.000904968421003345	0.0007747570080293
Master_mpagominimo_rank_lag1	0.000653145087849237	0.00133079539856896	0.00123256796731934
ccaja_ahorro_lag1	0.000651939766962867	0.000543916091727057	0.000176081138188477
mpayroll_rank_tend6	0.000646968047015676	0.00165766289700518	0.000586937127294924
vm_mpagominimo_rank_tend6	0.000643614568071479	0.00132655404476913	0.0015729915011504
rf_018_016	0.000637602641849913	0.000767866466655697	0.00129126168004883
vm_msaldototal_rank_tend6	0.000633452615173524	0.00107342298787595	0.00136169413532422
rf_003_024	0.000631419227803497	0.000661627380231858	0.00105648682913086
vm_status01_tend6	0.000628096069590644	0.000745707536180318	0.000340423533831056
vm_status05_delta1	0.00062345737626516	0.000325052415817413	7.04324552753909e-05
rf_009_017	0.000622831887954645	0.000659895301328736	0.000786495750575198
mttarjeta_visa_debitos_automaticos_rank_delta1	0.000620682901818653	0.00132773321913991	0.000892144433488285
vmr_msaldopesos2_delta2	0.000620514961223768	0.00102277688735561	0.00139691036296192
ccaja_ahorro	0.000617518449635117	0.00290463656239623	0.000293468563647462
vm_mfinanciacion_limite_rank_lag2	0.000612945787079737	0.000625847562691213	0.00127952293750293
Visa_cconsumos_delta2	0.000612013286251095	0.000928361634873846	0.00129126168004883
vmr_msaldototal_delta2	0.00061088922056619	0.0010368747056069	0.00109170305676856
mcomisiones_mantenimiento_rank_delta2	0.000609490095721649	0.00131934632867106	0.00127952293750293
Visa_mpagosdolares_rank_tend6	0.000607850508866082	0.00145702579384382	0.0015260365309668
vm_mfinanciacion_limite_rank	0.000607229391625051	0.000774005680003909	0.00130300042259473
ctarjeta_visa_transacciones_delta2	0.000604060075988099	0.00119851956600172	0.000727802037845706
rf_003_025	0.000599652695372669	0.000653650632440105	0.00107996431422266
mcuenta_corriente_rank_delta1	0.000598453007217219	0.00121269165670352	0.000950838146217777
vm_mlimitecompra_rank_lag2	0.000588045074522619	0.000535420570712274	0.00136169413532422
vmr_msaldototal_tend6	0.000587730354562604	0.00114752625594937	0.00123256796731934
rf_001_028	0.000587109655231028	0.000865306592251677	0.000950838146217777
vm_fultimo_cierre_lag1	0.000585187241455326	0.00119249714749935	0.00124430670986524
rf_011_025	0.000584015243259886	0.000712111668863839	0.00130300042259473
cplazo_fijo_tend6	0.000583906331968809	0.00136242162853374	0.000211297365826173
vm_msaldopesos_rank_tend6	0.000579392863322876	0.000700705121361269	0.00117387425458985
Visa_fultimo_cierre	0.000575627272700703	0.000733400534434233	0.00125604545241114
vmr_msaldopesos2	0.000573691753711697	0.000795425174372757	0.00127952293750293
mttarjeta_visa_debitos_automaticos_rank_delta2	0.000572680409905671	0.00117010496751146	0.00106822557167676
mttarjeta_visa_debitos_automaticos_rank_lag1	0.000572660708429089	0.000824339949625165	0.00120909048222754
rf_008_015	0.000571029933534982	0.000348536117345177	0.000669108325116214
vmr_msaldopesos_lag2	0.000566562324517216	0.000850780601827673	0.00112691928440625
mtransferencias_emitidas_rank_delta2	0.000563184513147875	0.00153381795141182	0.000915621918580082
mpayroll_sobre_edad_rank_delta2	0.000559668008232325	0.00153580335039806	0.000481288444381838
mextraccion_autoservicio_rank_lag2	0.000559121870210893	0.00108273890763798	0.00132647790768653
vm_msaldopesos_rank_delta2	0.000558962874312581	0.00106409164665856	0.00122082922477344
vmr_msaldopesos	0.000557429835758344	0.000568730233959917	0.00111518054186036
rf_019_021	0.00055708283627877	0.000739304117015787	0.00110344179931446
rf_005_023	0.000553472667502022	0.000792018733631108	0.00110344179931446
rf_013_023	0.000552857318921227	0.000753305210991833	0.00127952293750293
mcaja_ahorro_dolares_rank_lag1	0.000552071840930711	0.000856440616128776	0.00104474808658497
vm_mlimitecompra_rank	0.000550528784429598	0.000700737665167828	0.00122082922477344
mcuenta_debitos_automaticos_rank_lag2	0.000550127084282286	0.0025081392652684	0.00124430670986524
mcomisiones_mantenimiento_rank_delta1	0.000548234666954197	0.00142155973488419	0.00112691928440625
ctarjeta_visa_transacciones_lag2	0.000547415287646295	0.000894721544266223	0.00117387425458985
rf_003_026	0.000546773086884196	0.00113498634486993	0.00103300934403907
cmobile_app_trx_tend6	0.000546530460597773	0.00363354230955447	0.00104474808658497
Master_mpagominimo_rank_lag2	0.000546199340136399	0.00067304526703985	0.00110344179931446
Visa_fultimo_cierre_lag2	0.000545812080810197	0.00139043878436899	0.00126778419495704
Master_mpagospesos_rank_lag2	0.00054509522691453	0.00213317973146495	0.00126778419495704
ctarjeta_visa_transacciones	0.000538413700830258	0.00225466440063484	0.000563459642203127
cprestamos_personales_tend6	0.000537958382110116	0.0029120404484781	0.000469549701835939
Visa_cconsumos_delta1	0.000534791748066949	0.000720195799877933	0.00129126168004883
vmr_mconsumospesos_lag2	0.000534018885106688	0.000586794087675404	0.00106822557167676
mtransferencias_recibidas_rank_delta2	0.000532504962831745	0.00107769008189909	0.00109170305676856
mtransferencias_recibidas_rank_delta1	0.000532402469297282	0.00118734728854916	0.00124430670986524
mcaja_ahorro_dolares_rank_delta1	0.000531626109979947	0.00137078946896948	0.000845189463304691
Master_mpagominimo_rank_delta2	0.000527275429725588	0.00158670742011674	0.00106822557167676
rf_014_023	0.000524543222161654	0.000517158052365804	0.000962576888763676
vmr_msaldototal	0.000523277952566666	0.000751821576270494	0.00103300934403907
Master_mconsumospesos_rank	0.000520377602070418	0.00102330802042155	0.00111518054186036
vmr_msaldopesos2_lag1	0.000519733997533006	0.000835292471338662	0.00122082922477344
Master_msaldopesos_rank_lag2	0.000516990155839808	0.000622912156696769	0.00122082922477344
Visa_fultimo_cierre_lag1	0.000515499379743673	0.000892529769921317	0.00111518054186036
internet_tend6	0.000514582406865818	0.00209742191217683	0.000586937127294924
tcallcenter_delta1	0.000514468603570982	0.00078332772299086	0.00038737850401465
rf_003_017	0.000512086421684791	0.000586211587555905	0.000939099403671879
Master_mpagospesos_rank_delta2	0.000511918880550474	0.00171782154084356	0.00124430670986524
cproductos	0.000510304042273574	0.000645384959146214	5.86937127294924e-05
vm_mconsumospesos_rank_tend6	0.000509711964144049	0.000868544190735601	0.00110344179931446
rf_016_016	0.000509539318429562	0.000549985454953873	0.000845189463304691
vmr_mpagospesos_delta2	0.000509459127828209	0.00159707664795936	0.00113865802695215
vm_mconsumospesos_rank_delta2	0.000509042358313398	0.00038490353769276	0.000868666948396488
thomebanking_tend6	0.000508000383645737	0.00325439471668668	0.000880405690942386
rf_005_026	0.000507703867326941	0.000440027529924024	0.00120909048222754
vmr_mconsumospesos_lag1	0.000505865252451147	0.000776652160496215	0.00100953185894727
Master_mpagospesos_rank_lag1	0.000505114279841896	0.000989718729902211	0.00106822557167676
Master_msaldopesos_rank_tend6	0.000504160530436145	0.000782820742645468	0.00112691928440625
Visa_mconsumosdolares_rank_delta1	0.000493173608539623	0.000885051724781998	0.00109170305676856
matm_rank_lag2	0.000491243216661902	0.00110495975072096	0.00111518054186036
vmr_msaldopesos_tend6	0.000489826792419558	0.0011455305381952	0.00118561299713575
vmr_mpagominimo_lag1	0.000488520536310122	0.000696739426076235	0.00105648682913086
Master_msaldototal_rank_lag2	0.00048837334994083	0.00105324571441602	0.00110344179931446
ccajas_transacciones_tend6	0.000485731139082066	0.00252908523024285	0.000704324552753909
mprestamos_prendarios_rank	0.00048530716900364	0.00359538566020444	0.000316946048739259
vmr_msaldopesos_delta2	0.000484235172102863	0.000590953231510927	0.000939099403671879
mpayroll_rank_delta2	0.000483226455333056	0.00119814979125193	0.000528243414565432
vm_mfinanciacion_limite_rank_lag1	0.000481355485891193	0.000619552433893456	0.00106822557167676
rf_003_019	0.000480036910365642	0.000645358538564582	0.0007747570080293
vm_mpagospesos_rank_delta2	0.000479872968436236	0.000903807616307354	0.00117387425458985
vm_msaldopesos_rank_delta1	0.000477568735978103	0.000786510439236544	0.000939099403671879
vmr_mpagospesos_lag1	0.000474293064632824	0.00068703059938136	0.000950838146217777
vmr_mconsumospesos_tend6	0.000473370816835565	0.00161996651006221	0.00105648682913086
mcuenta_debitos_automaticos_rank_tend6	0.000472671443256416	0.00215647486034356	0.000833450720758792
vmr_msaldopesos_lag1	0.000472505885773674	0.000665282038369182	0.000915621918580082
vmr_Master_mlimitecompra_tend6	0.000471669398341435	0.0014959641749096	0.000997793116401371
rf_011_023	0.000470006628915737	0.000707366282938028	0.00113865802695215
vmr_msaldototal_lag2	0.000468408048023942	0.00107118188755246	0.000986054373855472
vmr_mconsumospesos	0.000468065256366686	0.000926869495673441	0.00105648682913086
rf_004_015	0.000467776955178913	0.000483286186355368	0.00110344179931446
Master_msaldototal_rank_delta2	0.000465148675240671	0.00115062188632942	0.00092736066112598
mpagomiscuentas_rank_tend6	0.000461027746581482	0.0020098392715698	0.000657369582570315
Master_fultimo_cierre_delta1	0.000458453007097788	0.000445869313291032	0.00115039676949805
mautoservicio_rank_tend6	0.000455728856805599	0.00129777432064429	0.00103300934403907
mcuenta_debitos_automaticos_rank_lag1	0.000455069901206995	0.00166955635428255	0.000833450720758792
ccaja_ahorro_lag2	0.000454026226912717	0.000596436919612726	0.000246513593463868
Visa_mpagado_rank_tend6	0.000453624271743542	0.00170600530423611	0.000950838146217777
cpagomiscuentas_tend6	0.000446206313157323	0.00198716576341439	0.00062215335493262
vm_msaldototal_rank_delta2	0.00044581934503646	0.00103774737855213	0.00103300934403907
rf_003_023	0.000443453870856688	0.000643727492872764	0.00053998215711133
vm_mpagominimo_rank_delta2	0.000440742204153393	0.00148487172616721	0.00102127060149317
Master_mconsumototal_rank_lag2	0.000438562921933101	0.000891794075785575	0.00102127060149317
ccomisiones_otras_lag2	0.000438012725180651	0.00107045469789579	0.000856928205850589
Master_mconsumototal_rank_delta2	0.000431707658063764	0.000769959475650383	0.00100953185894727
Master_mconsumospesos_rank_lag2	0.000429000518672219	0.00146399765238913	0.00115039676949805
vm_mconsumototal_rank_delta2	0.000428259083066617	0.000535910315313426	0.000809973235666995
tcallcenter_lag2	0.000428097475708219	0.000716535812267061	0.000821711978212894
Master_mconsumospesos_rank_lag1	0.000427998642514368	0.000844979980139345	0.000950838146217777
rf_001_023	0.000426450541739081	0.000504624491297398	0.000751279522937503
mtransferencias_emitidas_rank_delta1	0.000423328176730225	0.00110382434606911	0.0007747570080293
vm_mconsumototal_rank_tend6	0.000421692106050159	0.00134458977700717	0.000997793116401371
rf_009_023	0.000419559796420696	0.000725349287405861	0.00106822557167676
mextraccion_autoservicio_rank_delta2	0.000417611566317704	0.00101037769705645	0.000868666948396488
mextraccion_autoservicio_rank_tend6	0.000416726664876672	0.00224119727455109	0.000915621918580082
active_quarter_lag1	0.000410167256727658	0.000666854006279753	0.000504765929473635
mpayroll_rank	0.000410116481835284	0.00171584181151003	0.000293468563647462
rf_006_021	0.000409193052265717	0.000499894526826961	0.000880405690942386
mtarjeta_master_consumo_rank	0.000407889271663984	0.000963889833227189	0.000223036108372071
mpayroll_sobre_edad_rank_tend6	0.000406981738256471	0.000539611011030761	0.000328684791285158
Visa_Fvencimiento_delta2	0.000404806225799869	0.000526333818312818	0.000352162276376955
ctrx_quarter_normalizado_lag1	0.000403957392961141	0.00134748095971047	0.000845189463304691
vmr_mconsumospesos_delta2	0.000401459041177177	0.000973545025007421	0.000821711978212894
ccomisiones_otras_delta2	0.000398899765379164	0.000769980226579304	0.000856928205850589
rf_008_019	0.000398065072049456	0.000636721162838977	0.000833450720758792
rf_011_019	0.000398050009055253	0.000378675650976152	0.00062215335493262
ccomisiones_otras_lag1	0.000394830508045867	0.00108995490142901	0.000704324552753909
vm_msaldototal_rank_delta1	0.000392864205752378	0.000596867359646523	0.000880405690942386
ctarjeta_debito_tend6	0.000392791477397841	0.00326836269989089	0.000434333474198244
vm_status06_tend6	0.000391334309513785	0.000447373925727401	0.00015260365309668
Master_delinquency_tend6	0.000391213155594304	0.00020169347285442	0.000246513593463868
vmr_mpagospesos_lag2	0.000390509844249929	0.000969968154505288	0.00102127060149317
ccajas_consultas_delta2	0.000390401192995718	0.0010242715212032	0.000164342395642579
rf_012_015	0.000389011400814311	0.000502435211599685	0.000892144433488285
rf_008_021	0.000386205873890396	0.000503123507438765	0.000950838146217777
Master_cconsumos	0.000385409962791155	0.000550504568356066	0.000986054373855472
Master_msaldopesos_rank_lag1	0.000385043582425191	0.000756710404409886	0.00092736066112598
vm_msaldopesos_rank_lag2	0.000382975507139985	0.000446314494421877	0.00053998215711133
vm_mconsumospesos_rank_lag2	0.000382835249685216	0.000801477642034495	0.000798234493121097
mpayroll_rank_delta1	0.000381423367877136	0.00215203949102797	0.000551720899657229
ctarjeta_debito_transacciones_tend6	0.000380882465224397	0.00179848108191859	0.000845189463304691
Master_cconsumos_lag2	0.00037907023604345	0.000627354783167828	0.00100953185894727
cextraccion_autoservicio_tend6	0.000377178146289663	0.00132050917444203	0.000704324552753909
cproductos_delta1	0.000375698282167027	0.000760609197792933	0.000117387425458985
rf_010_015	0.000375392042398051	0.00127934318682621	0.000704324552753909
rf_002_015	0.000375005853144647	0.000763019140374148	0.000892144433488285
mpagomiscuentas_rank_delta2	0.000374659146787608	0.00105417247584811	0.000481288444381838
Master_mconsumototal_rank	0.000373285349234346	0.00063343344462509	0.000786495750575198
Master_msaldopesos_rank_delta2	0.000370939418596377	0.000847360667312572	0.000880405690942386
mpagomiscuentas_rank_lag2	0.000366353959705793	0.000951903960610638	0.000809973235666995
rf_018_022	0.000365615921258378	0.000857441309832216	0.000986054373855472
vm_mpagominimo_rank_delta1	0.000364907263426169	0.000736578034599423	0.000903883176034183
ctransferencias_emitidas_tend6	0.000364194106800073	0.00198652860784276	0.000915621918580082
vmr_Visa_mlimitecompra_tend6	0.000363528843943743	0.00126856075469403	0.000692585810208011
ctarjeta_debito_transacciones_lag2	0.000360375712925107	0.000996013518520805	0.000950838146217777
rf_001_027	0.000357138729632859	0.000667496151145769	0.000457810959290041
ccomisiones_otras_delta1	0.00035660996021771	0.000848788512651238	0.000575198384749026
mautoservicio_rank_lag1	0.000355448561152486	0.000730197634224898	0.000821711978212894
vmr_msaldopesos2_delta1	0.000352665637764497	0.000417795460928677	0.000892144433488285
vmr_msaldototal_lag1	0.000351111698076884	0.000598751838814509	0.000892144433488285
rf_013_019	0.000350983050985368	0.000876165791481555	0.000669108325116214
rf_014_022	0.00034883415021019	0.00052493602213352	0.00015260365309668
Master_msaldopesos_rank_delta1	0.000348247189418896	0.00126226857411568	0.000821711978212894
Visa_fultimo_cierre_delta1	0.000347483168432805	0.000352534129650662	0.000845189463304691
Master_mconsumospesos_rank_delta2	0.000346977745272618	0.000935754862008613	0.000798234493121097
tcallcenter_tend6	0.000343354575377148	0.00106920215821894	0.000434333474198244
rf_014_025	0.000342141986684074	0.000374817565699568	0.000328684791285158
rf_015_028	0.000341886299275846	0.000309521422753909	0.000258252336009767
active_quarter	0.000341864192489578	0.00138676700388048	0.000763018265483401
Master_msaldototal_rank_delta1	0.000338910544199099	0.00145796264725774	0.000751279522937503
thomebanking_delta1	0.000338148599283261	0.000962984276296235	0.000633892097478518
rf_019_018	0.000336774845757477	0.0010448892132857	0.000633892097478518
rf_020_015	0.000335138268053119	0.000602742934143687	0.000986054373855472
ctarjeta_visa_transacciones_lag1	0.000331400195999324	0.000750049242833126	0.00053998215711133
Master_mpagospesos_rank_delta1	0.000326064335367997	0.000566472464857457	0.000880405690942386
Master_mpagado_rank_tend6	0.000325135096911568	0.00176645706911963	0.000751279522937503
catm_trx_tend6	0.000323986594713981	0.0021141320796111	0.000716063295299808
rf_010_023	0.00032308675156669	0.000664627647053312	0.000669108325116214
mplazo_fijo_dolares_rank_delta2	0.000322534824636921	0.00169986892571425	0.000269991078555665
matm_rank_delta2	0.00031826205142244	0.00125390685690487	0.000669108325116214
vmr_msaldopesos_delta1	0.000318061018945798	0.00060837686804232	0.000704324552753909
ctarjeta_master_delta2	0.000316653320822826	0.000158711495475359	4.69549701835939e-05
vmr_mpagospesos_delta1	0.000316175386440646	0.000876996055424512	0.000786495750575198
rf_013_020	0.000315952871985951	0.000608391722532422	0.000645630840024417
mpayroll_rank_lag2	0.000313231350026723	0.000282442481049229	0.000258252336009767
mtarjeta_visa_consumo_rank_delta1	0.000307047123450547	0.00101366790991752	0.000786495750575198
vm_cconsumos_lag2	0.000306614391117562	0.000658554768641815	0.000493027186927736
internet_lag2	0.000305686926107659	0.00119021511228329	0.000457810959290041
vm_mconsumospesos_rank	0.000304044538223271	0.000659084540991104	0.000586937127294924
ccallcenter_transacciones_delta2	0.000300445633058868	0.000657263561933478	0.000211297365826173
vm_msaldopesos_rank_lag1	0.000299658288231447	0.00108513671716239	0.000716063295299808
mpayroll_sobre_edad_rank	0.000299511461398737	0.00160465538613082	0.000305207306193361
Master_mconsumosdolares_rank	0.0002988442118446	0.000220538377927334	0.0007747570080293
mautoservicio_rank_delta1	0.000298007300060784	0.000878781542456169	0.00062215335493262
matm_other_rank_lag2	0.000292651422339582	0.000892112596874863	0.000704324552753909
Master_mconsumototal_rank_delta1	0.000288984767741518	0.000627393903771532	0.000680847067662112
Master_fultimo_cierre_delta2	0.000286694099787701	0.000305711869704528	0.000798234493121097
Visa_mpagado_rank_delta2	0.000281954169861833	0.000947727240851712	0.000446072216744142
vm_mconsumospesos_rank_delta1	0.000281124605162868	0.000433918025556017	0.000727802037845706
Master_cconsumos_delta2	0.000279538827521054	0.000287859494035151	0.00053998215711133
rf_018_015	0.000278335342359409	0.000460877677767663	0.000669108325116214
vmr_mconsumospesos_delta1	0.000276679444340208	0.000728089430560947	0.000692585810208011
vm_mconsumototal_rank_delta1	0.000275389242043745	0.000412125581431858	0.000669108325116214
rf_012_019	0.000275331835323116	0.000575708669302368	0.000363901018922853
vmr_mpagado_tend6	0.000272815957509145	0.00113129472059694	0.000469549701835939
vm_mpagospesos_rank_delta1	0.000272210133068589	0.00182147299777023	0.000786495750575198
mextraccion_autoservicio_rank_lag1	0.000270550939215509	0.000562889697916505	0.000516504672019533
rf_017_021	0.00026874777616679	0.000641096433835832	0.000575198384749026
Visa_fultimo_cierre_delta2	0.000267806975611099	0.000222145611077766	0.00053998215711133
mextraccion_autoservicio_rank	0.000264491342153478	0.000599066617933008	0.00053998215711133
mtarjeta_visa_consumo_rank_lag1	0.000263054709430817	0.000873941019757872	0.000563459642203127
vm_msaldototal_rank_lag2	0.000261521340990151	0.000447414974013026	0.000680847067662112
mpagomiscuentas_rank_lag1	0.00026030575317937	0.00161893406630359	0.00062215335493262
rf_001_022	0.000255163372890995	0.000394734828886186	0.000481288444381838
vm_mpagado_rank_tend6	0.000254051983710413	0.00167891468304685	0.00053998215711133
vm_mpagospesos_rank_lag2	0.000252652830866632	0.00061436912399227	0.000645630840024417
Master_cconsumos_delta1	0.000252632646355754	0.000318248378992343	0.000422594731652345
ccajeros_propios_descuentos_delta2	0.000250768430073499	0.000372833414036928	0.000140864910550782
ctrx_quarter_lag1	0.000250366028661795	0.00107271688932736	0.000575198384749026
vm_msaldototal_rank_lag1	0.000248369548262666	0.000473794393966258	0.00053998215711133
vm_fultimo_cierre_delta2	0.000245493916702437	0.00022673179315546	0.000457810959290041
vmr_msaldototal_delta1	0.000244809642757809	0.000783528542089873	0.000657369582570315
vmr_mconsumosdolares_tend6	0.000243234269908813	0.00178529789204259	0.000528243414565432
vm_Fvencimiento_delta2	0.000241100009617012	0.000755210327695686	0.000316946048739259
Master_mconsumospesos_rank_delta1	0.00024061618637122	0.000485336446168615	0.000586937127294924
Master_Fvencimiento_delta1	0.000240133799383918	0.000260950415125684	0.000586937127294924
mcuenta_debitos_automaticos_rank_delta1	0.000234868256003066	0.00114905830950486	0.000446072216744142
matm_rank_tend6	0.000234668917700363	0.000729204197676927	0.000481288444381838
mv_status07_rank_tend6	0.000233269809179546	0.00173123299093769	0.000352162276376955
rf_017_016	0.000231652600910305	0.000748859863087473	0.000434333474198244
mforex_sell_rank_tend6	0.000230424612111885	0.00160154943698284	0.000316946048739259
rf_008_023	0.0002289582766878	0.000521047093946189	0.000340423533831056
vm_mconsumosdolares_rank_lag1	0.00022305730219538	0.00149261726552142	0.000457810959290041
mpayroll_rank_lag1	0.000222443509261058	0.000489843479894467	0.00038737850401465
ccuenta_debitos_automaticos_tend6	0.000222387246744747	0.0012214130566823	0.000305207306193361
cproductos_lag1	0.000219336871111465	0.000767386700643317	0.000199558623280274
ctarjeta_visa_transacciones_delta1	0.000217851134834866	0.00221893062067421	0.000293468563647462
ctarjeta_debito_lag2	0.000213566073338243	0.00130098958069654	0.000316946048739259
Visa_msaldodolares_rank_tend6	0.000213388645210699	0.00226162616719832	0.000493027186927736
vm_mconsumospesos_rank_lag1	0.000213184496002226	0.000275246217649633	0.000504765929473635
Master_mpagominimo_rank_delta1	0.000211434320022814	0.000509155110778527	0.000528243414565432
vmr_mconsumosdolares_lag1	0.000211114392488229	0.000828343744976415	0.000422594731652345
mtarjeta_master_consumo_rank_lag2	0.000210897226404464	0.000503938463319402	0.000563459642203127
vm_mconsumototal_rank_lag1	0.000205222552419868	0.000230664264275609	0.000446072216744142
mtarjeta_master_consumo_rank_delta1	0.000204843856458909	0.00159672444913297	0.000293468563647462
Visa_fechaalta_delta1	0.000204215685757372	0.000146256629186578	0.000340423533831056
rf_012_018	0.000203451072633863	0.000483514333180447	0.000399117246560548
vm_mpagospesos_rank_lag1	0.00020234195832941	0.000497767726702119	0.000422594731652345
Visa_mpagado_rank_lag2	0.000198337997889759	0.00124290081366979	0.000457810959290041
Visa_status_tend6	0.00019771720958635	0.000562397798847324	0.00023477485091797
ctarjeta_debito_transacciones_delta2	0.000194294803275095	0.000770164830471565	0.000434333474198244
rf_001_019	0.000193943578118001	0.000683775991939303	0.000375639761468752
ccomisiones_mantenimiento_delta2	0.000188502453647461	0.00145242419031075	0.000246513593463868
cextraccion_autoservicio_lag2	0.000187811316039818	0.00152752611101264	0.000410855989106447
mextraccion_autoservicio_rank_delta1	0.00018778869290371	0.000610363854531316	0.000363901018922853
internet_delta2	0.000183035130307415	0.00102802052236163	0.000258252336009767
Master_mpagado_rank	0.000180718763607907	0.000493196625900636	0.000305207306193361
Visa_msaldodolares_rank_lag2	0.00017930813603542	0.000481079784306467	0.00038737850401465
mpayroll_sobre_edad_rank_lag2	0.00017657713448544	0.000653010982221282	0.00038737850401465
mpayroll_sobre_edad_rank_lag1	0.000175552414664535	0.000616233079017444	0.000281729821101564
ctarjeta_master_transacciones_tend6	0.000174515515747727	0.00118978421867728	0.000328684791285158
Visa_mpagado_rank	0.000171924675947346	0.000841066899231467	0.000340423533831056
vm_mconsumosdolares_rank_tend6	0.000166944727016033	0.000446500005458572	0.000316946048739259
Visa_mpagosdolares_rank_lag1	0.000165890696044162	0.000585071533788836	0.000528243414565432
Visa_mpagado_rank_delta1	0.000165870245202594	0.000724564834256807	0.000363901018922853
rf_017_026	0.000162642480654555	0.000347930371649564	0.000316946048739259
vm_cconsumos_lag1	0.000162052851603445	0.000891471018974119	0.000305207306193361
vm_mpagospesos_rank	0.000161712988121081	0.000367007052125293	0.000352162276376955
rf_003_028	0.000160249879743135	0.000191360870968312	0.000316946048739259
cpayroll_trx_tend6	0.000160123646168633	0.000825490208767114	0.000281729821101564
ctransferencias_recibidas_delta2	0.00015814377996832	0.00164673226015115	0.000258252336009767
rf_007_025	0.000157521642334833	0.000471323559314931	0.000328684791285158
mcheques_emitidos_rank_delta2	0.000156416481869078	0.00165441203153391	0.000176081138188477
cmobile_app_trx_lag1	0.000155890986652119	0.00153584269778787	0.00038737850401465
vmr_mpagado_delta2	0.000155285064688006	0.000596150942329998	0.000211297365826173
rf_003_021	0.000154731547276471	0.000754700172344777	0.000328684791285158
mtarjeta_master_consumo_rank_delta2	0.000153599309338394	0.000410962735660891	0.000375639761468752
vm_mpagado_rank_delta2	0.000151239965911008	0.000852981674403025	0.000223036108372071
rf_009_019	0.000150255810196234	0.000555291115960556	0.000269991078555665
matm_rank_delta1	0.000149157674755154	0.000849657557018736	0.000352162276376955
matm_rank_lag1	0.00014807200211463	0.000536260473064839	0.000340423533831056
mpayroll_sobre_edad_rank_delta1	0.000144653023467655	0.000829626447205686	0.000269991078555665
ccajas_depositos_tend6	0.00014353360028923	0.00232481920916747	0.000293468563647462
rf_013_018	0.000143427263484482	0.000663117138178124	0.000316946048739259
mtarjeta_master_consumo_rank_tend6	0.000143369265964815	0.000744454316145143	0.000211297365826173
vm_Finiciomora_lag2	0.000142973202145995	0.00208505764693836	0.000281729821101564
rf_010_021	0.000140016782922856	0.000848765834040395	0.000269991078555665
mtarjeta_visa_descuentos_rank_delta1	0.000139259695664825	0.000412023414290011	0.000281729821101564
ctarjeta_debito_transacciones_delta1	0.000138726017976783	0.00185503087841354	0.000293468563647462
ctransferencias_recibidas_lag2	0.000138105574627705	0.00126128897152033	0.000258252336009767
vm_cconsumos_delta2	0.000137433585757237	0.000555069886111784	0.000187819880734376
rf_010_016	0.000136328940863152	0.000204043997475226	0.000352162276376955
Master_mpagado_rank_lag2	0.000135916859594207	0.000704935589427893	0.000328684791285158
rf_015_020	0.000135507069075095	0.000424083672750126	0.000246513593463868
mpagomiscuentas_rank_delta1	0.000135318963806238	0.000661038189922161	0.000305207306193361
mforex_buy_rank_tend6	0.000134281207896512	0.00275392483350263	0.000305207306193361
vmr_msaldodolares_tend6	0.000133320732324939	0.000646014970955428	0.000258252336009767
vmr_msaldodolares2_tend6	0.00012965110001607	0.000998694810680755	0.000269991078555665
rf_015_023	0.000129556734166029	0.000365877203733102	0.00023477485091797
vm_mconsumosdolares_rank_delta2	0.000129379340245384	0.000820744369269087	0.000258252336009767
rf_011_017	0.000128254955015536	0.000453798436000015	0.000269991078555665
Visa_mpagado_rank_lag1	0.000127817506567089	0.000241711922761592	0.000305207306193361
mtarjeta_visa_descuentos_rank_delta2	0.000127728220528502	0.000201409650039721	0.000316946048739259
mv_status07_rank_delta2	0.000125830613821214	0.00145361549773833	0.000363901018922853
cmobile_app_trx	0.000122547405521025	0.00141912337172134	0.000258252336009767
cextraccion_autoservicio_delta2	0.000120194299985927	0.000631130318300945	0.000246513593463868
vmr_Visa_mlimitecompra_delta1	0.000115365211476066	0.000628836036635028	0.000199558623280274
catm_trx_delta2	0.000115032628779262	0.00106410457346674	0.000281729821101564
matm_rank	0.000114875096760973	0.000631522204696309	0.000340423533831056
ctarjeta_debito_transacciones_lag1	0.000113562830607655	0.000427657028067579	0.000269991078555665
vmr_msaldodolares2_lag2	0.000112256662352259	0.000980600114054521	0.000269991078555665
rf_016_027	0.000111345660942224	0.00109706952182957	0.000223036108372071
mv_status07_rank_lag1	0.000110910334277519	0.00114863319894461	0.000328684791285158
cforex_sell_tend6	0.000107547169714095	0.00219121747161731	0.00023477485091797
internet_delta1	0.000103603522204025	0.000712386873806417	0.000164342395642579
catm_trx_lag2	0.000103181133186563	0.00103971327393304	0.000269991078555665
cseguro_vida_lag1	0.000101891825301442	0.000811151883847835	0.000129126168004883
Master_mpagado_rank_delta2	0.000101133955073906	0.000150067089380393	0.000176081138188477
vmr_msaldodolares2_delta2	9.91575266322092e-05	0.00131871450257298	0.00023477485091797
ccallcenter_transacciones_delta1	9.89735210463283e-05	0.000826956380958104	0.000117387425458985
cmobile_app_trx_delta1	9.84734314047245e-05	0.00192997348187426	0.000281729821101564
cpayroll_trx_delta2	9.83306763497785e-05	0.000782521271589288	0.000105648682913086
vmr_Visa_mlimitecompra_delta2	9.75410039610052e-05	0.0005234488722275	0.000199558623280274
rf_009_018	9.6125978976894e-05	0.000363776143831567	0.00023477485091797
rf_005_025	9.59407767057472e-05	0.000518092524525583	0.000269991078555665
Master_mconsumosdolares_rank_delta1	9.57829485568148e-05	0.000158752770547093	0.000340423533831056
vmr_Master_mlimitecompra_delta1	9.49038686682512e-05	0.000389697229059666	0.000129126168004883
rf_018_026	9.41984296689552e-05	0.000248678225047242	0.000223036108372071
cforex_tend6	9.37620290204016e-05	0.00105532205463174	0.000223036108372071
vmr_msaldodolares2_lag1	9.07617481396809e-05	0.000947782576662169	0.00023477485091797
rf_006_018	9.0629154550089e-05	0.000383114422083368	0.000187819880734376
vmr_mpagado_lag2	8.98575379984855e-05	0.000350441120655976	0.000223036108372071
vmr_mconsumosdolares_delta2	8.89935176614786e-05	0.000417709962565799	0.000211297365826173
vm_msaldodolares_rank_tend6	8.78138534566172e-05	0.000610390728685165	0.000199558623280274
rf_009_022	8.75319937512805e-05	0.000276319029335553	0.000187819880734376
mv_status07_rank_lag2	8.66096103431329e-05	0.00120362542844688	0.000269991078555665
mtarjeta_master_consumo_rank_lag1	8.62598900784406e-05	0.000692260173648665	0.000269991078555665
vmr_Master_mlimitecompra_delta2	8.60206826029842e-05	0.000301234658351934	0.000176081138188477
minversion2_rank_tend6	8.52855198816211e-05	0.000991917761402588	0.000105648682913086
mttarjeta_master_debitos_automaticos_rank	8.34890881093067e-05	0.00162188534732562	0.000223036108372071
mv_status07_rank	8.28188614851251e-05	0.00019907647455621	0.000176081138188477
mv_status07_rank_delta1	8.22101672325918e-05	0.00102045833957609	0.000211297365826173
vm_mpagado_rank_lag2	8.10139437597867e-05	0.000353305089026264	0.000199558623280274
ccajas_otras_tend6	8.08090901811986e-05	0.00111092728698509	0.00015260365309668
Master_delinquency_lag2	8.08082669907763e-05	0.00089393198842973	0.000199558623280274
vmr_mpagado_lag1	8.0509129185927e-05	0.000812903806535445	0.000199558623280274
ctarjeta_visa_debitos_automaticos_lag2	7.9905628959043e-05	0.000815879920636351	0.000140864910550782
rf_007_023	7.96294719331674e-05	0.000769440815820408	0.00015260365309668
rf_004_026	7.87868222348307e-05	0.000160508208419383	4.69549701835939e-05
cinversion2_lag1	7.85065346563377e-05	0.00145214807822374	0.000140864910550782
ctransferencias_emitidas_delta2	7.83948513549444e-05	0.000861043240199331	0.000176081138188477
cprestamos_personales	7.59520534526597e-05	0.00284990967264083	0.000269991078555665
rf_014_019	7.41546453236645e-05	0.000639537846305658	0.000187819880734376
rf_020_018	7.24432147760229e-05	0.000266889943305424	0.000117387425458985
ctarjeta_debito_transacciones	7.23640116207823e-05	0.000365181197166336	0.000199558623280274
vmr_mpagado	6.83005433217004e-05	0.000428110260105273	0.000129126168004883
ctarjeta_visa_descuentos_delta2	6.7998439528387e-05	0.000254134925602139	0.000140864910550782
vm_cconsumos_delta1	6.40186675859166e-05	0.000629926651030461	0.000105648682913086
mttarjeta_master_debitos_automaticos_rank_delta1	6.36698440512475e-05	0.00108424329328823	0.000164342395642579
rf_013_017	6.1234559569248e-05	0.000390232897847774	0.000187819880734376
vmr_msaldodolares_delta2	5.93279185904165e-05	0.000415986388141743	0.000117387425458985
vmr_mpagosdolares_lag2	5.86695511923088e-05	0.000261743939719075	0.000105648682913086
Visa_msaldodolares_rank_delta1	5.85857024342271e-05	0.000459200027530564	0.000176081138188477
ccomisiones_mantenimiento_lag2	5.85354579917187e-05	0.000307962268258463	7.04324552753909e-05
ctarjeta_master_transacciones_delta2	5.81467390616316e-05	0.000367142897004242	0.000117387425458985
vm_status05_tend6	5.81392964190364e-05	0.000245636002795729	9.39099403671879e-05
vmr_mpagado_delta1	5.71003984021259e-05	0.000724160134446316	0.000164342395642579
ctransferencias_emitidas_delta1	5.67838252989849e-05	0.00141672329433584	0.000164342395642579
cplazo_fijo	5.51043462896598e-05	0.00175006598973991	0.00015260365309668
ccallcenter_transacciones_lag1	5.42031359788153e-05	0.00113989252214662	0.000140864910550782
mforex_sell_rank_delta2	5.41884659467961e-05	0.000866166338388729	0.000140864910550782
ctransferencias_recibidas_lag1	5.41296781226074e-05	0.000515839177752238	0.000129126168004883
vmr_msaldodolares_lag1	5.40485921973806e-05	0.000414589499106878	0.000117387425458985
ccajeros_propios_descuentos_tend6	5.35840465137826e-05	0.00104261738344452	0.000105648682913086
Master_msaldodolares_rank	5.33953832970249e-05	5.05273779925829e-05	0.000105648682913086
cliente_edad_tend6	5.21716162481309e-05	0.000923678388341744	0.00015260365309668
rf_010_022	5.21147609051744e-05	0.000620455722963327	0.000117387425458985
ctarjeta_master_debitos_automaticos_tend6	5.01347152576918e-05	0.000941254084958839	0.000129126168004883
cpagomiscuentas_lag2	4.89860438245993e-05	0.000345343422510721	8.21711978212894e-05
vmr_mpagosdolares_delta2	4.83082146475209e-05	0.00107790915727983	0.000117387425458985
cliente_edad_delta2	4.73279640813647e-05	0.000363026275564049	0.000105648682913086
rf_015_025	4.73232614670248e-05	0.000217312458927994	8.21711978212894e-05
rf_005_017	4.71292609310822e-05	0.000839522372440015	9.39099403671879e-05
ctransferencias_recibidas_delta1	4.65389321681125e-05	0.000814440169026993	0.000105648682913086
rf_014_009	4.63506035810426e-05	0.000291126914892333	0.000105648682913086
vm_cconsumos	4.56300686110673e-05	0.0002899649762658	0.00015260365309668
mttarjeta_master_debitos_automaticos_rank_tend6	4.49654880111698e-05	0.000585158166082255	0.000140864910550782
ccheques_depositados_delta1	4.32440643906745e-05	0.000741039257531373	7.04324552753909e-05
ccomisiones_mantenimiento	4.30902551537341e-05	0.00197066877492204	0.000176081138188477
vm_status03_delta1	4.29375996348569e-05	0.00021105236858399	4.69549701835939e-05
mtarjeta_visa_descuentos_rank_tend6	4.26199393502434e-05	0.000613373759762378	9.39099403671879e-05
ccomisiones_mantenimiento_lag1	4.25921974158543e-05	0.000915621811839825	0.000105648682913086
vm_mpagado_rank_lag1	4.09306451161305e-05	0.000228648475950843	9.39099403671879e-05
mcaja_ahorro_adicional_rank_lag2	3.91113634131849e-05	0.000879830314814596	0.000129126168004883
ctransferencias_emitidas_lag2	3.90978803327611e-05	0.000596564373405663	0.000105648682913086
vmr_msaldodolares2	3.88296953221053e-05	0.000453498397978564	8.21711978212894e-05
mtarjeta_visa_descuentos_rank_lag2	3.86901039186616e-05	0.000155521635467259	8.21711978212894e-05
vm_status04_delta1	3.82968740580179e-05	0.000527620262512878	9.39099403671879e-05
cpayroll_trx_lag2	3.82480097109387e-05	0.000728258612997835	9.39099403671879e-05
cseguro_vida_tend6	3.79333416261737e-05	0.000579549292048603	0.000105648682913086
cextraccion_autoservicio_lag1	3.67902001694164e-05	0.000559593021651335	8.21711978212894e-05
catm_trx_other_lag2	3.65348757014275e-05	0.000265308790557461	9.39099403671879e-05
mcaja_ahorro_adicional_rank_lag1	3.6098953822769e-05	0.000879529256255657	9.39099403671879e-05
vm_mpagosdolares_rank_tend6	3.59561916761488e-05	0.000677010622145721	0.000105648682913086
rf_017_009	3.54113039283314e-05	0.000251999961177393	7.04324552753909e-05
mcaja_ahorro_adicional_rank_tend6	3.51682303971291e-05	0.000929155386253345	0.000117387425458985
rf_017_018	3.48638261203112e-05	0.000312090455790186	5.86937127294924e-05
rf_008_027	3.37653555367883e-05	0.000225486850813242	9.39099403671879e-05
ctarjeta_master_transacciones_lag1	3.10215129340705e-05	0.000786024663392291	0.000105648682913086
rf_001_018	3.09358843048055e-05	0.000385062854933931	0.000105648682913086
cpagomiscuentas	3.08554980219115e-05	0.00149304509751497	0.000140864910550782
ccajeros_propios_descuentos_lag2	3.01336446349532e-05	8.02557484089777e-05	5.86937127294924e-05
ctarjeta_visa_delta1	2.88738045335337e-05	8.3006890690323e-05	1.17387425458985e-05
catm_trx_lag1	2.82439270328695e-05	0.000407485424260358	5.86937127294924e-05
vm_status04_tend6	2.80846278666955e-05	0.000214915102975797	5.86937127294924e-05
ccallcenter_transacciones_lag2	2.64989023900088e-05	9.80075444392672e-05	7.04324552753909e-05
mcheques_emitidos_rank	2.64027741893912e-05	0.000889515328968086	9.39099403671879e-05
ctarjeta_master_debitos_automaticos_delta2	2.56964478841426e-05	0.000757876538579425	7.04324552753909e-05
ctransferencias_recibidas	2.50418828749028e-05	0.000123591965689404	3.52162276376955e-05
Master_msaldodolares_rank_delta2	2.26573018475037e-05	4.20826570660877e-05	4.69549701835939e-05
ccuenta_debitos_automaticos_lag1	2.26309066359592e-05	0.000195026074659678	4.69549701835939e-05
vmr_msaldodolares_delta1	2.16946250063395e-05	0.000445745714861939	7.04324552753909e-05
ccuenta_debitos_automaticos_lag2	1.92879648159631e-05	0.0001633002855933	4.69549701835939e-05
ctarjeta_visa_debitos_automaticos_lag1	1.90672154581307e-05	0.000297366027521308	4.69549701835939e-05
cpagomiscuentas_lag1	1.89699794267538e-05	0.000185515459023569	4.69549701835939e-05
cplazo_fijo_lag2	1.83837271250038e-05	0.000527566174026018	7.04324552753909e-05
vm_status05_lag1	1.83379462656974e-05	2.01341840993301e-05	8.21711978212894e-05
cseguro_vida	1.78487851722119e-05	9.08561846891393e-06	1.17387425458985e-05
cpayroll_trx_lag1	1.63483607172506e-05	7.22240049859307e-05	2.3477485091797e-05
ctransferencias_emitidas_lag1	1.42426556080122e-05	0.000781427595581392	7.04324552753909e-05
ctarjeta_master_transacciones_delta1	1.32944004512161e-05	0.000393714971756584	4.69549701835939e-05
ctarjeta_visa_debitos_automaticos_delta2	1.2704007167916e-05	0.000135487237255637	3.52162276376955e-05
cforex_lag1	1.10545085590981e-05	0.000527463553311954	5.86937127294924e-05
ctransferencias_emitidas	1.02569572507109e-05	0.000673102303746119	5.86937127294924e-05
mcaja_ahorro_adicional_rank_delta2	8.49177348091206e-06	0.000387529380649198	3.52162276376955e-05
ctarjeta_visa_debitos_automaticos	7.89111312193262e-06	0.000385240315063776	3.52162276376955e-05
cextraccion_autoservicio	7.79024504092217e-06	0.000400385204777681	3.52162276376955e-05
mcajeros_propios_descuentos_rank_lag1	7.5819937160555e-06	6.37389161321352e-05	1.17387425458985e-05
catm_trx_delta1	7.57351436802219e-06	0.000487338173754658	4.69549701835939e-05
mtarjeta_master_descuentos_rank_tend6	6.53779502027706e-06	0.000269240921498448	2.3477485091797e-05
ctarjeta_visa_debitos_automaticos_delta1	5.90301786797083e-06	0.000150720006586558	2.3477485091797e-05
Master_msaldodolares_rank_delta1	4.17409494101251e-06	1.0268194631314e-05	1.17387425458985e-05
cseguro_accidentes_personales_tend6	4.07912184898237e-06	4.74563539052993e-05	1.17387425458985e-05
rf_002_012	3.8297554997798e-06	0.000121822807257553	1.17387425458985e-05
rf_018_018	2.45387697466525e-06	9.3777983517077e-05	1.17387425458985e-05
ctarjeta_visa_tend6	1.83421176302047e-06	7.5352065779484e-05	1.17387425458985e-05
ccheques_emitidos	8.57818511444531e-07	0.000134620460749224	1.17387425458985e-05
