Feature	Gain	Cover	Frequency
rf_005_016	0.0827921907063525	0.00194306585727833	0.00159777292019957
vm_status_SP_tend12	0.0369483708528727	0.00201954294054219	0.000362684650597449
c_e_sp	0.0338109206631598	0.00100805859365419	0.000225452620641658
rf_019_016	0.0256107346484669	0.00129100364209061	0.00287207034121764
m_y_sp_rank	0.0200258349071863	0.00108687635262895	0.000392091514159405
rf_033_015	0.0189522654421317	0.00135396644306829	0.00135271572384995
ctrx_quarter_normalizado	0.0166648141318023	0.000402351773033477	0.000323475499181509
rf_033_024	0.0165028300214019	0.00110698591503226	0.00143113402668183
rf_043_019	0.0155579157326608	0.00163556553616802	0.000411696089867375
ctrx_quarter	0.012754031922031	0.00150208744232962	0.000450905241283316
vm_status06_delta2	0.0123784641819626	0.00103100465796228	0.000205848044933688
rf_049_025	0.0116662697281465	0.00133251963445106	0.000872403619004676
cdescubierto_preacordado	0.0109204804735974	0.00333288884741816	0.00129390199672604
rf_044_015	0.0097481250779891	0.00106162088627808	0.000921415058274601
mcuentas_saldo_rank	0.00816427610395139	0.00365156445754792	0.00140172716311987
m_y_sp_rank_lag1	0.00639845720552234	0.00104034459832592	0.000392091514159405
mcaja_ahorro_rank	0.00634939702328398	0.00103008812175837	0.000627346422655048
rf_024_023	0.00624998987467971	0.000464630512004739	0.000264661772057598
rf_027_027	0.00610970311786612	0.000628739877189168	0.000892008194712646
rf_034_021	0.00562652619561183	0.000983875635978593	0.00228393306997853
foto_mes	0.00559932194659681	0.00359208105008291	0.00183302782869522
mprestamos_personales_rank	0.00517027503163279	0.00135435993706967	0.000539125831969182
cdescubierto_preacordado_tend12	0.00392653152871178	0.00266456402790749	0.000480312104845271
mcuentas_saldo_rank_delta3	0.00367004720384572	0.00222168860767248	0.00359743964241254
cproductos_tend12	0.00356351912211542	0.00189389177492129	0.00078418302831881
m_anclaje_pesado_rank	0.00345457505114016	0.00288341003174708	0.000686160149778958
mactivos_margen_rank	0.00335646611070174	0.00183485916352677	0.00177421410157131
rf_005_021	0.00327722519891613	0.000776245893622389	0.00201927129792093
thomebanking	0.00321532922851106	0.00152631206524027	0.00400913573227991
ccomisiones_mantenimiento_tend6	0.00307924220876815	0.00198683434548165	0.000333277787035494
ctrx_quarter_delta3	0.00291488733146984	0.000986063011335335	0.00181342325298725
internet_tend12	0.00268247236442628	0.00161005235895709	0.00199966672221296
rf_006_016	0.00264801630729829	0.000601317917582731	0.000911612770420616
Visa_delinquency_tend12	0.00263820910130523	0.00280876809920442	0.000882205906858661
vmr_Master_mlimitecompra_delta1	0.00263321531825227	0.00129672751509453	0.000225452620641658
mcuentas_saldo_rank_delta2	0.00259718675327967	0.00160153166993736	0.00300930237117343
mcuentas_saldo_rank_tend12	0.00257893262469924	0.002772726780176	0.00220551476714665
vm_Finiciomora_tend12	0.00253554082067222	0.00433147844734407	0.00119587911818618
mcomisiones_otras_rank_lag3	0.00231583436857564	0.00150855634119932	0.00306811609829734
mcuenta_corriente_rank_lag2	0.00230875115320992	0.00126551392013077	0.00119587911818618
mprestamos_personales_rank_delta3	0.00224522260496373	0.000959725436480678	0.000362684650597449
mrentabilidad_annual_rank_delta2	0.0022077054258745	0.00191975193150064	0.00476391189703677
m_anclaje_pesado_rank_delta2	0.00220601664486363	0.00350898592422196	0.000813589891880765
m_anclaje_pesado_rank_lag1	0.00219703105563114	0.00104356677581505	0.000411696089867375
mcomisiones_rank_lag3	0.00218566726802768	0.00135770364640832	0.00311712753756727
mrentabilidad_annual_rank_lag3	0.00217289904002963	0.00175990300979338	0.00354842820314261
vm_status01	0.00216531517361376	0.000677173585143715	0.000392091514159405
mrentabilidad_annual_rank_delta1	0.00212331257454602	0.00171780469381521	0.00427379750433751
mcuenta_corriente_rank	0.00208671517141572	0.00236745626340797	0.00163698207161552
vm_fechaalta_tend6	0.00202638680982734	0.00087890962660205	0.000568532695531137
c_deb_aut_tend12	0.00196362788787873	0.00183091472265181	0.00124489055745611
mactivos_margen_rank_delta2	0.0019453661195515	0.00309449551443025	0.00439142495858533
rf_030_021	0.00192266014516116	0.000984616307282994	0.0013821225874119
mcomisiones_rank_delta3	0.00190324779432043	0.00116389983437913	0.00365625336953645
Master_fultimo_cierre_avg12	0.0018471327585771	0.0019997993592297	0.0034896144760187
mrentabilidad_annual_rank_lag2	0.00183903762068391	0.00151748279616614	0.00331317329464697
mcuentas_saldo_rank_tend6	0.00183206783631762	0.00169044181768936	0.00192124841938108
mrentabilidad_annual_rank_delta3	0.001790857623637	0.00153076173420301	0.00448944783712518
mpasivos_margen_rank	0.00176265860960646	0.0020392490132464	0.00112726310320829
Visa_mpagospesos_rank	0.00172672532380938	0.000719284173067604	0.00186243469225717
vm_fultimo_cierre_tend12	0.00172461660689102	0.00112501409606158	0.00222511934285462
internet_avg12	0.00170446512165166	0.00219114818831168	0.00188203926796514
Master_mfinanciacion_limite_rank_tend6	0.00169908431476431	0.00195337587515743	0.00363664879382848
Visa_cconsumos_tend12	0.00169588063240704	0.00180644327528456	0.00346020761245675
mrentabilidad_rank_delta2	0.00168219333364822	0.00167395782350698	0.00398953115657194
thomebanking_avg6	0.00167502831632075	0.00157028224880949	0.00339159159747885
ccaja_ahorro_tend6	0.00167288517744704	0.00236099102632852	0.000313673211327524
ctrx_quarter_normalizado_delta3	0.00166498185869884	0.000814306046688555	0.00158797063234559
Visa_mfinanciacion_limite_rank_delta3	0.00163930573354394	0.00195267201969018	0.00399933344442593
Visa_msaldototal_rank	0.00163790137155799	0.000725750696722003	0.00130370428458002
mcuenta_corriente_rank_delta2	0.00162566370465516	0.00140540509527932	0.000950821921836557
mrentabilidad_rank_delta3	0.00160999280449166	0.00175493930465278	0.0040189380201339
Master_mlimitecompra_rank_tend6	0.00160818210342492	0.00161128519466512	0.00344060303674878
thomebanking_avg12	0.0016059179767416	0.00160465775017414	0.00335238244606291
Master_mfinanciacion_limite_rank_delta3	0.00159138602910497	0.00193507424746668	0.00364645108168246
mcomisiones_rank_delta2	0.00157944128290022	0.00162163093974103	0.00367585794524442
ctrx_quarter_delta1	0.00157818904251803	0.00144557384572811	0.000646950998363018
mcuenta_corriente_rank_tend12	0.00157144074976831	0.00275111994142792	0.00213689875216876
mcomisiones_mantenimiento_rank_tend6	0.00156302090712984	0.00331060992170747	0.00139192487526589
Visa_mpagospesos_rank_tend6	0.00155585854642195	0.00154095793968232	0.00319554584039915
mactivos_margen_rank_delta3	0.0015548971236464	0.00150326703362801	0.00340139388533284
mtarjeta_visa_consumo_rank_delta2	0.00154747661178334	0.000806324036705417	0.00103904251252242
rf_042_019	0.00154577926324514	0.000730280628168424	0.00152915690522168
mcuenta_corriente_rank_avg12	0.00153848606935422	0.00212337785259938	0.00174480723800935
mcomisiones_rank_tend12	0.00153593720870864	0.00192545878212824	0.00258780399345207
ctrx_quarter_delta2	0.00153054740552084	0.0010125478495386	0.00143113402668183
mactivos_margen_rank_delta1	0.00150696461837123	0.00208022137820504	0.0033621847339169
vm_fechaalta_avg12	0.00150679644843167	0.00113165529700784	0.00166638893517747
mcomisiones_otras_rank_delta2	0.00149975564061088	0.0014351353682882	0.00363664879382848
Master_mlimitecompra_rank_delta3	0.00149911985870538	0.00160749939837875	0.00350921905172667
Visa_mpagominimo_rank	0.00149571541679522	0.00119059111837888	0.00167619122303146
Master_fultimo_cierre_tend12	0.00147560073270752	0.00133277615770346	0.00267602458413794
mcomisiones_rank_lag2	0.00147067052319988	0.00181547156760738	0.00331317329464697
Master_fechaalta_avg12	0.00146378858696295	0.00131277496449822	0.00287207034121764
rf_032_025	0.00146200966693341	0.000462000752798362	0.000186243469225717
Master_fechaalta	0.00145887585668954	0.00138427132024517	0.00313673211327524
rf_018_024	0.00145705362191468	0.00075583665822206	0.000774380740464825
Visa_mfinanciacion_limite_rank_tend6	0.00145443168440379	0.0020319517580408	0.00310732524971328
Visa_fultimo_cierre_tend12	0.00145096005425038	0.00152354147556006	0.00213689875216876
m_e_sp_rank	0.00144345462661236	0.000873706915421888	0.000539125831969182
e_y_ratio_avg12	0.00144319454949207	0.00204796803274368	0.00235254908495643
mpasivos_margen_rank_delta2	0.00143777235184697	0.00141666608998419	0.00338178930962487
Master_Fvencimiento_avg12	0.00143711374429227	0.001538849441267	0.0030289069468814
Visa_mfinanciacion_limite_rank_delta2	0.00143228231696414	0.00149996103083225	0.00305831381044336
m_anclaje_pesado_rank_delta3	0.00143098958082702	0.00137938718481713	0.000686160149778958
Master_mlimitecompra_rank_delta2	0.00141350612333636	0.00138625007252473	0.00343080074889479
rf_032_017	0.0014095621050506	0.000912280708796691	0.00266622229628395
m_anclaje_pesado_rank_delta1	0.00140440247216344	0.00258788465547391	0.000597939559093092
Master_fechaalta_lag1	0.00140080711388899	0.00150926583780291	0.00272503602340786
Visa_cconsumos_avg12	0.00139957765821595	0.00141386244522438	0.00271523373555388
cmobile_app_trx_avg12	0.00139945952626469	0.00261212065962454	0.00279365203838576
mcomisiones_otras_rank_lag2	0.00138721533085465	0.00115673618503416	0.00285246576550967
Visa_mfinanciacion_limite_rank	0.00138719211309541	0.000992202645984065	0.00188203926796514
Master_Fvencimiento	0.00138617755276479	0.00135890778159814	0.0029014772047796
Master_Fvencimiento_lag3	0.00135096633639133	0.00116849815223273	0.00282305890194772
Master_Fvencimiento_tend6	0.00134834626153895	0.000743228619540152	0.00114686767891626
rf_028_027	0.00134203697739498	0.00089400392189929	0.00134291343599596
Master_mfinanciacion_limite_rank_delta2	0.00133778612530949	0.00140221082656996	0.00333277787035494
tcallcenter_delta3	0.00133746691010415	0.000864648438071304	0.000676357861924973
Visa_fultimo_cierre_avg12	0.00132630514214178	0.00170210719279906	0.00214670104002274
mprestamos_personales_rank_lag2	0.0013143961945761	0.00172603946629319	0.000509718968407226
ctarjeta_visa_transacciones	0.00131383474998928	0.00204083446945918	0.00040189380201339
cliente_edad_avg6	0.00131339487858015	0.00153208878678461	0.00205848044933688
chomebanking_transacciones_delta3	0.00131150105986172	0.00116718327262954	0.00236235137281041
cliente_edad_avg12	0.00130765852812081	0.0018730609388052	0.0021074918886068
mcomisiones_otras_rank_delta3	0.00130356207951296	0.00100797872703972	0.00328376643108502
mrentabilidad_rank_lag2	0.00130056804822771	0.00138511848036886	0.00279365203838576
Master_fechaalta_lag3	0.00129234071657192	0.00135248806947862	0.00271523373555388
m_ganchos_liviano_rank	0.00129111077845475	0.00200668223833273	0.000264661772057598
mcuenta_corriente_rank_delta3	0.00128621948614772	0.00138780870859808	0.00119587911818618
mrentabilidad_annual_rank_tend12	0.00128399564951256	0.00208346839648752	0.00255839712989012
mcuenta_debitos_automaticos_rank	0.00128320084918376	0.00210221567394894	0.000480312104845271
mtarjeta_visa_consumo_rank	0.00127862538743953	0.000718213544771104	0.000372486938451435
Master_fechaalta_avg6	0.00127256850122934	0.00128322995828275	0.00236235137281041
Visa_mlimitecompra_rank_delta2	0.00126435986464994	0.00169811702902957	0.0027642451748238
mactivos_margen_rank_lag2	0.00126281298871345	0.00162776790227255	0.00242116509993432
mrentabilidad_annual_rank_lag1	0.00126261685201878	0.0012985309962784	0.00186243469225717
ccaja_seguridad_lag1	0.00125768772075217	0.000399579401941792	6.86160149778958e-05
Master_Fvencimiento_tend12	0.00125619956466852	0.00136474635770759	0.00253879255418215
m_deb_aut_rank_delta3	0.00124687537814586	0.000933865180934027	0.00116647225462423
mpasivos_margen_rank_delta3	0.00124627195058233	0.00120675633887454	0.00327396414323103
rf_030_027	0.00124161665614972	0.000439305075769817	0.00123508826960213
Visa_mlimitecompra_rank_tend6	0.00124101305697581	0.00162384157241425	0.00274464059911583
mrentabilidad_rank_delta1	0.00123873189592597	0.00109516377571275	0.002636815432722
Visa_msaldopesos_rank	0.00123779420285754	0.000866192921820165	0.00134291343599596
rf_004_025	0.00123541229368209	0.000513112713938329	0.00113706539106227
Master_mlimitecompra_rank_delta1	0.00123430237161764	0.00132026857083529	0.0033621847339169
mcomisiones_otras_rank_tend6	0.00120735426113876	0.000944621244453021	0.00200946901006695
rf_036_015	0.00120175754610766	0.00112388962955162	0.00208788731289883
Master_Fvencimiento_avg6	0.00120024395691264	0.00127238165723627	0.002636815432722
Visa_mconsumospesos_rank_tend6	0.00120023020846537	0.00120628614521243	0.00258780399345207
Visa_Fvencimiento	0.0011973740296833	0.00207478045272374	0.00239175823637237
mpasivos_margen_rank_lag3	0.00119665450346371	0.00195215669693737	0.00268582687199192
Master_Fvencimiento_lag1	0.00119615820264032	0.00135614985973287	0.00254859484203613
rf_011_021	0.00119476995455427	0.000846991582367218	0.00274464059911583
Visa_mpagominimo_rank_lag1	0.00119303404598209	0.00079409157894283	0.00152915690522168
Visa_fechaalta_lag1	0.00119218929834521	0.000953843314757396	0.00189184155581913
cliente_edad_lag3	0.00119006840301576	0.00199228111003389	0.00195065528294304
Master_mfinanciacion_limite_rank	0.00118656701769154	0.00133187209137988	0.00250938569062019
mrentabilidad_rank_lag3	0.00118140697959641	0.00262660106073402	0.00293088406834155
mcomisiones_otras_rank	0.00118013631189984	0.00114358738900227	0.00226432849427056
Master_Fvencimiento_lag2	0.00117574228637958	0.00122409798371485	0.00251918797847418
cliente_edad_lag2	0.00117466894905507	0.00151420123829451	0.00176441181371732
vmr_Master_mlimitecompra_avg12	0.0011720993358859	0.000991771742341713	0.00211729417646079
chomebanking_transacciones_delta2	0.00117127641376317	0.00120314096428594	0.00199966672221296
mcomisiones_otras_rank_delta1	0.00116091080578792	0.00179196485352117	0.00259760628130606
mrentabilidad_annual_rank_tend6	0.00115938611912901	0.00170808204688634	0.0021761079035847
mcuentas_saldo_rank_lag3	0.00115120998656877	0.00143520890099519	0.00196045757079702
m_inversiones_rank	0.00115106451961218	0.00152634304200647	0.000186243469225717
Visa_fechaalta_avg12	0.00114864096764094	0.00112243203909582	0.00213689875216876
vm_fechaalta_lag3	0.00114672977757118	0.0011563288356102	0.00181342325298725
ctrx_quarter_tend12	0.00114392475139819	0.000742907569605428	0.00105864708823039
Master_mfinanciacion_limite_rank_delta1	0.00114210123231099	0.00138546219381624	0.00288187262907163
tcallcenter_delta2	0.0011363229620791	0.00103212189985904	0.000646950998363018
Visa_mfinanciacion_limite_rank_delta1	0.00113356239891436	0.00112711626056944	0.00280345432623974
Visa_mlimitecompra_rank_delta3	0.00112664528478648	0.00136245912434094	0.00260740856916004
vm_Fvencimiento_avg12	0.00112451668313486	0.00199777904068239	0.00231333993354049
rf_005_019	0.00112159216223813	0.000747712333255527	0.00107825166393836
mcomisiones_mantenimiento_rank	0.00111936050740576	0.00224883791235593	0.000990031073252497
Visa_cconsumos_tend6	0.00111375698819106	0.00122811892631593	0.00226432849427056
chomebanking_transacciones_delta1	0.00111111211008425	0.00197643090246741	0.00163698207161552
rf_037_028	0.00110592331870026	0.000584572352815432	0.00140172716311987
Master_mlimitecompra_rank	0.00110568711765783	0.000957295690196026	0.00225452620641658
Visa_mlimitecompra_rank_delta1	0.00110458690045053	0.00176222141786084	0.0027642451748238
mcuenta_corriente_rank_lag3	0.00109437476361216	0.00182056709719712	0.0014507386023898
Visa_Fvencimiento_avg12	0.00109228638723055	0.00125737455213401	0.00211729417646079
Master_mfinanciacion_limite_rank_avg6	0.00109044570348042	0.000891623263397506	0.00208788731289883
Visa_Fvencimiento_lag1	0.0010886410978816	0.00129187643474608	0.00215650332787673
Visa_mfinanciacion_limite_rank_lag3	0.00108813800308178	0.00102406704994004	0.0023721536606644
rf_018_015	0.00108773164159173	0.000546827509580349	0.000941019633982572
cproductos_delta3	0.00107728864276748	0.000239004159189237	8.82205906858661e-05
Visa_mlimitecompra_rank	0.00107028544870106	0.00147999883074485	0.00229373535783252
Master_mlimitecompra_rank_lag3	0.0010668457380965	0.00139885712153359	0.0024407696756423
rf_021_024	0.00106470330147006	0.000441476418423284	0.00120568140604017
vmr_pagominimo_saldo_tend12	0.00106000780138248	0.0014853152553575	0.0018428301165492
mcuentas_saldo_rank_delta1	0.00104237629575765	0.00218323011120703	0.00163698207161552
Visa_mpagospesos_rank_delta3	0.00103931084634096	0.0016427863886148	0.00262701314486801
mactivos_margen_rank_tend12	0.00103919789769805	0.00184164030424112	0.00170559808659341
cmobile_app_trx_tend12	0.0010366319643045	0.0018378153169023	0.00153895919307566
Visa_mpagospesos_rank_lag1	0.00103403715808549	0.00100591862363614	0.0021074918886068
mrentabilidad_annual_rank	0.0010323011194702	0.00146087250850846	0.00190164384367311
Master_mfinanciacion_limite_rank_lag1	0.00103065988712279	0.00104588152209226	0.00208788731289883
mcuentas_saldo_rank_lag2	0.00102772915617108	0.00238046056717577	0.00187223698011116
Visa_fechaalta_lag2	0.00102744212807254	0.00121070988474148	0.00192124841938108
Master_mlimitecompra_rank_avg6	0.00102372971902636	0.00124443695232922	0.00228393306997853
chomebanking_transacciones_lag3	0.00102093736461626	0.00137626328186104	0.00228393306997853
mcomisiones_rank_lag1	0.00101961316190432	0.000914741134945635	0.00213689875216876
mpasivos_margen_rank_tend12	0.00101745113482699	0.00185899521070019	0.00181342325298725
Visa_mconsumototal_rank_tend6	0.00101705949828906	0.000790167426365227	0.0023035376456865
mrentabilidad_rank_lag1	0.00101485243504677	0.00145626835158391	0.00197025985865101
Visa_Fvencimiento_lag2	0.00101456739315454	0.00115431178298394	0.00194085299508905
vm_Fvencimiento	0.0010140437225296	0.00126391500436462	0.00209768960075282
mcomisiones_rank_tend6	0.0010060846413472	0.00110599604405596	0.00206828273719086
vmr_Visa_mlimitecompra_avg12	0.00100471866537694	0.00160096854597664	0.00197025985865101
vmr_mpagominimo_delta2	0.000998374822585636	0.000848960042047138	0.000686160149778958
mcuenta_corriente_rank_lag1	0.000996492644679521	0.00176944207237301	0.00115666996677024
seguros_ratio_01_avg12	0.000996215511093019	0.00174783741090562	0.00195065528294304
mcaja_ahorro_rank_tend12	0.000992348678376258	0.00162031368492254	0.00179381867727928
Visa_mpagospesos_rank_delta2	0.000989757092913788	0.00089943307027139	0.00246037425135027
Visa_mconsumosdolares_rank_avg6	0.000985719642695338	0.00189422390919408	0.00238195594851838
mcomisiones_rank	0.000981689882199233	0.000863531493076454	0.00213689875216876
Master_mfinanciacion_limite_rank_lag3	0.000980262548026718	0.000825941533672394	0.00200946901006695
mcomisiones_rank_avg12	0.000979963817689481	0.00139309663062713	0.00126449513316408
Visa_fechaalta_avg6	0.000976083429999217	0.000850715722023095	0.00172520266230138
rf_032_020	0.000969301110169184	0.000701895815659727	0.00213689875216876
numero_de_cliente	0.000968898365203182	0.00279479292618272	0.00179381867727928
Visa_msaldopesos_rank_delta3	0.000968446851673894	0.000701334374143177	0.0015781683444916
Visa_cconsumos_avg6	0.000968233018496988	0.000925777473870036	0.00202907358577492
mcomisiones_rank_delta1	0.000964879367231256	0.00134265438123448	0.00212709646431477
cliente_antiguedad_lag3	0.000963648860245859	0.00161670048761464	0.00178401638942529
mpasivos_margen_rank_delta1	0.000963287686686424	0.00154905168375187	0.00238195594851838
ctrx_quarter_normalizado_tend12	0.000961888595005718	0.000970485557659143	0.0011860768303322
ccomisiones_mantenimiento_avg12	0.000955391230334718	0.00293653221676932	0.000990031073252497
mcomisiones_otras_rank_lag1	0.000953570198477125	0.00113523395472659	0.00198986443435898
Visa_mpagospesos_rank_lag2	0.000948719463322931	0.000770639989645043	0.0020388758736289
estado_tend12	0.000947772245849784	0.000967696560060357	0.000225452620641658
m_anclaje_pesado_rank_lag3	0.000947121617418829	0.00133750501343126	0.000676357861924973
Visa_mpagominimo_rank_avg6	0.000946936100158219	0.000987752581152108	0.00136251801170393
Visa_mconsumototal_rank_delta2	0.000946030341292409	0.000771945665288944	0.00212709646431477
mcaja_ahorro_rank_delta3	0.000943373575526284	0.00123474597493769	0.00130370428458002
vm_Fvencimiento_lag3	0.00094195455501288	0.0011235355245373	0.0019114461315271
ctarjeta_visa_transacciones_tend6	0.00094005979453712	0.000860376217484939	0.000548928119823167
Master_mlimitecompra_rank_lag2	0.000940051470672289	0.000868065482182346	0.00196045757079702
e_y_ratio_tend12	0.00093911957181042	0.00172222120873105	0.00194085299508905
rf_005_023	0.000938391928882266	0.00022054230343304	0.000186243469225717
Visa_mconsumospesos_rank_delta3	0.000937144249203076	0.00115056151595976	0.00220551476714665
vm_fechaalta	0.000935790707960241	0.00153230562414805	0.00182322554084123
Visa_mlimitecompra_rank_avg6	0.000935267698621839	0.000977680282737617	0.00182322554084123
Master_cconsumos_tend12	0.000934037300751858	0.00226695654950127	0.00198006214650499
vm_Fvencimiento_tend12	0.000931363116189437	0.00116584780782708	0.00173500495015537
e_y_ratio_lag3	0.000931282935213195	0.000940802492054357	0.00206828273719086
mcuenta_corriente_rank_tend6	0.000928549747991274	0.00181760718306404	0.00136251801170393
vm_Fvencimiento_lag1	0.000926106708036778	0.00089978084137824	0.00174480723800935
mactivos_margen_rank_lag1	0.000926053360944194	0.00182695998917722	0.00156836605663762
mprestamos_personales_rank_delta1	0.000921674153182498	0.0012214120110797	0.00042149837772136
Master_mlimitecompra_rank_lag1	0.000921061377284901	0.000891523009518383	0.00182322554084123
Visa_mconsumospesos_rank_lag1	0.000914335498705436	0.000813482638717869	0.00190164384367311
chomebanking_transacciones_lag1	0.000912998602786777	0.00114067230705798	0.00179381867727928
chomebanking_transacciones_lag2	0.000908455094316399	0.00075393658494932	0.00215650332787673
ccaja_ahorro	0.000903651519135608	0.00233120998309261	0.000235254908495643
cmobile_app_trx_delta3	0.000901581141838588	0.00161974442498896	0.00198986443435898
Visa_mconsumospesos_rank_avg6	0.000901254889227668	0.00130572779967026	0.00209768960075282
vmr_mpagominimo_tend12	0.000899831169631784	0.000988658033017949	0.00102924022466844
Visa_mfinanciacion_limite_rank_lag2	0.000897459218119679	0.000945500371015953	0.00170559808659341
mrentabilidad_rank_tend12	0.000891536219661844	0.00181506322851038	0.00175460952586334
rf_008_026	0.000891176803218946	0.000579947511724313	0.000215650332787673
Visa_Fvencimiento_tend12	0.000888579360358619	0.00122294402494824	0.00168599351088544
Visa_fechaalta	0.000884714748634332	0.00103290334569276	0.00187223698011116
mpasivos_margen_rank_lag2	0.000881422508076873	0.00114610600792607	0.00200946901006695
Visa_mlimitecompra_rank_lag3	0.00087992454276983	0.000818053938497433	0.00178401638942529
Visa_Fvencimiento_avg6	0.000879766250731687	0.000964129778418108	0.00172520266230138
mpasivos_margen_rank_lag1	0.000879117888531094	0.000681615930525947	0.00144093631453581
Visa_mconsumospesos_rank_delta2	0.000878647279862747	0.00098163363066995	0.00212709646431477
chomebanking_transacciones	0.00087759638816624	0.00158497364821146	0.00181342325298725
vm_fechaalta_avg6	0.00087212715280667	0.000937791213890409	0.00158797063234559
vm_status04_delta1	0.000867737936852579	0.000992515283697934	0.000117627454247821
Visa_mlimitecompra_rank_lag1	0.000866011761391586	0.000976610743081463	0.0015781683444916
vmr_Master_mlimitecompra_avg6	0.00086402076396287	0.00130980525260202	0.0018428301165492
mactivos_margen_rank_lag3	0.000859371593969973	0.00123359716247089	0.00195065528294304
ccomisiones_otras_tend12	0.000858280961285903	0.00153033132539718	0.00148994775380574
Visa_fultimo_cierre_avg6	0.000856071031418908	0.00181872868055488	0.0015781683444916
m_deb_aut_rank_tend6	0.000853122615901956	0.00112848695773218	0.000911612770420616
vmr_mpagominimo_avg12	0.000844010288432711	0.00107566810749721	0.0012546928453101
Visa_mconsumospesos_rank_lag3	0.000843503433324338	0.000786909917548506	0.00187223698011116
mtransferencias_recibidas_rank_delta3	0.000843096729951123	0.000923023312762318	0.00173500495015537
chomebanking_transacciones_avg12	0.000838255975845175	0.00135752421868586	0.00130370428458002
mrentabilidad_rank	0.000837531645393549	0.000991207034904125	0.0016467843594695
mprestamos_personales_rank_tend6	0.000825594789609359	0.000404717586439636	0.000215650332787673
vmr_mpagominimo_delta1	0.000819477486554376	0.000736049234393824	0.000666555574070988
vmr_pagominimo_saldo_avg12	0.000817019130945173	0.00123889676264184	0.00142133173882784
mcaja_ahorro_rank_lag1	0.000815232791249605	0.0011486396698801	0.000676357861924973
rf_034_015	0.000811248157934293	0.000793251643432348	0.000901810482566631
ctrx_quarter_normalizado_delta1	0.000808843721056702	0.00116753747661116	0.000519521256261211
vm_Fvencimiento_avg6	0.000807423063303774	0.00112102897962461	0.00174480723800935
Visa_mpagominimo_rank_tend6	0.000806101248694361	0.00124789437510036	0.00159777292019957
vm_mfinanciacion_limite_rank_tend6	0.000805924653111751	0.00177305853560195	0.0015781683444916
Visa_mconsumototal_rank_delta1	0.000805163167137621	0.000934921063102205	0.00190164384367311
ccallcenter_transacciones_avg12	0.000803746179321907	0.00127835710512739	0.00121548369389416
mrentabilidad_annual_rank_avg6	0.000801016178569508	0.00121870396873573	0.000960624209690542
m_e_sp_rank_tend6	0.000798563056988381	0.00135135370623823	0.0015781683444916
rf_009_022	0.000796342944804799	0.000606620882642016	0.00196045757079702
Visa_mfinanciacion_limite_rank_lag1	0.000796170122973128	0.000803333046838823	0.00167619122303146
Visa_cconsumos	0.000795662958308831	0.00079324669506714	0.00150955232951371
internet_lag1	0.000794240364544201	0.0009298170223243	0.000264661772057598
e_y_ratio_tend6	0.000794058077732489	0.0013221253953961	0.0017154003744474
ctarjeta_visa_transacciones_delta2	0.000792911616552773	0.000918955162757149	0.00038228922630542
internet	0.000792402583602129	0.00063784625471497	0.000117627454247821
mcuentas_saldo_rank_lag1	0.000791150053214431	0.00161943762634604	0.00084299675544272
mactivos_margen_rank_tend6	0.000789594718410051	0.00137476719312391	0.0014507386023898
vm_Fvencimiento_lag2	0.000784394155203319	0.000743702376025209	0.00151935461736769
rf_045_023	0.00078219996865386	0.000536546192219453	0.00182322554084123
Visa_mpagospesos_rank_delta1	0.000777987904083562	0.000962965032215344	0.0021761079035847
vmr_mpagospesos	0.0007765344039375	0.000506325734153031	0.000666555574070988
Master_mconsumospesos_rank_tend6	0.00076862902029084	0.00220318845156957	0.00151935461736769
vm_mpagominimo_rank	0.000767969452960789	0.000659788988493397	0.000695962437632944
rf_014_021	0.000763180919786498	0.000838159938077789	0.00173500495015537
mcaja_ahorro_rank_tend6	0.00076075927738813	0.00136280996343422	0.00144093631453581
vm_mlimitecompra_rank_delta2	0.000759968164461734	0.0010787517307605	0.00159777292019957
Visa_msaldototal_rank_tend6	0.000759471394216881	0.000814112268706992	0.00123508826960213
vm_mlimitecompra_rank_delta3	0.000756668023726315	0.00108194164490848	0.00167619122303146
cdescubierto_preacordado_lag2	0.000754324424218113	0.00143973071712267	0.000901810482566631
Visa_mpagominimo_rank_delta3	0.00075411344552494	0.000779739538426857	0.00149975004165972
vmr_pagominimo_saldo_lag2	0.000753212768246503	0.000713019839615622	0.0013821225874119
Visa_cconsumos_lag3	0.000748587184952412	0.000800551768689762	0.00151935461736769
Visa_mconsumospesos_rank_lag2	0.000744520057557823	0.000814492303155001	0.00175460952586334
mrentabilidad_rank_tend6	0.000739799543886074	0.0013522812278129	0.00128409970887205
mtarjeta_visa_consumo_rank_delta3	0.00073804301164141	0.00143059850913048	0.00116647225462423
Visa_mconsumospesos_rank_delta1	0.00073732070157516	0.000742708051520224	0.00181342325298725
Visa_mlimitecompra_rank_lag2	0.000735788428076938	0.000659695464390958	0.0015781683444916
mrentabilidad_annual_rank_avg12	0.000735033557460761	0.00108929966603883	0.00126449513316408
mtarjeta_visa_consumo_rank_tend12	0.000733325568724091	0.00115361802218171	0.00107825166393836
ctarjeta_visa_transacciones_delta3	0.000730881890171627	0.0010024469495732	0.000539125831969182
vm_mpagospesos_rank_tend6	0.000730289743224624	0.00105035761532522	0.000872403619004676
vmr_Master_mlimitecompra_lag2	0.00072657175846396	0.000949633938409178	0.00147034317809777
ctarjeta_visa_transacciones_tend12	0.000724430860002852	0.00110093060052668	0.00082339217973475
vmr_msaldopesos2_tend12	0.000722554213173889	0.00125923187153134	0.00135271572384995
mttarjeta_visa_debitos_automaticos_rank_tend6	0.00072099117366862	0.000946746072473528	0.000646950998363018
Visa_mpagominimo_rank_lag3	0.000718569998403093	0.000652105265965024	0.00147034317809777
Visa_fechaalta_tend12	0.000715576581795582	0.00129389655535878	0.00123508826960213
vmr_msaldopesos2_tend6	0.000715012144847161	0.00180469303851034	0.0012546928453101
Visa_mfinanciacion_limite_rank_avg6	0.000714490204508236	0.000769271568730299	0.0015781683444916
Visa_mconsumosdolares_rank_lag3	0.000708153097805289	0.000651061259873346	0.00149975004165972
mpasivos_margen_rank_tend6	0.000705803895304411	0.00179164637673635	0.00143113402668183
mttarjeta_visa_debitos_automaticos_rank_delta3	0.00070518529219453	0.000853198118913565	0.00114686767891626
vmr_Visa_mlimitecompra_avg6	0.000699419006702186	0.000725597198433237	0.00127429742101807
chomebanking_transacciones_tend12	0.000694494933690008	0.00189721222694346	0.0012546928453101
vm_mfinanciacion_limite_rank_delta2	0.000692959258597464	0.00153368928602763	0.00154876148092965
vmr_Master_mlimitecompra	0.000691978420014936	0.000851733699713777	0.00143113402668183
cliente_antiguedad_lag1	0.000690698801293626	0.0012548248574767	0.00117627454247821
Visa_mpagominimo_rank_delta2	0.000686413914932392	0.000988130240384817	0.0013821225874119
Master_cconsumos_avg6	0.000686275068120754	0.00112933144573865	0.00124489055745611
vmr_Master_mlimitecompra_tend12	0.000678979015505353	0.00148801251026532	0.00122528598174814
vm_mfinanciacion_limite_rank_delta3	0.000678280312343228	0.00107230005220173	0.00144093631453581
Visa_mconsumosdolares_rank	0.00067813336018693	0.000627046150745621	0.00154876148092965
mtransferencias_recibidas_rank_lag2	0.000674060536752927	0.000847509082400717	0.0014507386023898
rf_029_019	0.000673622171320273	0.00099812188044641	0.00114686767891626
mcomisiones_mantenimiento_rank_lag3	0.000673015239847591	0.00133842580522925	0.00101943793681445
contactos_tend12	0.000672294864891035	0.00137058909044381	0.00102924022466844
cliente_antiguedad_avg12	0.000664544397704833	0.00152965686321927	0.00113706539106227
c_y_sp_tend12	0.000657841528706145	0.00202787064331879	0.00117627454247821
Visa_msaldototal_rank_delta3	0.00065719657884446	0.000666341415767815	0.00135271572384995
vm_status02_avg12	0.000655507608412123	0.000583438088542352	0.000323475499181509
vmr_pagominimo_saldo_delta3	0.000654753140147574	0.00107975753547277	0.00140172716311987
e_y_ratio_delta3	0.000654659860441636	0.00105352951742383	0.00131350657243401
mcomisiones_mantenimiento_rank_avg6	0.000654280349282893	0.00172915030556513	0.00106844937608438
mautoservicio_rank_lag3	0.000653614531281881	0.00154932285416529	0.00136251801170393
cproductos_delta1	0.00065152776009011	0.0012021998841906	0.000166638893517747
Visa_msaldopesos_rank_tend6	0.000650658627649558	0.00124277608303065	0.00136251801170393
m_e_sp_rank_delta3	0.000649700481680228	0.00085278730563396	0.00140172716311987
mcomisiones_rank_avg6	0.000648232324246647	0.000673567513481711	0.00102924022466844
vmr_pagominimo_saldo	0.000645301700667823	0.000818375384301374	0.00106844937608438
vmr_mpagospesos_tend12	0.000644462055683644	0.00198296690116934	0.00112726310320829
mpayroll_rank_delta2	0.000643525324412267	0.00137892243435675	0.000411696089867375
rf_035_022	0.000641869485764676	0.000435819645251595	0.00173500495015537
ccomisiones_otras_tend6	0.000641562337987033	0.00101413577993399	0.00120568140604017
e_y_ratio_lag1	0.000641511604087458	0.000776264103606356	0.00151935461736769
mtarjeta_visa_consumo_rank_tend6	0.000637502962090707	0.000470976691417269	0.000539125831969182
vm_fechaalta_tend12	0.000637010134926504	0.00150028811777252	0.00127429742101807
Master_mpagominimo_rank	0.000636521682208104	0.000862705808857772	0.00101943793681445
cliente_antiguedad	0.000635659429125259	0.00104727517966957	0.0011860768303322
vmr_pagominimo_saldo_tend6	0.000634651364770396	0.000908385355704601	0.00119587911818618
vmr_Master_mlimitecompra_lag3	0.000632178513365996	0.00100445638171705	0.00132330886028799
m_e_sp_rank_delta2	0.000629768261538219	0.000854126234292061	0.00119587911818618
mprestamos_personales_rank_tend12	0.000627446613216377	0.002061934298708	0.000666555574070988
ctrx_quarter_normalizado_lag2	0.000627101991806956	0.000626032329681714	0.00124489055745611
ccaja_ahorro_avg6	0.000626814047386693	0.000417189644045615	0.000147034317809777
Visa_mconsumosdolares_rank_tend6	0.000625763073132666	0.000550413193977694	0.00128409970887205
Master_fultimo_cierre	0.000624812550311482	0.000794432323371084	0.00133311114814198
mcaja_ahorro_dolares_rank_avg12	0.000618987537843614	0.00194144883049551	0.0011174608153543
ctrx_quarter_normalizado_delta2	0.000617946974024816	0.000963693233639419	0.00127429742101807
Master_mconsumosdolares_rank_tend6	0.000615812282176056	0.00137531794617161	0.00139192487526589
e_y_ratio	0.000614031558991755	0.000641638879745333	0.00135271572384995
Visa_msaldototal_rank_delta1	0.000612982311795558	0.00107579260836585	0.00126449513316408
rf_035_019	0.000612944652275977	0.000421968973098542	0.000372486938451435
c_e_y_ratio_tend12	0.000609763841088855	0.00138672877737499	0.000999833361106482
vmr_msaldopesos_tend12	0.000608263408463307	0.00103096883179817	0.00110765852750032
rf_035_018	0.000607937027250798	0.000893920393494572	0.000970426497544527
e_y_ratio_lag2	0.000607810342420588	0.00059902088645297	0.00144093631453581
cproductos_tend6	0.000607244777862433	0.00115174694632909	0.000225452620641658
vm_mlimitecompra_rank_tend6	0.000605233164159878	0.00142464206296177	0.00126449513316408
ccomisiones_mantenimiento_tend12	0.000605024336171471	0.00259372154913919	0.000695962437632944
Visa_mpagominimo_rank_delta1	0.0006023825500583	0.000773399692921794	0.00115666996677024
Master_msaldopesos_rank_avg6	0.00060189055741058	0.000886038043586731	0.00108805395179235
Visa_msaldototal_rank_lag2	0.000601381955112011	0.000487829338807679	0.000999833361106482
rf_029_015	0.000600714758263748	0.000819159205350392	0.00113706539106227
Master_fultimo_cierre_tend6	0.000599946388157764	0.000600713029419651	0.00135271572384995
Visa_msaldototal_rank_lag3	0.000598728368006794	0.000628753039840623	0.0011860768303322
ccaja_seguridad	0.000597380754039443	0.00261514054794395	0.000235254908495643
vm_cconsumos_tend12	0.000595390763058896	0.000756594351902777	0.00080378760402678
mcomisiones_mantenimiento_rank_delta3	0.000592377459523003	0.00127932629193711	0.000911612770420616
Visa_cconsumos_lag1	0.000590074652153604	0.000704375837334897	0.00121548369389416
Visa_mconsumosdolares_rank_lag2	0.000589073820793957	0.000804979961747498	0.00132330886028799
Visa_msaldopesos_rank_delta2	0.00058820607183777	0.000839657808226386	0.00126449513316408
Visa_mconsumosdolares_rank_lag1	0.000588073914092858	0.000587723570747476	0.00133311114814198
vmr_pagominimo_saldo_avg6	0.00058756255024376	0.000880785057016052	0.00114686767891626
m_y_sp_rank_tend6	0.000587180308515419	0.001381720042111	0.00103904251252242
Visa_delinquency_avg12	0.000586493704504463	0.00199995285751846	0.000754776164756854
mpayroll_sobre_edad_rank_delta3	0.000584156004438237	0.000919614285002914	0.00038228922630542
Visa_msaldopesos_rank_lag2	0.000583780270830304	0.000482833766195143	0.00101943793681445
mcaja_ahorro_rank_delta1	0.000581224258382531	0.00206576552098699	0.00103904251252242
mcaja_ahorro_rank_delta2	0.000580094609719063	0.00114360272893442	0.00110765852750032
mcaja_ahorro_rank_lag2	0.000579039146795742	0.00088234705797775	0.00080378760402678
m_deb_aut_rank_lag3	0.0005786169723083	0.000895959713764277	0.00107825166393836
mrentabilidad_rank_avg12	0.000578095241173959	0.000680996593136458	0.000892008194712646
ctarjeta_visa_debitos_automaticos_tend12	0.000572792526740256	0.00125871635084393	0.000597939559093092
mcaja_ahorro_dolares_rank_tend12	0.000572213437377391	0.00190628406488011	0.00084299675544272
rf_026_021	0.000566683487272041	0.000789029104432676	0.00102924022466844
mtransferencias_emitidas_rank_lag2	0.000566193369715937	0.00112391447034496	0.000911612770420616
vmr_msaldopesos2_avg12	0.000565368421943312	0.00088786735523699	0.00105864708823039
vm_mpagominimo_rank_lag3	0.000563985152421936	0.000598518429449704	0.000990031073252497
rf_005_015	0.000560880305821035	0.000751704674305702	0.000617544134801063
Visa_cconsumos_lag2	0.000560822312265281	0.0004629084809122	0.00112726310320829
ctarjeta_debito_tend12	0.000559913266827575	0.00259792182049542	0.000539125831969182
mcomisiones_otras_rank_avg6	0.000559614764714272	0.000592890158861616	0.00100963564896047
ctrx_quarter_normalizado_lag3	0.000557678809518008	0.00062250008762862	0.00121548369389416
rf_035_020	0.000555571886203642	0.000376153643110393	0.000392091514159405
cajas_ratio_01_delta3	0.000554022555806878	0.00104095166376969	0.000176441181371732
c_e_sp_tend12	0.000553184366941039	0.000700644671000424	0.00101943793681445
chomebanking_transacciones_avg6	0.000549142563686068	0.000833907016115736	0.00102924022466844
rf_039_023	0.00054907154727609	0.000431215389359743	0.00042149837772136
rf_017_023	0.000546855495771096	0.000490773913008618	0.000990031073252497
mtransferencias_recibidas_rank_avg6	0.000545392858284424	0.000732206333972944	0.000872403619004676
vmr_mpagominimo_lag1	0.000544815453163671	0.000558977626545867	0.00082339217973475
vmr_mpagominimo_delta3	0.000544245313167957	0.000733632650760627	0.000686160149778958
ccaja_ahorro_tend12	0.000543943257636181	0.00290236979201055	0.000392091514159405
m_anclaje_pesado_rank_tend6	0.000543513686658904	0.00109104297510177	0.000392091514159405
Master_msaldototal_rank	0.000539255243394518	0.00159006403150139	0.00109785623964633
Visa_fultimo_cierre_delta2	0.000535892937244471	0.000714438634888188	0.000656753286217003
ctransferencias_recibidas_tend12	0.000533309667683663	0.00130085841037054	0.000901810482566631
rf_047_021	0.000532845782354851	0.000507057894269273	0.00130370428458002
vmr_mpagominimo_tend6	0.000532681918496877	0.000631642192351227	0.000774380740464825
vmr_pagominimo_saldo_delta2	0.000532118137781807	0.00104610538613429	0.00109785623964633
contactos_avg12	0.00053189824327247	0.000852170739328987	0.000921415058274601
seguros_ratio_01_lag2	0.000527907010985935	0.00133388122662181	0.000970426497544527
seguros_ratio_01_lag3	0.000527029884623188	0.00127737346909125	0.00100963564896047
vmr_mconsumosdolares_avg12	0.000525564137704001	0.000866326824582706	0.000941019633982572
vm_mfinanciacion_limite_rank_delta1	0.000525321764902532	0.00138526732719433	0.00133311114814198
Visa_fultimo_cierre_tend6	0.000524002665054853	0.000431931318838101	0.000999833361106482
ccomisiones_otras_avg12	0.00052305011158317	0.00213520761240131	0.000862601331150691
vmr_msaldopesos2_lag2	0.000522908494117402	0.000792063244043888	0.00101943793681445
visitas_avg12	0.000520002141399532	0.000881819265344617	0.00084299675544272
vmr_msaldodolares2_avg12	0.000519529994696884	0.00145950230618224	0.000774380740464825
ctrx_quarter_lag2	0.000519505563421645	0.000823099093729358	0.000960624209690542
c_pagos_tend12	0.000519018185858082	0.00132748655323024	0.000450905241283316
rf_025_019	0.000518704347543232	0.00108982805247579	0.00102924022466844
c_y_sp_avg12	0.000517617598804554	0.00115857786759744	0.000990031073252497
tcallcenter_avg12	0.000517304085177155	0.00083872781246911	0.000666555574070988
Master_Fvencimiento_delta3	0.000517053259110518	0.000300455828399559	0.000578334983385122
vmr_mpagominimo_lag3	0.000514387730869653	0.000435973836311491	0.000931217346128586
vmr_mpagominimo_lag2	0.000513824664022748	0.000391527125172694	0.000882205906858661
vmr_Visa_mlimitecompra_tend12	0.00051259361511023	0.0015965639071373	0.000892008194712646
rf_037_023	0.000511031435356484	0.000713413531551606	0.000960624209690542
ctrx_quarter_lag3	0.000509850870019908	0.000604734367889948	0.000950821921836557
rf_011_013	0.000508679350101457	0.000635066757977385	0.00113706539106227
ctransferencias_emitidas_tend12	0.000508290946178488	0.00175319124515925	0.000774380740464825
vmr_mpagospesos_tend6	0.000508098227208672	0.00067691993194313	0.000686160149778958
rf_041_015	0.000505751534549078	0.000888971236547691	0.000509718968407226
vmr_mconsumospesos_avg12	0.000505060524030194	0.00119338308499679	0.000872403619004676
vm_cconsumos_tend6	0.000504034085173376	0.000922693949574044	0.000431300665575345
rf_010_017	0.00050119904967189	0.00117590140142109	0.000862601331150691
rf_044_019	0.00049985703194259	0.000886690337088509	0.000990031073252497
Visa_msaldopesos_rank_lag3	0.000499709532901733	0.000590130455584865	0.00108805395179235
mtransferencias_emitidas_rank_delta3	0.000499522261103517	0.000784140218574034	0.000578334983385122
contactos_tend6	0.000498652519112371	0.000561643508818266	0.000548928119823167
mcaja_ahorro_dolares_rank_lag2	0.000498446664762757	0.000730639384646037	0.00078418302831881
mcomisiones_mantenimiento_rank_lag1	0.000497044557953959	0.00110527199925866	0.000764578452610839
rf_003_013	0.000492427774891433	0.000643620601044012	0.000970426497544527
ctrx_quarter_tend6	0.000487354747092604	0.000828732510617263	0.000656753286217003
mcaja_ahorro_rank_avg6	0.000486236381050093	0.000770426319235342	0.000793985316172795
vmr_Visa_mlimitecompra_lag3	0.000484223165151038	0.000629865036470265	0.00109785623964633
ctarjeta_debito_avg12	0.000483874771486644	0.00138816687127187	0.000725369301194899
Visa_mpagosdolares_rank_avg6	0.000483642265085257	0.000837797816711835	0.00100963564896047
ccajas_consultas_avg12	0.00048270169054788	0.000907306117252639	0.000568532695531137
vmr_msaldopesos_lag2	0.000481182897764237	0.000438057592900768	0.000666555574070988
Master_msaldototal_rank_tend6	0.000480809659789127	0.000885039463487667	0.00082339217973475
mcuentas_saldo_rank_avg12	0.000476165993793155	0.000729825873405768	0.000774380740464825
vm_fultimo_cierre_lag2	0.000474557014736872	0.000547532948524465	0.000862601331150691
rf_006_023	0.000474299196110275	0.000527632009198348	0.00102924022466844
internet_tend6	0.000474217743767622	0.00134709821112627	0.000490114392699256
vmr_mpagado_avg6	0.000471431331633803	0.00106227575292976	0.000901810482566631
cajas_ratio_01_avg12	0.000471166425058459	0.00103085521733299	0.000686160149778958
thomebanking_tend12	0.000470934802061155	0.00202698429214265	0.000882205906858661
Visa_msaldopesos_rank_avg6	0.000470310952491853	0.000653279809930901	0.000980228785398512
hb_cajas_avg12	0.000470129073155785	0.000924743067606862	0.00080378760402678
vmr_Visa_mlimitecompra_lag1	0.000469629546655668	0.000575723884084295	0.00100963564896047
vmr_mpagominimo	0.000469283017946986	0.000378385058917491	0.000744973876902869
rf_015_015	0.000465334042622087	0.000578745355880573	0.000578334983385122
rf_050_018	0.000464089219702501	0.000634307084950584	0.000588137271239107
c_e_y_ratio_tend6	0.000463977139645257	0.000778473548671928	0.00080378760402678
Visa_cconsumos_delta2	0.000463206516345325	0.000560217389965191	0.000754776164756854
vm_mpagospesos_rank_delta3	0.000461488137995224	0.000583713217647942	0.000931217346128586
vm_mfinanciacion_limite_rank_lag3	0.000461356904978101	0.000650953484479106	0.000921415058274601
vm_fultimo_cierre_tend6	0.00046089570870689	0.000446542455756389	0.00078418302831881
vmr_pagominimo_saldo_lag1	0.000457499499714135	0.000447338053914603	0.000999833361106482
m_y_sp_rank_delta2	0.000456847187770133	0.000734185482121714	0.000793985316172795
mactivos_margen_rank_avg6	0.000456829857101155	0.000980262240736081	0.000813589891880765
Master_mpagominimo_rank_avg6	0.000453167295089219	0.000709304705984423	0.00106844937608438
Visa_mconsumosdolares_rank_delta3	0.000451816580510024	0.000428830673198488	0.0011174608153543
mtarjeta_visa_consumo_rank_delta1	0.000451337362176931	0.000929284875129783	0.000450905241283316
rf_040_017	0.000451185871176287	0.000648177451597167	0.00084299675544272
mtransferencias_recibidas_rank_delta2	0.000447154307407301	0.000642938914252896	0.000931217346128586
mrentabilidad_rank_avg6	0.000445892587640318	0.000883124446151997	0.000774380740464825
rf_024_015	0.000445426472619778	0.000417140754197356	0.000911612770420616
ctarjeta_visa_transacciones_lag3	0.00044461546888831	0.000580573380955878	0.000813589891880765
Master_mconsumospesos_rank	0.0004443813048111	0.000543197091961519	0.00078418302831881
c_deb_aut_avg12	0.000443530165030691	0.000646747967855751	0.00082339217973475
rf_038_024	0.000442605674588603	0.000243198294572613	0.000754776164756854
Master_mpagospesos_rank_lag1	0.000440783483808797	0.00101953810816666	0.00082339217973475
vm_fultimo_cierre	0.000440318255735645	0.000785350291802108	0.00102924022466844
rf_024_019	0.00044011051801602	0.000666857332324448	0.00078418302831881
vm_msaldototal_rank_delta2	0.00043857530969739	0.000579003264675237	0.000637148710509033
Master_mpagospesos_rank	0.000438057220181188	0.000784938290914852	0.000833194467588735
vm_mpagado_rank_avg6	0.000437943867679806	0.000625625079225059	0.000656753286217003
c_e_y_ratio_lag3	0.000436111609927878	0.000535941106121764	0.000931217346128586
internet_lag2	0.000435413194168981	0.00149782927510045	0.000372486938451435
mcuentas_saldo_rank_avg6	0.000435125923240249	0.000925542426522635	0.000656753286217003
cajas_ratio_01_tend6	0.000434391663061845	0.00116840403432646	0.000294068635619554
mcaja_ahorro_dolares_rank_delta2	0.000433188857514885	0.00133723611926584	0.000548928119823167
rf_026_015	0.000432729655998055	0.000634773715789741	0.000813589891880765
rf_043_016	0.000432635309887457	0.000749984523591941	0.000686160149778958
ctransferencias_emitidas_avg6	0.000427841844095437	0.000596211006753005	0.000617544134801063
vmr_msaldopesos2_delta3	0.000427750012450855	0.00050631455084766	0.000921415058274601
m_deb_aut_rank_delta2	0.000427543528900828	0.00094203532776239	0.000735171589048884
rf_016_027	0.000427254289051814	0.000515567795852848	0.000637148710509033
Master_msaldototal_rank_avg6	0.000426885190719468	0.0012458252656721	0.000980228785398512
m_deb_aut_rank	0.000425045937307751	0.000272206106261053	0.00044110295342933
ctrx_quarter_normalizado_tend6	0.000422626997086456	0.000439645127426942	0.000725369301194899
mautoservicio_rank_delta3	0.000422505961723135	0.00074281147235308	0.000793985316172795
visitas_tend12	0.000422224170003969	0.00201356709678186	0.000813589891880765
cajas_visitas_avg12	0.000422028881164133	0.000960353977829455	0.000813589891880765
vm_mlimitecompra_rank_lag2	0.000419553088286529	0.000479750241899151	0.00078418302831881
c_e_sp_delta2	0.000418605072577758	0.00117770389293192	0.000607741846947077
ctarjeta_visa_transacciones_lag2	0.000418078654343771	0.00039786776241619	0.000715567013340914
mtransferencias_emitidas_rank_tend6	0.00041796847724884	0.000796235408685738	0.000548928119823167
Master_mpagominimo_rank_lag2	0.000417199945181593	0.00069654128863497	0.000872403619004676
mcuenta_debitos_automaticos_rank_avg12	0.000417120023171154	0.000449888441343037	0.000529323544115197
rf_033_023	0.000415308195942188	0.000499086572754985	0.000882205906858661
vmr_msaldototal_lag3	0.000414298604232771	0.000562452269627934	0.000911612770420616
m_y_sp_rank_delta3	0.000411707348602926	0.000629056176693292	0.000833194467588735
rf_029_022	0.000411183510503601	0.000267466858966314	0.000107825166393836
c_e_y_ratio_avg6	0.000406743343214573	0.000628710879769047	0.00082339217973475
ctarjeta_debito_transacciones_avg12	0.000406131087663101	0.00075848334083745	0.000754776164756854
mtarjeta_visa_consumo_rank_lag3	0.000405670020047749	0.000498475053782525	0.000960624209690542
cextraccion_autoservicio_avg12	0.000405587132077201	0.000568191284629388	0.000519521256261211
tcallcenter_tend12	0.000405416156782938	0.000889672914734248	0.000617544134801063
e_y_ratio_delta2	0.000405233757209021	0.000433670471274262	0.000852799043296706
vm_mfinanciacion_limite_rank	0.000404575837865812	0.000561911116408739	0.00080378760402678
mcomisiones_mantenimiento_rank_delta1	0.000402720933113314	0.000911889392076007	0.000676357861924973
ccomisiones_otras_avg6	0.000402573220429332	0.000476003537697923	0.000607741846947077
mautoservicio_rank_delta2	0.000402474669917491	0.00080900426923692	0.000813589891880765
active_quarter_avg12	0.000401103651373724	0.00183842060093459	0.000892008194712646
mcaja_ahorro_rank_lag3	0.000400685848984611	0.000491380186713957	0.000676357861924973
rf_048_023	0.000399785079102958	0.000428081589673233	0.00082339217973475
mprestamos_personales_rank_avg12	0.000399333948101998	0.000879192079288148	0.000509718968407226
vmr_msaldopesos2_delta2	0.000399241915355648	0.000844776496165308	0.000892008194712646
rf_044_018	0.000396922978175724	0.000980470368976748	0.000754776164756854
vm_mlimitecompra_rank_delta1	0.000396791259547572	0.000738268378255204	0.00106844937608438
vm_mpagominimo_rank_delta2	0.000395700637408094	0.00138432030906073	0.000754776164756854
c_e_y_ratio_avg12	0.00039305389634167	0.000857633041747984	0.000764578452610839
vm_msaldopesos_rank_tend6	0.000393040845960684	0.000611197823557918	0.000705764725486929
rf_043_015	0.000392155142247142	0.000549201339338145	0.00082339217973475
vmr_msaldopesos2_lag3	0.000391707722023995	0.000662181424104378	0.000931217346128586
ccajas_transacciones_avg6	0.00039048145587917	0.00142493629275706	0.000656753286217003
mttarjeta_visa_debitos_automaticos_rank_delta1	0.000390095265812879	0.000780223785446156	0.000499916680553241
Master_mpagospesos_rank_lag3	0.000389041911764267	0.000616306218897206	0.000862601331150691
vmr_msaldototal_lag2	0.000387523184915359	0.000401226514785076	0.000725369301194899
mcaja_ahorro_dolares_rank_lag1	0.000385161858699928	0.00173963312035732	0.000666555574070988
mttarjeta_visa_debitos_automaticos_rank_avg6	0.000384399858642297	0.00106142166509478	0.000705764725486929
ccomisiones_otras_lag3	0.00038387682361509	0.000580878299220022	0.000901810482566631
Master_cconsumos_lag2	0.000383404770070476	0.000389725524367602	0.000646950998363018
contactos_avg6	0.000382913344759292	0.000533151316784546	0.000646950998363018
rf_013_015	0.000381154086322743	0.000522901273091767	0.000235254908495643
m_deb_aut_rank_lag2	0.000380227273843449	0.000368713083248363	0.000617544134801063
mcomisiones_mantenimiento_rank_delta2	0.000378674692780984	0.000548822492497787	0.000627346422655048
mautoservicio_rank_tend12	0.000378061836752405	0.00109263337967976	0.000744973876902869
mpagomiscuentas_rank	0.000373771507811318	0.000956877454368608	0.00038228922630542
cpagomiscuentas_tend12	0.000372927899134999	0.00148074979464888	0.000450905241283316
vmr_mconsumospesos_tend12	0.000370705859597238	0.00103578487772095	0.000813589891880765
vmr_mpagominimo_avg6	0.000369323840353512	0.000591935322310994	0.000695962437632944
vmr_mpagospesos_lag3	0.000367500985217795	0.000387341402010172	0.000676357861924973
ctrx_quarter_avg12	0.000367215813061188	0.00202359258366148	0.000656753286217003
cdescubierto_preacordado_avg12	0.000366633381519639	0.00148175114583246	0.000646950998363018
mcaja_ahorro_dolares_rank_delta3	0.00036618521101528	0.00134316119279913	0.000656753286217003
mextraccion_autoservicio_rank_delta2	0.000365666527752382	0.0010634495051572	0.000695962437632944
ccallcenter_transacciones_tend12	0.000363246490543116	0.000993214883571105	0.000617544134801063
Visa_mpagosdolares_rank_tend6	0.000362808596978838	0.000550297204297208	0.000774380740464825
Master_msaldopesos_rank_delta3	0.000362360947013341	0.000958199162715784	0.000666555574070988
ccomisiones_otras_delta3	0.000361237113194358	0.000399046364041538	0.000852799043296706
chomebanking_transacciones_tend6	0.000358849900392468	0.000582654267493334	0.000637148710509033
vmr_mconsumospesos_lag2	0.000358841161308847	0.000292930849427073	0.000695962437632944
vmr_msaldopesos2_avg6	0.000358757213346065	0.000555910926691583	0.000754776164756854
ccajas_transacciones_delta3	0.000357883192636401	0.000482010457191761	0.000431300665575345
vmr_msaldopesos_delta2	0.000356851898141695	0.000350069721456321	0.000539125831969182
mactivos_margen_rank_avg12	0.000355206851470273	0.00103882168944937	0.000715567013340914
rf_038_026	0.000354231880846345	0.000294394674823036	0.000186243469225717
Visa_fultimo_cierre_lag2	0.000353009689441036	0.000555042686532109	0.000744973876902869
vmr_msaldopesos	0.000352690346875014	0.000473502732888877	0.000568532695531137
vmr_mconsumospesos_avg6	0.000351369907321362	0.000977681272410659	0.000627346422655048
vmr_mconsumosdolares_avg6	0.000349062647346932	0.00145283636340994	0.000725369301194899
vm_msaldototal_rank_delta3	0.000347680772269579	0.000683152002053953	0.000744973876902869
Master_msaldopesos_rank_tend6	0.000346439533216377	0.000466864204059833	0.000754776164756854
rf_021_015	0.000345540341187715	0.000557674128182657	0.00078418302831881
vmr_msaldopesos_tend6	0.000345024960073039	0.000437693690123339	0.000646950998363018
c_e_sp_tend6	0.000344378981165601	0.000653552761755799	0.000617544134801063
Visa_fultimo_cierre_lag3	0.000344268721273552	0.000455141328946412	0.000735171589048884
vmr_mconsumospesos_lag3	0.000344206505553863	0.000473261153699401	0.000735171589048884
c_y_sp_avg6	0.000343993636997331	0.000566995561660418	0.000588137271239107
mcuenta_corriente_rank_delta1	0.00034394982226708	0.00115339791889724	0.000548928119823167
Visa_fultimo_cierre	0.000343645395961766	0.000326951849908191	0.000715567013340914
rf_046_015	0.000342151056049546	0.000761687605244528	0.000597939559093092
vm_mpagominimo_rank_lag1	0.000341722538773436	0.00130081278644332	0.000666555574070988
rf_023_016	0.000341215349970676	0.00062694025573016	0.000617544134801063
Master_mpagospesos_rank_delta2	0.00034087431611984	0.00101123851210444	0.000627346422655048
atm_ratio_eme_lag1	0.000340224017203186	0.000329211768298889	0.000882205906858661
vmr_msaldototal_delta2	0.000339633667001262	0.000501776603049601	0.000558730407677152
seguros_ratio_01_tend12	0.000337459133110185	0.00152329286969199	0.000646950998363018
vm_mconsumospesos_rank_delta3	0.000336835517832397	0.000601841553589089	0.000715567013340914
vm_mpagominimo_rank_delta3	0.000336731539739222	0.000439062803809212	0.000735171589048884
internet_avg6	0.000336707468526679	0.000414537320293888	0.000343080074889479
rf_006_024	0.000336612408758188	0.000268615176596587	0.000215650332787673
vm_cconsumos_avg12	0.000334429592561393	0.000396067052316836	0.000499916680553241
vmr_msaldopesos2	0.000334368815501273	0.000317181203836807	0.000676357861924973
ccallcenter_transacciones_tend6	0.000333719573812728	0.00146268182876328	0.000509718968407226
rf_036_017	0.000332644391624489	0.000318860481053946	0.000490114392699256
active_quarter_lag2	0.000332406190862891	0.000745108899352058	0.000607741846947077
mcaja_ahorro_rank_avg12	0.000331689661812621	0.00149069175312378	0.000597939559093092
ccomisiones_otras_delta2	0.000330240028641051	0.000523701126844061	0.000686160149778958
mpasivos_margen_rank_avg6	0.000330149412137227	0.000781343996362044	0.000539125831969182
visitas_avg6	0.00032860134745285	0.000562972837647863	0.000578334983385122
thomebanking_tend6	0.000327184678350889	0.00278662238348514	0.000578334983385122
mttarjeta_visa_debitos_automaticos_rank_lag2	0.000326116180333845	0.000367464709673576	0.000676357861924973
vmr_msaldototal_delta3	0.00032524259535596	0.000383978295079903	0.000568532695531137
cliente_edad_tend12	0.000324740388424172	0.00154909889115595	0.000646950998363018
mautoservicio_rank_avg12	0.000323902743332169	0.000894479459795822	0.000666555574070988
mtarjeta_master_consumo_rank_tend12	0.000323806815933167	0.00106628976781955	0.000333277787035494
ccallcenter_transacciones_avg6	0.000321523799672136	0.000755184760589499	0.000450905241283316
Visa_mpagado_rank_tend6	0.000320386899923514	0.000545226911370024	0.000607741846947077
ccomisiones_otras_lag2	0.000319252657746735	0.000838274245314104	0.000715567013340914
m_e_sp_rank_lag2	0.000318755760847066	0.000592679853340257	0.000558730407677152
vmr_msaldopesos_lag1	0.000318586681311848	0.000410523305404099	0.000509718968407226
vmr_mpagospesos_avg12	0.000318079673629652	0.000584430235766646	0.000686160149778958
c_e_y_ratio_lag2	0.000317435606613528	0.000412713550812662	0.000617544134801063
mextraccion_autoservicio_rank_delta3	0.000317061157644261	0.0006066252372034	0.000558730407677152
mttarjeta_visa_debitos_automaticos_rank_delta2	0.000311477546032065	0.000736393739579636	0.000539125831969182
vm_msaldototal_rank_tend6	0.000311369042065927	0.000794959819102304	0.000568532695531137
vmr_mconsumospesos_lag1	0.000310721310671628	0.000428990703329329	0.000568532695531137
mttarjeta_visa_debitos_automaticos_rank	0.000309631215303014	0.000283703533855576	0.000509718968407226
c_e_sp_delta3	0.000309261489737322	0.000751379368776899	0.000568532695531137
vmr_msaldopesos_delta3	0.000308857931342109	0.000369569051462121	0.000597939559093092
Master_cconsumos_lag1	0.000308478578088642	0.00030190678804598	0.000666555574070988
vmr_msaldototal_avg6	0.000307486199832288	0.00042451114624073	0.000588137271239107
atm_ratio_c_avg6	0.000307470542929247	0.000925840120173575	0.000735171589048884
mtransferencias_recibidas_rank	0.000306019599177357	0.000704977162675028	0.000588137271239107
vm_mconsumototal_rank_tend6	0.000305671441107695	0.000370707769263889	0.000627346422655048
mpayroll_sobre_edad_rank_delta1	0.000304582753654553	0.00103178155130001	0.000254859484203613
c_seguros_avg12	0.000303469042554359	0.000481736218791909	0.000470509816991286
ctransferencias_recibidas_tend6	0.000301731849696984	0.00104565627250797	0.000568532695531137
vmr_Master_mlimitecompra_tend6	0.000300231268284562	0.0011954129044053	0.000607741846947077
ctarjeta_debito_transacciones_tend12	0.000299957089966157	0.00124766328644512	0.000568532695531137
Master_mconsumospesos_rank_delta2	0.000299111940044055	0.000737188842901329	0.000548928119823167
vmr_mpagospesos_delta3	0.000298659777461435	0.000334002082722579	0.000617544134801063
vm_mpagospesos_rank_lag3	0.000296993184695129	0.000293670036221911	0.000509718968407226
e_y_ratio_delta1	0.00029677049456319	0.000380306509127931	0.000666555574070988
ctarjeta_debito_transacciones_tend6	0.000296691327049388	0.00100387287049167	0.000529323544115197
vmr_msaldototal_tend6	0.000296065975597521	0.000672234126992643	0.000548928119823167
vm_mpagominimo_rank_delta1	0.000295414185483131	0.000871843657986299	0.000578334983385122
mcaja_ahorro_dolares_rank_tend6	0.000294720361832828	0.000850960468166305	0.000460707529137301
rf_013_019	0.000292016972537808	0.000460868962707886	0.000568532695531137
cproductos_avg12	0.000291773856787191	0.00076600485595429	0.000529323544115197
c_e_y_ratio_delta2	0.000291251337167595	0.000633516138255666	0.000646950998363018
m_ganchos_liviano_rank_delta3	0.000290539820107521	0.000735347160338049	0.000147034317809777
vm_mpagospesos_rank_delta2	0.000289552562008598	0.000683171597580179	0.000588137271239107
m_e_sp_rank_lag1	0.000289331098627905	0.000886261313824936	0.000539125831969182
Master_cconsumos_lag3	0.000287920438342499	0.000369778763179655	0.000705764725486929
seguros_ratio_01_tend6	0.000287509715756164	0.00101197176086103	0.000548928119823167
mcuenta_debitos_automaticos_rank_tend12	0.000287107579108411	0.000698390096844151	0.000352882362743464
c_e_y_ratio_delta1	0.000286962603960743	0.000856054711181098	0.000509718968407226
m_y_sp_rank_avg6	0.000285293091986151	0.000809453778732456	0.000450905241283316
vmr_msaldopesos2_delta1	0.000284955721502227	0.000464611114413122	0.000568532695531137
cajas_visitas_tend6	0.000283240203575972	0.0013745343230572	0.000392091514159405
m_e_sp_rank_avg6	0.000280638429267572	0.000578795433336482	0.000460707529137301
mpasivos_margen_rank_avg12	0.00027972296189321	0.000611505216004666	0.000499916680553241
mautoservicio_rank_tend6	0.000278108455297081	0.000248928798385907	0.000490114392699256
ctarjeta_visa_debitos_automaticos_avg12	0.000277961713205849	0.000240724013001085	0.000450905241283316
catm_trx_other_avg12	0.000277943037736702	0.000592337822337049	0.000499916680553241
mcaja_ahorro_dolares_rank_delta1	0.000277631000909154	0.000951400306853985	0.000362684650597449
m_ganchos_liviano_rank_tend6	0.000277048519066775	0.000427264515610015	0.000107825166393836
hb_cajas_tend12	0.000276591660972831	0.00112913618324752	0.000450905241283316
vm_mconsumospesos_rank_tend6	0.000276514531928906	0.000440410936426601	0.000558730407677152
vmr_msaldodolares_tend12	0.000276340538551039	0.00164540575625424	0.000372486938451435
rf_017_019	0.000275808321860189	0.000607278025541698	0.000558730407677152
c_e_sp_avg12	0.000275671953468742	0.000948084506295109	0.000519521256261211
rf_013_023	0.000275558819863025	0.000503969025738856	0.000529323544115197
c_e_sp_lag3	0.000275301712737037	0.000417277527011717	0.000617544134801063
c_e_y_ratio_delta3	0.000274396355716513	0.000462069535074759	0.000646950998363018
vmr_mpagospesos_delta2	0.000273364425928427	0.000440379860693092	0.00044110295342933
c_deb_aut_avg6	0.000273006217153941	0.000378649004717709	0.000509718968407226
m_e_sp_rank_lag3	0.00027267312709372	0.00102812461044366	0.000695962437632944
mtarjeta_master_consumo_rank_delta3	0.000271824618794973	0.000810935418243169	0.000431300665575345
ctarjeta_visa_transacciones_avg6	0.00027074059685587	0.000433334378309305	0.00038228922630542
atm_ratio_c_tend12	0.000270584428961301	0.000866325933876968	0.000450905241283316
rf_016_017	0.000267494799028362	0.000820890638336828	0.000519521256261211
Master_mpagospesos_rank_delta1	0.000266506939765138	0.000489098000679821	0.000617544134801063
mpayroll_rank_tend12	0.000266310112002572	0.000906749822035905	0.000343080074889479
m_tax_rank_tend6	0.000266071470313248	0.00100350995738728	0.000411696089867375
vm_mpagospesos_rank_delta1	0.000265414463798076	0.000410206807965367	0.000460707529137301
c_anclaje_pesado_avg12	0.00026541003783285	0.000835299684020002	0.00038228922630542
vm_mconsumospesos_rank_delta2	0.000264976302989487	0.000311296113094401	0.000499916680553241
Visa_cconsumos_delta1	0.00026424839635274	0.000474776541060836	0.000588137271239107
c_deb_aut_tend6	0.000262935260932341	0.00073392757332705	0.00042149837772136
atm_ratio_eme_avg12	0.000261667224890908	0.000668817082881601	0.000548928119823167
Master_mpagospesos_rank_delta3	0.000260843823875764	0.000581169461028887	0.000529323544115197
m_y_sp_rank_delta1	0.000259427322736599	0.000509347997687742	0.000509718968407226
ccajas_otras_tend12	0.000258754087907931	0.00234531153736173	0.000450905241283316
matm_rank_lag3	0.000258373586307751	0.000326130025414372	0.000509718968407226
m_deb_aut_rank_avg6	0.000258078422349236	0.000395905438709128	0.000568532695531137
c_e_y_ratio	0.000257906976213527	0.000304932416469033	0.000519521256261211
mcuenta_debitos_automaticos_rank_lag1	0.000257572112727502	0.000628629330710412	0.000343080074889479
ctransferencias_emitidas_tend6	0.000257331311665584	0.00123108072082779	0.000470509816991286
m_deb_aut_rank_delta1	0.000257175361449303	0.000881504054480839	0.000568532695531137
ctarjeta_debito_transacciones_lag3	0.00025639077907898	0.000327891247559363	0.000460707529137301
cajas_visitas_avg6	0.000255860072213128	0.00122181213589046	0.000372486938451435
Master_mconsumototal_rank_delta1	0.00025489320641557	0.000513047098615665	0.000460707529137301
rf_043_013	0.000254229758699886	0.0011204210234751	0.000499916680553241
cextraccion_autoservicio_tend12	0.000252201953597062	0.000846979211454197	0.00038228922630542
rf_021_017	0.000251240869751272	0.000959842019964989	0.000431300665575345
rf_016_023	0.000250085477170194	0.000503439550661552	0.00044110295342933
Master_mpagominimo_rank_delta1	0.000245054288558749	0.000663293519701324	0.000480312104845271
Master_mpagado_rank_tend6	0.000243961256092551	0.00128109810358365	0.000480312104845271
mcuenta_debitos_automaticos_rank_lag3	0.000243777711077208	0.000816091713757675	0.000509718968407226
cpayroll_trx_avg12	0.000243042523090867	0.00223557055349365	0.000431300665575345
ccaja_seguridad_avg12	0.000242930389747265	0.000428990307460113	7.8418302831881e-05
cpagomiscuentas_tend6	0.000242804664550927	0.000971646444137044	0.000225452620641658
vm_mpagominimo_rank_avg6	0.000242018448576122	0.000308557687788046	0.000431300665575345
mcuenta_debitos_automaticos_rank_delta2	0.000240915040311119	0.000845539830982363	0.000411696089867375
visitas_tend6	0.000238779035027348	0.000726509380075762	0.000450905241283316
c_e_sp_delta1	0.000236971770711508	0.000710851367013976	0.000372486938451435
vm_msaldototal_rank_lag3	0.000236063401237738	0.000304665006813169	0.000529323544115197
vmr_mconsumospesos_delta3	0.00023572500501548	0.000446131741444087	0.000558730407677152
ctrx_quarter_normalizado_lag1	0.000235670358749733	0.000776194232689613	0.00040189380201339
cprestamos_personales_delta1	0.000233692564400134	0.00122414865497458	0.000137232029955792
contactos_delta3	0.000233420405772127	0.000988932073483193	0.000313673211327524
catm_trx_avg12	0.00023289654387638	0.000395222663277667	0.000480312104845271
ctarjeta_master_transacciones_avg12	0.000232146643322264	0.000401569436494022	0.000333277787035494
mautoservicio_rank	0.000231939062125645	0.000504134795973339	0.000352882362743464
ccomisiones_otras_lag1	0.000231839386936138	0.000512154512499365	0.000392091514159405
vmr_mconsumosdolares_tend12	0.000230865867564311	0.00107194990587958	0.000519521256261211
rf_038_021	0.000230673842862405	0.000463296135842629	0.000392091514159405
rf_038_023	0.000230597062810101	0.00018572412131684	0.000166638893517747
vmr_mconsumosdolares_lag3	0.000229394411889109	0.00060663830088755	0.000490114392699256
ccuenta_debitos_automaticos_tend12	0.000229209001340049	0.00118630820932367	0.000333277787035494
vm_mconsumototal_rank_delta2	0.000228880385650293	0.000336809785141852	0.000470509816991286
atm_ratio_c_avg12	0.000228139966921867	0.000502189395675289	0.00042149837772136
mforex_sell_rank_avg6	0.000228105546565397	0.000757024067937479	0.000294068635619554
Master_fultimo_cierre_delta3	0.000225377626984421	0.000244324740428664	0.000499916680553241
vmr_msaldototal_lag1	0.000225059640645198	0.000428385221362424	0.000529323544115197
cajas_ratio_01_tend12	0.0002250460600983	0.00099343815380931	0.000352882362743464
vmr_mpagospesos_lag2	0.000224964941210202	0.000331225456036815	0.000460707529137301
vm_mconsumospesos_rank_lag3	0.000224272484119356	0.000253518901953263	0.00040189380201339
cproductos_avg6	0.000224239055934895	0.000924987516848159	0.00040189380201339
catm_trx_avg6	0.000222159434157219	0.000550611029618728	0.00038228922630542
c_e_y_ratio_lag1	0.000221056776545776	0.000620276094369336	0.000519521256261211
vmr_mconsumospesos_delta2	0.000220900392147772	0.00043792636225544	0.00044110295342933
m_pagos_rank_lag3	0.000220408684781715	0.000296202411600986	0.000499916680553241
Master_mconsumospesos_rank_delta1	0.000219751614049407	0.000576690794646026	0.000460707529137301
vm_mconsumospesos_rank_avg6	0.000219550707705541	0.000341750430900574	0.000362684650597449
atm_ratio_c_tend6	0.000219496672158208	0.0005367657017001	0.000333277787035494
Master_mconsumototal_rank_delta3	0.00021823103301391	0.000261533076310256	0.00044110295342933
c_anclaje_pesado_delta2	0.000217443074391247	0.000158413796829506	1.96045757079702e-05
ctransferencias_recibidas_lag3	0.000216983325285915	0.000396560998131943	0.00038228922630542
vmr_mpagosdolares_avg12	0.000216930742149219	0.000596369057537763	0.00044110295342933
rf_008_015	0.000216813986867291	0.000324837908291142	0.000539125831969182
mcuenta_debitos_automaticos_rank_lag2	0.000216793552612386	0.000843475274050095	0.00040189380201339
vmr_mpagado_tend12	0.000213634296075288	0.000937476200961239	0.000362684650597449
vmr_Visa_mlimitecompra_tend6	0.000213361258570612	0.000767962330263448	0.000284266347765568
Master_mpagominimo_rank_delta2	0.000212062074502294	0.000204162323887341	0.00044110295342933
rf_033_017	0.000210943116341845	0.000815580547631643	0.000411696089867375
mtarjeta_master_consumo_rank_avg12	0.000210009602224851	0.000621572269152036	0.000303870923473539
vm_status01_avg12	0.000209874957246102	0.00206461799509515	0.00040189380201339
mpagomiscuentas_rank_lag3	0.00020959522184413	0.000194498859406372	0.000411696089867375
vm_cconsumos_lag1	0.000208583317591324	0.000360065716079297	0.000215650332787673
p_e_ratio_avg12	0.000208548102136484	0.000782042111725652	0.000392091514159405
rf_015_019	0.000208284074911707	0.000111411947831675	7.8418302831881e-05
mcuenta_debitos_automaticos_rank_tend6	0.000207506217404709	0.00145516308473095	0.00042149837772136
cplazo_fijo_tend12	0.000207455142836336	0.00156106027747242	0.000186243469225717
m_pagos_rank_tend6	0.00020718589332937	0.000698655230252019	0.000343080074889479
m_y_sp_rank_lag2	0.000206639820446892	0.000267804832310051	0.000431300665575345
mautoservicio_rank_lag1	0.000205967662452146	0.000256635382361543	0.00038228922630542
vmr_mconsumospesos_tend6	0.00020569456858967	0.00132347451768653	0.000450905241283316
ctrx_quarter_normalizado_avg6	0.000205678669059455	0.000386055519827105	0.000372486938451435
mtransferencias_recibidas_rank_delta1	0.000205528995184729	0.000708150153413988	0.000450905241283316
cajas_ratio_04_avg6	0.000204260445641561	0.00118261257225139	0.000235254908495643
cforex_sell_avg12	0.000203027242958224	0.000578957937649928	0.000284266347765568
contactos_delta2	0.000202896310170518	0.000369936418095196	0.000166638893517747
Visa_fultimo_cierre_delta1	0.000201900720649792	0.00017546952512807	0.000450905241283316
Master_msaldototal_rank_delta1	0.00020162554417513	0.000522995489965336	0.00040189380201339
c_pagos_avg6	0.000201431729850281	0.00101986618477998	0.000392091514159405
Master_msaldopesos_rank_delta1	0.000200978515299949	0.00034485731148035	0.000460707529137301
m_pagos_rank	0.000200199143453653	0.000377114021830049	0.000196045757079702
cproductos_delta2	0.000198930918022489	0.0007232603824472	0.000127429742101807
mv_status07_rank	0.000198790017682037	0.000240281827086058	0.000137232029955792
m_y_sp_rank_lag3	0.000197763272154621	0.000374771960576891	0.00044110295342933
ctrx_quarter_avg6	0.000197758763147041	0.000645403892897832	0.000392091514159405
mtarjeta_visa_consumo_rank_lag1	0.000196490923658806	0.000317641896637714	0.00038228922630542
vm_mpagado_rank_tend6	0.000195286915812862	0.000417548994327053	0.000264661772057598
m_pagos_rank_lag2	0.000194347801226589	0.00038090209436442	0.000313673211327524
Master_cconsumos_delta3	0.000194295342607096	0.000186232318423748	0.00042149837772136
cajas_ratio_02_tend12	0.000194219062516372	0.00102343375816066	0.000284266347765568
ctrx_quarter_lag1	0.000193569635144652	0.000847142012669554	0.000333277787035494
matm_other_rank_avg6	0.00019215180767002	0.000574899288505959	0.000352882362743464
vm_status_SP_avg12	0.000191569247937267	0.00114340014286279	0.000225452620641658
rf_016_021	0.000190317621745902	0.000531913433744	0.000313673211327524
ccajas_consultas_tend12	0.000189740125000039	0.00140588142491429	0.00038228922630542
cajas_visitas_tend12	0.000185924713101437	0.000783387077389308	0.000372486938451435
ctarjeta_master_transacciones_tend6	0.000185667675390136	0.00101621211397545	0.000264661772057598
ccomisiones_otras	0.000185584315339452	0.000339101966873709	0.000215650332787673
m_tax_rank	0.000185463796983261	0.000282508602625041	0.000264661772057598
atm_ratio_eme_tend12	0.000183712833383387	0.000490485819186182	0.00038228922630542
ctarjeta_visa_transacciones_avg12	0.000183595414674775	0.000295335952852987	0.000343080074889479
mtransferencias_emitidas_rank_delta2	0.000183587325012057	0.000746066012150676	0.000352882362743464
vm_mpagospesos_rank_lag2	0.000183389428331483	0.000303268875053257	0.000323475499181509
rf_008_017	0.000181900867260156	0.000539541437680127	0.000392091514159405
ctarjeta_visa_debitos_automaticos_tend6	0.000181791018508457	0.000727299930901464	0.000274464059911583
rf_032_023	0.000181381470240001	0.000253128376971012	0.000274464059911583
Master_mpagosdolares_rank_delta3	0.000181072429096477	0.000113498673440078	0.000411696089867375
mv_status07_rank_avg6	0.000180325263853417	0.000407750439475893	0.000166638893517747
vm_cconsumos_delta2	0.000180301484491818	0.000294218513021615	5.88137271239107e-05
ccallcenter_transacciones_delta2	0.000179678098394222	0.000376567029539907	0.000156836605663762
matm_rank_delta2	0.00017930240861334	0.000659434784511777	0.000431300665575345
rf_016_024	0.000178998652800986	0.000522946105280556	0.000313673211327524
rf_002_026	0.000178920771639497	0.000133884255654711	0.000196045757079702
vm_msaldopesos_rank_lag2	0.000178559807219045	0.000387982116337362	0.000411696089867375
cprestamos_personales_avg12	0.000178269106430935	0.000680000388252693	0.000303870923473539
Visa_mpagado_rank_delta2	0.000178260176510504	0.00116665894385205	0.000323475499181509
m_deb_aut_rank_lag1	0.000177865767843853	0.000601415103475425	0.000411696089867375
ctarjeta_visa_debitos_automaticos_delta3	0.000177860887038625	0.000279324428580709	0.000264661772057598
ccajas_depositos_avg12	0.000177678672318563	0.00133344626531999	0.000323475499181509
ccomisiones_otras_delta1	0.000177265290964439	0.000712186732849127	0.000372486938451435
matm_other_rank_lag3	0.000176171377911825	0.000268412491557649	0.000372486938451435
Visa_mpagado_rank_delta3	0.000175910079016212	0.00035553469599253	0.000264661772057598
c_e_sp_lag1	0.000172786621369413	0.000260636630469094	0.000362684650597449
vmr_msaldototal_delta1	0.000172771901302249	0.000245724435011525	0.000313673211327524
Visa_mpagosdolares_rank_delta3	0.000172701744694568	0.000237971633304842	0.000372486938451435
rf_009_013	0.000170136368232069	0.000857474793028618	0.000343080074889479
rf_032_021	0.000166832034050054	0.000755595771803713	0.000313673211327524
mtarjeta_visa_consumo_rank_avg6	0.000166538598279176	0.000119022929391484	0.000274464059911583
cprestamos_personales_delta2	0.00016644105145886	0.000344500930218038	4.90114392699256e-05
catm_trx_tend12	0.000165845977958161	0.000236582231321614	0.000284266347765568
rf_047_015	0.000165275892562204	0.000422889863863834	0.000480312104845271
Visa_mpagado_rank	0.000164061224854346	0.000648780162479556	0.000264661772057598
tcallcenter_avg6	0.000163258163913439	0.000486277729412918	0.000264661772057598
c_anclaje_pesado_tend6	0.000162110198737557	0.00132908824008091	0.000264661772057598
mtarjeta_master_consumo_rank	0.000162087337179917	0.000744849506047831	0.000137232029955792
rf_035_021	0.000161566633962993	0.000379163535732084	0.000274464059911583
c_e_sp_lag2	0.000160472195735272	0.000275268847423169	0.000362684650597449
matm_other_rank_tend6	0.000159868937783862	0.00076319626282928	0.000245057196349628
vm_mconsumospesos_rank_lag2	0.000155960517147114	0.000259353024534023	0.000343080074889479
vmr_msaldodolares_avg6	0.00015587890147909	0.000961309309216598	0.000313673211327524
vm_mpagospesos_rank_avg6	0.000155397962861718	0.000960573289375493	0.000362684650597449
ctarjeta_debito_transacciones_delta2	0.000154463630577702	0.000804938989283572	0.000333277787035494
vm_mconsumosdolares_rank_lag2	0.00015422379216192	0.00050598528662669	0.000343080074889479
vm_mconsumosdolares_rank_lag1	0.000154050743837116	0.000450693342427843	0.000254859484203613
ctarjeta_visa_debitos_automaticos_avg6	0.000154050321459089	0.000605342818875978	0.000294068635619554
cextraccion_autoservicio_avg6	0.000153732373370161	0.000840593742021912	0.000323475499181509
rf_017_015	0.00015356470263051	0.000630051886740536	0.000186243469225717
mcuenta_debitos_automaticos_rank_delta1	0.000152937340668715	0.0007106525416999	0.000254859484203613
ctarjeta_debito_avg6	0.000151978284206987	0.000700864477382983	0.000245057196349628
mpayroll_rank_lag2	0.000150516892746832	0.000285426653588462	0.000205848044933688
rf_022_025	0.0001503385173155	0.000144668722790001	0.000450905241283316
mpayroll_rank_lag1	0.000148399553062356	0.000243265691306752	0.000215650332787673
rf_032_024	0.000147913599643736	0.000232015187136129	0.000313673211327524
cajas_ratio_04_avg12	0.000147807069663572	0.00138871435839853	0.000333277787035494
matm_rank_delta3	0.000146826828022581	0.00019774300763703	0.000303870923473539
cajas_ratio_03_tend6	0.000145014723656694	0.000816709368702994	0.000205848044933688
mcuenta_debitos_automaticos_rank_avg6	0.000145008073697608	0.000305641220301491	0.000303870923473539
rf_025_021	0.00014497448570129	0.000545154071434156	0.000235254908495643
vm_cconsumos_delta3	0.000144665088347134	0.000254680877071511	0.000176441181371732
rf_046_023	0.000144360615193672	0.000589452529551308	0.000225452620641658
rf_037_024	0.000144274969874089	0.000567586990270132	0.000294068635619554
p_e_ratio_tend12	0.000143922907667993	0.00094616830135179	0.000205848044933688
vmr_msaldodolares2_tend12	0.000143334797413311	0.00068789501010625	0.000235254908495643
rf_049_022	0.000142571564990888	0.00025218492166037	0.000225452620641658
rf_001_019	0.00014084127048943	0.000340198821505814	0.000127429742101807
vm_cconsumos_lag2	0.000140394329545853	0.000200816536235301	0.000235254908495643
mpagomiscuentas_rank_lag2	0.000140183520564559	0.000293452704021956	0.000333277787035494
Visa_mpagado_rank_delta1	0.000140019436653151	0.00076625078970515	0.000254859484203613
ccomisiones_mantenimiento_delta1	0.00013991711955361	0.00160933128317891	0.000166638893517747
p_y_ratio_avg12	0.000137879346644167	0.000645920601192898	0.000274464059911583
cseguro_vida_avg12	0.000137377973907289	0.000975786048535823	0.000254859484203613
rf_006_026	0.000137190754812181	0.000118979581712258	0.000352882362743464
cextraccion_autoservicio_tend6	0.000137081450180436	0.000214109131760145	0.000235254908495643
rf_049_017	0.000135405182966956	0.000981029831147215	0.000333277787035494
vmr_mpagospesos_delta1	0.00013484250614522	0.000282899028639987	0.000333277787035494
vm_status06_delta3	0.000133881559340417	0.000232416895423751	7.8418302831881e-05
c_ganchos_liviano_tend12	0.000133255491931053	0.000846387980779091	0.000156836605663762
ctarjeta_debito_transacciones_delta3	0.000133230805274078	0.000218853228452788	0.000294068635619554
ccheques_depositados_avg12	0.000133104175663168	0.00129353819475038	0.000186243469225717
c_p_sp_tend12	0.000133079171344363	0.000777707739672269	0.000254859484203613
cproductos_lag3	0.00013306302443968	0.00039537893265095	0.000176441181371732
mpayroll_sobre_edad_rank_lag1	0.000132974658586969	0.00059677611005981	0.000176441181371732
rf_010_020	0.000132255541910649	0.000311368854062965	0.000156836605663762
catm_trx_tend6	0.000132208491273217	0.00092992361011089	0.000264661772057598
vmr_mconsumospesos_delta1	0.000131440055727601	0.000646604663199314	0.000343080074889479
rf_011_015	0.000130722640996848	0.000429502859128404	0.000245057196349628
mautoservicio_rank_delta1	0.000129648692025171	0.000255184422715122	0.000225452620641658
contactos_delta1	0.000128177486195473	0.000397798485303272	8.82205906858661e-05
ccajas_depositos_tend12	0.000127759585145978	0.000827618534641537	0.000235254908495643
c_p_sp_avg12	0.000127724888811944	0.000511019159585939	0.000186243469225717
mv_status07_rank_tend6	0.000127145561975682	0.00182236503621196	0.000303870923473539
ctarjeta_visa_transacciones_delta1	0.000127113875432047	0.00103801569972422	0.000137232029955792
vmr_msaldopesos_delta1	0.000125276460474204	0.000167925049596663	0.000284266347765568
ctarjeta_master_transacciones_avg6	0.000123569732418991	0.000418315496097841	0.000186243469225717
c_pagos_delta2	0.00012305964179694	0.000537456097613983	9.80228785398512e-05
cpayroll_trx_tend6	0.000123056208342222	0.00132096322234325	0.000205848044933688
vm_mconsumospesos_rank_lag1	0.000123000872352588	0.000207595796570874	0.000274464059911583
c_anclaje_pesado_delta3	0.000122302423674743	0.000990200438453422	0.000137232029955792
rf_028_025	0.000118886085726229	0.000244954172483178	0.000205848044933688
rf_011_019	0.000117164603009339	0.00022845859912621	0.000215650332787673
ccajas_otras_avg12	0.000116787798143529	0.00125414465519515	0.000235254908495643
catm_trx_other_avg6	0.000116383438984439	0.000228748969196642	0.000166638893517747
m_inversiones_rank_tend6	0.000116375536710626	0.000638080411356634	0.000127429742101807
mpayroll_sobre_edad_rank_avg6	0.000116342070737582	0.000421736597868354	0.000205848044933688
cprestamos_personales_tend6	0.000115325945492384	0.00123959487800544	0.000186243469225717
cproductos_lag2	0.000114485682393607	0.000192211329137811	0.000117627454247821
rf_002_021	0.000114454714820102	0.000565321430743096	0.000186243469225717
Visa_msaldodolares_rank	0.000112974489029457	0.000288025831897851	0.000166638893517747
ctarjeta_visa_transacciones_lag1	0.000112908501687352	0.000294630810810783	0.000215650332787673
mv_status07_rank_delta3	0.000112644244723418	0.00101439388666326	0.000235254908495643
mpayroll_rank	0.000110998935576203	0.0015197179727308	0.000205848044933688
ctransferencias_recibidas_delta3	0.000110451958464649	0.000429126585437953	0.000225452620641658
rf_015_020	0.000110328976923674	0.000134629578422407	0.000127429742101807
vmr_mpagado_tend6	0.000109136283958839	0.000267214294406075	0.000205848044933688
rf_034_019	0.000108137637181279	0.000343585185752563	0.000245057196349628
contactos_lag3	0.000107337947828099	0.000475364109945687	0.000186243469225717
cforex_sell_tend12	0.000107284290789427	0.00109483876708586	0.000245057196349628
rf_047_020	0.000104808378701428	0.000228354881391441	0.000176441181371732
matm_rank_lag1	0.000104563946492363	0.00037243791567537	0.000225452620641658
rf_041_017	0.000104280650022521	0.00057603949081729	0.000235254908495643
rf_042_021	0.000104213880309133	0.000647670442097909	0.000186243469225717
ctransferencias_recibidas_delta2	0.000102789008922424	0.000623968267585967	0.000215650332787673
mv_status07_rank_lag2	0.000101768937893328	0.000701735587594278	0.000225452620641658
catm_trx_other_tend6	0.000101481054738665	0.000276008726989136	0.000137232029955792
ctarjeta_debito_delta2	9.79433796810924e-05	0.00117588685322737	0.000137232029955792
mplazo_fijo_dolares_rank_delta1	9.76704592290864e-05	0.00070758970157048	9.80228785398512e-05
mplazo_fijo_dolares_rank_tend6	9.69299139023421e-05	0.000169848578120491	0.000107825166393836
Visa_mpagado_rank_lag1	9.66443505433911e-05	0.000183284082432555	0.000156836605663762
rf_038_008	9.50471818916346e-05	0.000998530120576106	0.000186243469225717
m_tax_rank_delta1	9.43430903814643e-05	0.000342140164144392	0.000176441181371732
rf_008_024	9.39533628061153e-05	0.000420560569392914	0.000156836605663762
vmr_mpagosdolares_avg6	9.38450291722607e-05	0.000541566902527248	0.000166638893517747
vm_status04_tend12	9.3653951689805e-05	0.000451890055069854	0.000117627454247821
mforex_sell_rank_tend6	9.33904842733146e-05	0.00102457564291616	0.000176441181371732
ccomisiones_mantenimiento_delta3	9.29913276958206e-05	0.000737714557221075	0.000107825166393836
c_seguros_tend12	9.2540701996478e-05	0.00118413073069734	0.000225452620641658
ccuenta_debitos_automaticos_avg6	9.18730465317273e-05	0.00106083003855046	0.000254859484203613
ccajeros_propios_descuentos_tend12	9.18399126037328e-05	0.00118001141459592	0.000166638893517747
rf_048_015	8.91595600053095e-05	0.000340314613251691	0.000196045757079702
ccomisiones_mantenimiento_lag3	8.88956698045948e-05	0.000711941293934788	0.000117627454247821
ctarjeta_master_debitos_automaticos_tend12	8.76490873037804e-05	0.000773475501876788	0.000147034317809777
atm_ratio_eme_delta1	8.72561912585493e-05	0.000226141774535615	0.000176441181371732
Master_msaldodolares_rank_avg6	8.67231267567011e-05	0.000499355170018499	0.000156836605663762
mpagomiscuentas_rank_delta3	8.67159541157105e-05	0.000216408933974423	0.000147034317809777
Visa_status_avg12	8.58762420242675e-05	0.000474705086667226	0.000186243469225717
Visa_mpagado_rank_lag3	8.58391653710461e-05	0.000484569058906441	0.000235254908495643
ccomisiones_mantenimiento_delta2	8.57667581059047e-05	0.00044760576047238	6.86160149778958e-05
ctarjeta_debito_transacciones_delta1	8.38415401733932e-05	0.00105331564907952	0.000147034317809777
cforex_buy_avg12	8.38404141930542e-05	0.0014731158526745	0.000196045757079702
c_y_sp_delta3	8.32790509134971e-05	8.7007699263958e-05	0.000117627454247821
rf_025_022	8.31985827204465e-05	0.000314810145163528	0.000176441181371732
m_pagos_rank_delta1	8.30099198131935e-05	0.000173639520706682	0.000127429742101807
cajas_visitas_delta3	8.26191007843196e-05	0.000415897922791602	9.80228785398512e-05
cmobile_app_trx	8.12446489720084e-05	0.000884243370492932	0.000176441181371732
vm_mconsumosdolares_rank_delta2	8.10314866498325e-05	0.000516250670251614	0.000166638893517747
catm_trx_delta2	8.10250826028046e-05	0.000417850250800943	0.000127429742101807
rf_018_023	7.93026485029351e-05	0.000361046284129003	0.000186243469225717
Visa_msaldodolares_rank_lag3	7.87946753900859e-05	8.54627206785765e-05	0.000137232029955792
rf_030_019	7.83838845625175e-05	0.00027050584797543	0.000147034317809777
rf_006_019	7.77314033279361e-05	0.000313215583958758	9.80228785398512e-05
rf_039_019	7.75639855141236e-05	0.000551796657922672	0.000156836605663762
active_quarter_tend12	7.6083089903285e-05	0.00168345512188425	0.000254859484203613
contactos_lag2	7.46900233314745e-05	0.000192522482342118	0.000117627454247821
rf_008_019	7.33892162659436e-05	0.000314708109872929	0.000166638893517747
cpagodeservicios_avg12	7.33822218103938e-05	0.000757851236665723	0.000156836605663762
p_y_ratio_tend6	7.21619176001268e-05	0.00199821766377447	0.000245057196349628
rf_001_020	7.14892282951227e-05	0.000223873641858671	0.000137232029955792
mpayroll_sobre_edad_rank_lag2	6.98302766174359e-05	0.000342116609926	0.000117627454247821
ctarjeta_debito_transacciones_lag1	6.91198468293665e-05	0.000181974250161879	0.000156836605663762
mv_status07_rank_delta1	6.89265069954059e-05	0.000670016170738913	0.000166638893517747
c_ganchos_liviano_avg6	6.85751817675422e-05	0.00105903882931231	0.000127429742101807
rf_047_026	6.85576373392815e-05	0.000167092041797473	0.000127429742101807
mtarjeta_visa_descuentos_rank_lag3	6.83079117661862e-05	0.000171677592868837	0.000137232029955792
cextraccion_autoservicio_lag3	6.79700336132732e-05	0.000150827260193827	0.000147034317809777
rf_032_022	6.68219664035642e-05	0.00054938423091625	0.000107825166393836
estado_avg12	6.6692924940577e-05	0.000751317118342576	0.000137232029955792
vm_status_SP_avg6	6.64352463845259e-05	0.000576396861752644	0.000107825166393836
c_pagos_tend6	6.6355386472701e-05	0.000181541070271531	7.8418302831881e-05
vmr_mpagado_lag3	6.5992327408599e-05	0.000150528378935236	0.000147034317809777
ccajas_depositos_tend6	6.54684873967592e-05	0.00044094100530773	0.000107825166393836
mttarjeta_master_debitos_automaticos_rank_lag3	6.44621075357663e-05	0.000419777045245808	0.000137232029955792
rf_049_023	6.34871362437053e-05	0.000119517370043112	5.88137271239107e-05
rf_028_023	6.19055777062216e-05	0.000532764651527158	0.000176441181371732
cajas_visitas_lag1	6.18713303561705e-05	0.000588099844437926	9.80228785398512e-05
vm_mconsumosdolares_rank_tend6	6.13286690332433e-05	0.000281353753152693	0.000127429742101807
vm_mpagado_rank_lag2	6.04759278084343e-05	0.000388296832364619	0.000107825166393836
ccallcenter_transacciones_delta1	6.04154846259918e-05	0.000612914609383337	6.86160149778958e-05
ctarjeta_master_debitos_automaticos_avg12	6.02814295987919e-05	0.00038978530061932	8.82205906858661e-05
vmr_mpagado_delta3	5.92380624480966e-05	0.000407950452397619	0.000127429742101807
rf_031_021	5.76827293954448e-05	0.000363395965864582	0.000137232029955792
visitas_delta3	5.76692769362575e-05	0.000615150874588338	0.000107825166393836
vm_mpagado_rank_delta3	5.74381167675116e-05	0.000154982105557448	9.80228785398512e-05
vm_mpagado_rank_lag1	5.66851961166319e-05	0.000199951561996864	9.80228785398512e-05
mttarjeta_master_debitos_automaticos_rank_avg6	5.60952887751236e-05	0.000942957208200724	0.000137232029955792
mpayroll_rank_avg6	5.53143860671049e-05	0.000211970943153575	9.80228785398512e-05
rf_007_022	5.19982533994126e-05	0.000246518449692872	0.000127429742101807
cseguro_vida_tend12	5.03049865366399e-05	0.00058401110923349	0.000117627454247821
active_quarter_delta3	5.01921294839342e-05	0.000177499245569271	9.80228785398512e-05
ctransferencias_emitidas_delta2	4.89274871575333e-05	0.000357599945695928	5.88137271239107e-05
rf_033_018	4.86643871469652e-05	0.000315063402494896	0.000127429742101807
vm_msaldodolares_rank_delta3	4.85781548715419e-05	0.000336563851390992	8.82205906858661e-05
c_p_sp_tend6	4.74154115994322e-05	0.00080294153218353	0.000127429742101807
mforex_buy_rank_avg6	4.69171895358944e-05	0.000642673187041202	0.000127429742101807
mextraccion_autoservicio_rank_delta1	4.64589646878569e-05	0.000491873934594456	0.000137232029955792
vmr_mconsumosdolares_delta1	4.64299744853073e-05	0.000384613071368843	0.000117627454247821
c_y_sp_lag3	4.63049138962916e-05	0.000210894574753434	7.8418302831881e-05
rf_030_018	4.60721764952856e-05	0.000434074356842576	0.000127429742101807
catm_trx_other_delta3	4.57339656346291e-05	0.000283605160355233	6.86160149778958e-05
ccajeros_propios_descuentos_delta2	4.47377942016856e-05	8.62994892353249e-05	6.86160149778958e-05
vmr_mconsumosdolares_delta3	4.45571883634625e-05	0.000184279693512494	8.82205906858661e-05
cproductos_lag1	4.45503322859678e-05	0.000361992510524162	9.80228785398512e-05
c_deb_aut_lag1	4.33032461675643e-05	0.000303785781282932	6.86160149778958e-05
ctarjeta_debito_tend6	4.28495373591176e-05	0.00026374707387182	7.8418302831881e-05
rf_049_012	4.17520888961347e-05	0.00087650343453579	0.000117627454247821
cforex_sell_tend6	4.13432293360706e-05	0.00103037215792134	0.000117627454247821
vmr_mpagosdolares_delta2	3.98920709255607e-05	0.000276514350946136	5.88137271239107e-05
c_p_sp_lag3	3.98715900933062e-05	0.000494869476957041	5.88137271239107e-05
c_deb_aut_lag2	3.93316863796351e-05	0.000108447481202599	6.86160149778958e-05
mttarjeta_master_debitos_automaticos_rank_delta3	3.88177213074398e-05	0.000234719864591763	7.8418302831881e-05
mtarjeta_master_descuentos_rank_delta1	3.85025338742513e-05	0.00010412320381424	9.80228785398512e-05
mcajeros_propios_descuentos_rank_delta3	3.73785579860619e-05	8.76399024029892e-05	8.82205906858661e-05
vm_mpagado_rank_lag3	3.73480675595878e-05	0.000288795104753156	9.80228785398512e-05
mcajeros_propios_descuentos_rank_delta2	3.71200164627561e-05	0.000166599778426536	6.86160149778958e-05
ccomisiones_mantenimiento	3.66499326018541e-05	0.00272410473744162	0.000245057196349628
catm_trx_lag2	3.56793527482046e-05	0.000286802793952931	9.80228785398512e-05
ctransferencias_emitidas_delta3	3.35362200806488e-05	0.000307160071518572	6.86160149778958e-05
ccajeros_propios_descuentos_avg6	3.22465257071998e-05	0.000515256642648541	5.88137271239107e-05
matm_other_rank_delta1	3.19293527113992e-05	0.000221086920507881	7.8418302831881e-05
c_y_sp_delta1	3.15776952814238e-05	0.000638663427745493	8.82205906858661e-05
cprestamos_personales_lag3	3.1280988020859e-05	0.000452696836533439	7.8418302831881e-05
visitas_lag3	3.1199293042712e-05	0.000182649009241703	5.88137271239107e-05
visitas_delta2	3.06898451610013e-05	0.000297956211198164	4.90114392699256e-05
vm_status06_delta1	3.0635445186529e-05	0.00015651976056232	2.94068635619554e-05
c_deb_aut_lag3	3.06147052677692e-05	0.000176693156876815	8.82205906858661e-05
c_p_sp_delta2	3.04851036579972e-05	0.000265140434547215	3.92091514159405e-05
rf_004_027	3.00387877174557e-05	0.000325330864433208	6.86160149778958e-05
ccuenta_debitos_automaticos_lag2	2.92506733771689e-05	2.40399499210715e-05	1.96045757079702e-05
vm_mconsumosdolares_rank_delta1	2.91584163757759e-05	9.2843801190801e-05	5.88137271239107e-05
ccallcenter_transacciones_lag1	2.83577278436744e-05	0.000523779113079746	7.8418302831881e-05
m_tax_rank_delta3	2.80113874076782e-05	0.000136298958909129	7.8418302831881e-05
rf_011_016	2.79784290586886e-05	0.000382999013605151	5.88137271239107e-05
cseguro_vida_lag2	2.79575745921454e-05	0.000285360345494669	5.88137271239107e-05
rf_015_011	2.76044656872721e-05	6.38214413086479e-05	0.000186243469225717
ctarjeta_visa_debitos_automaticos_delta2	2.71452574967388e-05	0.000134987048325065	4.90114392699256e-05
c_deb_aut_delta1	2.56810868777718e-05	0.000236945639262522	4.90114392699256e-05
c_pagos_delta3	2.5640249103596e-05	0.000112722373906176	1.96045757079702e-05
mcaja_ahorro_adicional_rank_tend6	2.49167715319783e-05	0.000630434494338453	6.86160149778958e-05
ccajas_otras_delta2	2.43268577590046e-05	0.000128662740686757	3.92091514159405e-05
vm_cconsumos	2.37539062651252e-05	0.000219644867918836	5.88137271239107e-05
visitas_lag1	2.27068145512787e-05	0.000594841992034436	6.86160149778958e-05
vm_msaldodolares_rank_delta1	2.05338803348906e-05	0.000384925016311583	4.90114392699256e-05
tcuentas_tend12	2.0045507078938e-05	0.000256643200778573	4.90114392699256e-05
ctarjeta_master_descuentos_tend12	1.97478585226401e-05	0.000236769972297622	3.92091514159405e-05
cpayroll_trx_avg6	1.97257934512134e-05	0.000520710730781292	6.86160149778958e-05
ctarjeta_visa_descuentos_tend12	1.96592056467466e-05	0.000165027781767117	3.92091514159405e-05
rf_033_025	1.92431587548709e-05	0.000314365880935113	4.90114392699256e-05
mcaja_ahorro_adicional_rank	1.84752802418574e-05	0.000416598611305118	3.92091514159405e-05
vmr_msaldodolares2	1.77935629196498e-05	9.41905482659321e-05	2.94068635619554e-05
ctransferencias_recibidas_delta1	1.73597260529352e-05	0.000151694906549476	3.92091514159405e-05
ctarjeta_debito_transacciones	1.69635788544874e-05	7.13296948067295e-06	1.96045757079702e-05
mcaja_ahorro_adicional_rank_lag1	1.64112258599838e-05	0.000209020727816299	3.92091514159405e-05
vm_cconsumos_delta1	1.62264051778487e-05	4.86573740619688e-05	3.92091514159405e-05
c_p_sp_delta3	1.47373118858371e-05	0.000252151767613473	2.94068635619554e-05
cextraccion_autoservicio_delta1	1.47082764599309e-05	0.000191047770542696	3.92091514159405e-05
ccheques_depositados_avg6	1.27109467034877e-05	0.000127856256125084	1.96045757079702e-05
mcheques_depositados_rank_lag3	1.23450828434835e-05	0.000191793687114218	3.92091514159405e-05
mcajeros_propios_descuentos_rank_tend6	1.13488948241293e-05	0.000297963435811368	3.92091514159405e-05
cseguro_vivienda_tend12	1.04805689401104e-05	0.000652370696274805	6.86160149778958e-05
catm_trx_delta1	1.02513563883307e-05	9.52960130534992e-05	1.96045757079702e-05
hb_cajas_lag2	9.90416422321932e-06	0.00010569995090426	2.94068635619554e-05
ccuenta_debitos_automaticos	7.49403634501274e-06	0.000217928378995329	1.96045757079702e-05
ctransferencias_emitidas	6.96210778381247e-06	0.000544820947488323	4.90114392699256e-05
m_p_sp_rank_delta2	6.78880680396828e-06	2.53801651541274e-05	9.80228785398512e-06
p_y_ratio_delta3	6.77298675312548e-06	0.000114324753527976	1.96045757079702e-05
c_p_sp_lag1	6.37387174320777e-06	0.000277052535146206	2.94068635619554e-05
cpayroll_trx_lag1	6.31696769461459e-06	0.00015081380064046	2.94068635619554e-05
p_y_ratio_lag1	6.30331538610312e-06	2.5429747773516e-05	9.80228785398512e-06
hb_cajas	5.75858272512559e-06	0.000249342481717333	2.94068635619554e-05
cpayroll_trx	5.60709125058378e-06	0.000108964189497665	9.80228785398512e-06
rf_021_026	5.59355132346738e-06	2.1688387806713e-05	9.80228785398512e-06
m_inversiones_rank_lag1	4.87391502917253e-06	8.43221224980293e-06	9.80228785398512e-06
c_pagos	4.62010137761719e-06	0.000326892568492994	2.94068635619554e-05
cajas_visitas	4.34259149961545e-06	1.31704698714998e-05	9.80228785398512e-06
visitas	3.94883667604458e-06	0.000299225367906826	2.94068635619554e-05
c_anclaje_pesado	3.48515422188471e-06	0.000435856757990659	3.92091514159405e-05
ctarjeta_master_transacciones	2.61482199146576e-06	0.000217928378995329	1.96045757079702e-05
ccomisiones_mantenimiento_lag2	2.24921464538082e-06	2.74683752720922e-06	9.80228785398512e-06
catm_trx	2.17016259330735e-06	0.000216937617313294	1.96045757079702e-05
ccuenta_debitos_automaticos_lag3	1.25891818681313e-06	6.25330849429765e-05	9.80228785398512e-06
