Feature	Gain	Cover	Frequency
rf_033_015	0.249864472093851	0.0112470836686855	0.0101010101010101
m_e_sp_rank	0.0811074523454681	0.00681733253657822	0.00310800310800311
Visa_status_avg12	0.0468115023421112	0.00306644165424152	0.00194250194250194
mcuenta_corriente_rank	0.0301708270181223	0.00678361046221642	0.00543900543900544
c_e_sp	0.0281917917589202	0.000635629811292861	0.000194250194250194
rf_019_016	0.0272456257438203	0.00227912254899255	0.00388500388500389
rf_043_019	0.0234671202463253	0.00499107368401412	0.00233100233100233
cdescubierto_preacordado	0.0219907794181665	0.0103354145585559	0.00485625485625486
rf_021_024	0.0196892037611808	0.00191700801905525	0.00213675213675214
m_y_sp_rank	0.0157225294042583	0.00179692494308664	0.000582750582750583
vm_status06_delta2	0.015301104173118	0.00293682365770591	0.000971250971250971
rf_024_023	0.0140885197636948	0.000635629811292861	0.000194250194250194
rf_005_016	0.0128696675784167	0.00224694363536432	0.00291375291375291
vm_status_SP_tend12	0.0128067668752339	0.00205683754834631	0.000777000777000777
rf_005_021	0.0116759401251494	0.00235819034089223	0.00252525252525253
mv_status07_rank_tend6	0.00976807660879929	0.00244137438270973	0.00116550116550117
mcuentas_saldo_rank_delta3	0.00970242618449803	0.00318297944399059	0.00543900543900544
foto_mes	0.00940606583472982	0.0103564767108353	0.00777000777000777
m_anclaje_pesado_rank	0.00935853952941327	0.0076250608517984	0.0034965034965035
mcuentas_saldo_rank	0.00880566201599263	0.0037400616234365	0.0033022533022533
mcuentas_saldo_rank_tend12	0.00658988549576546	0.0033348003655738	0.00310800310800311
mprestamos_personales_rank	0.00617614238134371	0.00466721660843222	0.00194250194250194
rf_033_024	0.00607234892096983	0.00253346003146732	0.00252525252525253
rf_049_025	0.0054635764694107	0.00230080589130158	0.00174825174825175
rf_030_027	0.00518292357034243	0.000815261687615358	0.00135975135975136
mcomisiones_mantenimiento_rank_tend6	0.00496411048424791	0.00423783401058827	0.0033022533022533
ctrx_quarter_normalizado_delta2	0.00479790240680087	0.00204560416953832	0.00291375291375291
mcomisiones_rank_avg12	0.00415987284288119	0.000871036585344732	0.00155400155400155
cproductos_delta2	0.00403314685360484	0.000635629811292861	0.000194250194250194
Visa_delinquency_tend12	0.00384410591349412	0.004489239314475	0.00291375291375291
mcuentas_saldo_rank_delta2	0.00372724754961682	0.00429294557435473	0.00388500388500389
cdescubierto_preacordado_tend12	0.0036745680721871	0.00536366242464694	0.00174825174825175
ctrx_quarter_delta3	0.00347638822290665	0.00134125434524158	0.00194250194250194
mactivos_margen_rank	0.00338994567509596	0.00465702990018539	0.00446775446775447
Visa_mpagominimo_rank	0.0032508629577532	0.00429719460652796	0.00543900543900544
rf_034_021	0.00306980128243811	0.00213192706841097	0.00427350427350427
thomebanking	0.0028712533674569	0.00314813045240023	0.00602175602175602
ccaja_seguridad	0.00263499323773975	0.00190688943387858	0.000582750582750583
vmr_mpagominimo_delta3	0.00257260900630476	0.00181440543835475	0.00116550116550117
internet_tend12	0.00256257014231809	0.00295765546163783	0.00369075369075369
mcaja_ahorro_rank	0.00249474776891689	0.00281677406595823	0.00135975135975136
mcuentas_saldo_rank_tend6	0.00247483789783587	0.00182120504446023	0.00233100233100233
mpasivos_margen_rank	0.00242492232597445	0.00108547819589512	0.00174825174825175
m_anclaje_pesado_rank_delta3	0.00241730979430156	0.00376257167961401	0.00213675213675214
cproductos_delta1	0.00239556841689623	0.00186921853070361	0.000582750582750583
mrentabilidad_annual_rank_lag3	0.00235001475511435	0.00265929200178118	0.00427350427350427
rf_027_027	0.0023130243901936	0.00149029261260264	0.000971250971250971
Visa_mpagospesos_rank_tend6	0.00213444627403816	0.00163280549808137	0.0033022533022533
c_deb_aut_tend12	0.00211937337100151	0.00262442684539451	0.00155400155400155
tcallcenter_delta2	0.00206907849756538	0.00145070849032141	0.000582750582750583
m_anclaje_pesado_rank_delta2	0.00204972425727133	0.00203471082876703	0.000971250971250971
internet_avg12	0.0019939467617689	0.00217877495737747	0.0034965034965035
m_inversiones_rank	0.00193156049341125	0.00322592122539132	0.00116550116550117
rf_002_026	0.00174961042420296	0.00092113302105564	0.000777000777000777
ctarjeta_visa_transacciones_tend6	0.001728782355148	0.00120298471879455	0.000777000777000777
mautoservicio_rank	0.00167808634923776	0.00124260059335425	0.00116550116550117
mcuenta_corriente_rank_avg12	0.00164168347503008	0.00345917173107811	0.00407925407925408
ccaja_ahorro	0.00164078205013023	0.00945930453642609	0.00291375291375291
rf_011_021	0.00163974877443621	0.00100931429418992	0.00213675213675214
mrentabilidad_annual_rank_delta1	0.00160149455787705	0.00215889687642791	0.00505050505050505
mcuentas_saldo_rank_lag1	0.00157551642717895	0.00375037303154059	0.00271950271950272
rf_032_020	0.00154298122546598	0.00223236587566237	0.00310800310800311
m_ganchos_liviano_rank	0.00150788591095099	0.00323395166527307	0.00116550116550117
vm_Finiciomora_tend12	0.00145542200419149	0.00536104603690114	0.00213675213675214
tcallcenter_delta3	0.00142273288740508	0.00185471178064261	0.00135975135975136
rf_028_027	0.00141711013733866	0.00212776059216175	0.00271950271950272
mrentabilidad_annual_rank_lag2	0.00136651874700239	0.00103498341341797	0.00213675213675214
rf_030_021	0.00134811104835174	0.000598201380062557	0.000971250971250971
mcomisiones_otras_rank_delta3	0.00134686173186373	0.00134546816125142	0.00233100233100233
vm_fultimo_cierre_tend12	0.00132846250385098	0.00204359858016743	0.0033022533022533
mcuenta_debitos_automaticos_rank	0.00131836589705971	0.00356949415664551	0.00155400155400155
m_anclaje_pesado_rank_lag1	0.0012927643443302	0.00229230089918527	0.000971250971250971
Visa_fechaalta	0.00126340037678997	0.00220115973638358	0.0034965034965035
cprestamos_personales_tend6	0.00125339962815084	0.00182571790920183	0.000582750582750583
vmr_mpagominimo_delta1	0.00125087636876307	0.000886039248263999	0.000971250971250971
mactivos_margen_rank_delta2	0.00122444476122002	0.00419395467100148	0.00543900543900544
Visa_mconsumototal_rank_tend6	0.00117250276543102	0.000791424963512014	0.00233100233100233
vm_fechaalta_tend6	0.00116768236525467	0.000788978883441635	0.000582750582750583
ctrx_quarter_normalizado_delta1	0.00115370610874573	0.00279332010113897	0.00155400155400155
mprestamos_personales_rank_delta3	0.00113883585848829	0.00147332939081649	0.000777000777000777
m_anclaje_pesado_rank_tend6	0.00113602691691326	0.00152172274977318	0.000777000777000777
mcomisiones_rank_lag3	0.0010877377285549	0.000735734353649119	0.00213675213675214
Visa_fultimo_cierre_tend12	0.00108496964317421	0.00292965514785604	0.00407925407925408
m_anclaje_pesado_rank_lag3	0.00108448452506536	0.000544273887625892	0.000582750582750583
c_pagos_tend12	0.0010667345943235	0.00284824692437616	0.00135975135975136
mactivos_margen_rank_lag1	0.00105079957212956	0.00165527918346718	0.00194250194250194
Master_fultimo_cierre_tend6	0.00104186447512186	0.000699393582284898	0.00135975135975136
Master_fultimo_cierre_avg12	0.00103985702729023	0.00272394252731371	0.00407925407925408
internet_tend6	0.00103233330023095	0.00358393855677789	0.00116550116550117
cdescubierto_preacordado_lag2	0.00102948274050784	0.00485737811760901	0.00310800310800311
m_anclaje_pesado_rank_delta1	0.00102706743465689	0.00568089251105539	0.00233100233100233
mcuentas_saldo_rank_delta1	0.00100596147788171	0.00286398912672667	0.00291375291375291
ctrx_quarter_normalizado_tend12	0.00100581788240343	0.00233305927845568	0.00155400155400155
internet_lag1	0.00099025647283457	0.000701698797701708	0.000388500388500389
cliente_edad_avg12	0.000986127221877552	0.0038576149087824	0.00524475524475525
cproductos_tend12	0.000983207230172301	0.00267479000024455	0.00155400155400155
rf_013_015	0.000978058182364959	0.00126880488280303	0.000777000777000777
rf_034_015	0.000954902223567574	0.00120102820112674	0.00155400155400155
ctrx_quarter_delta1	0.000944561781491432	0.00208956491042082	0.000971250971250971
mactivos_margen_rank_delta1	0.000914118022916439	0.00186357528484854	0.00388500388500389
Visa_delinquency_avg12	0.00091063537295696	0.00197044883566011	0.00135975135975136
ccaja_ahorro_avg6	0.000895566092985058	0.00921869038870539	0.00291375291375291
ccomisiones_mantenimiento_delta1	0.00086073867500895	0.00381377886775716	0.00116550116550117
vmr_mpagominimo_delta2	0.000833962875894762	0.00272136366498792	0.00135975135975136
mcuenta_corriente_rank_tend6	0.000831071361579316	0.0034616564911968	0.00252525252525253
Visa_msaldototal_rank_delta3	0.000828461974508079	0.000663720763396823	0.00194250194250194
Visa_msaldopesos_rank	0.000823137052474099	0.00145014156782221	0.00155400155400155
vm_cconsumos_tend12	0.000819990898437211	0.000987828393321547	0.000582750582750583
Visa_mconsumospesos_rank_delta3	0.000815927172136716	0.00127218852105946	0.00155400155400155
Visa_cconsumos_delta1	0.000814139373025656	0.000486589234675179	0.000971250971250971
cajas_ratio_01_tend6	0.000809162207177464	0.00269216831090741	0.000971250971250971
Visa_fultimo_cierre_avg12	0.000802481403623741	0.00151083691408589	0.00213675213675214
mcomisiones_otras_rank_lag2	0.000800296409640508	0.00121938967779381	0.00388500388500389
vm_status02_avg12	0.000799141439171314	0.00273368412634784	0.00135975135975136
mrentabilidad_rank_lag2	0.000798902559108699	0.0025956465801907	0.00485625485625486
Master_fultimo_cierre_tend12	0.000794707666805226	0.00212693618754988	0.00388500388500389
Visa_cconsumos_tend6	0.000793877221238093	0.00214380184324401	0.0034965034965035
Visa_cconsumos	0.000781460957231768	0.00219825642350325	0.00310800310800311
chomebanking_transacciones	0.000766030270664641	0.00198581462918223	0.00233100233100233
Visa_mpagominimo_rank_avg6	0.000760706876532907	0.00149731275271494	0.00213675213675214
ctrx_quarter_normalizado_delta3	0.000758374672626987	0.00068459413394783	0.00116550116550117
mcomisiones_rank_lag2	0.000758054769382172	0.00150854324495216	0.00291375291375291
thomebanking_avg6	0.000757973246640905	0.00251187540987862	0.00485625485625486
Visa_cconsumos_avg12	0.00075468547854183	0.00205784784811576	0.00388500388500389
mcuenta_corriente_rank_lag1	0.000754482313588422	0.00254320740364298	0.00252525252525253
mcomisiones_otras_rank_tend6	0.000753386494613115	0.000765580340781155	0.000777000777000777
mcuenta_corriente_rank_lag2	0.000751988200192238	0.00308933966553051	0.00252525252525253
mcomisiones_rank	0.000746970021722115	0.00148960156756034	0.00310800310800311
ctarjeta_visa_transacciones_delta3	0.00074139129088312	0.00200440703151089	0.00155400155400155
vmr_pagominimo_saldo	0.000741127725538158	0.0018500747933579	0.00271950271950272
Master_Fvencimiento_tend6	0.000723626724069823	0.000698317468701895	0.00135975135975136
cmobile_app_trx_avg12	0.000710368117799964	0.00304620967971558	0.0033022533022533
Visa_msaldototal_rank	0.000700577740716335	0.00199201902439496	0.00213675213675214
Visa_mpagospesos_rank	0.00069897133537089	0.00207091939518999	0.0034965034965035
mcuentas_saldo_rank_lag2	0.000698571371478135	0.00286054025197084	0.00291375291375291
Visa_cconsumos_delta2	0.000695432189822458	0.00067334112645861	0.000582750582750583
vmr_mpagominimo_avg12	0.000680359762796639	0.000753386888535116	0.00155400155400155
ccomisiones_mantenimiento_tend12	0.000674871068648756	0.00515335611538145	0.00213675213675214
ctarjeta_visa_transacciones_tend12	0.000670093977888637	0.000707369754636173	0.000971250971250971
mcomisiones_rank_delta2	0.00066751821980495	0.00151011815796419	0.00310800310800311
rf_041_015	0.000665775642143006	0.000513117397364339	0.000388500388500389
mttarjeta_visa_debitos_automaticos_rank_delta1	0.000663054246191824	0.000343358170388915	0.000194250194250194
Visa_mpagominimo_rank_lag1	0.000655669461310637	0.00230625227303015	0.00271950271950272
rf_037_028	0.000654147122336755	0.00145240983513316	0.00213675213675214
rf_008_026	0.000646811888837095	0.00102358261350533	0.000582750582750583
mtarjeta_visa_consumo_rank	0.000645331269773318	0.000888973158794484	0.000582750582750583
vm_fechaalta	0.000641678022915722	0.0021587415789205	0.0034965034965035
Visa_fechaalta_lag2	0.000633646340160985	0.00197771202503123	0.0033022533022533
rf_050_018	0.000633645915451678	0.00171673485247164	0.00135975135975136
cproductos_tend6	0.000633609804227454	0.00245918336973145	0.000777000777000777
mcuenta_corriente_rank_tend12	0.000633515343831479	0.0037213843559272	0.00310800310800311
e_y_ratio_avg12	0.000631629590775014	0.00308314450734423	0.00252525252525253
chomebanking_transacciones_delta2	0.000628590907536047	0.0014863183819667	0.00194250194250194
cdescubierto_preacordado_avg12	0.000618201350561803	0.00257622919593601	0.00174825174825175
ctarjeta_visa_transacciones_delta2	0.000615880802823845	0.00157538294575656	0.000582750582750583
rf_045_023	0.000613064756408761	0.00102264678726174	0.00213675213675214
mrentabilidad_annual_rank_delta2	0.000607371508802388	0.0015154612004592	0.0033022533022533
Visa_cconsumos_tend12	0.000604844538674737	0.00231342655602156	0.00310800310800311
mcuenta_corriente_rank_delta3	0.0006000779228861	0.00127600803150214	0.000971250971250971
mcuentas_saldo_rank_lag3	0.000598540975594067	0.00282830476155551	0.00233100233100233
rf_006_024	0.000595914368873196	7.86723317042067e-05	0.000194250194250194
ccomisiones_mantenimiento_avg12	0.000592950262065549	0.00288579716889296	0.00252525252525253
ctrx_quarter_tend12	0.000590018325516159	0.00118088224640974	0.00135975135975136
ctrx_quarter_lag1	0.000587686109625868	0.00107328589827738	0.000971250971250971
mrentabilidad_rank_delta2	0.00058624056692532	0.00211738625681488	0.0033022533022533
thomebanking_avg12	0.000585936237476447	0.00129025960870709	0.00310800310800311
rf_036_015	0.000584113296823997	0.00141668101677215	0.00233100233100233
vm_fechaalta_avg12	0.000575550469370464	0.00201187689934913	0.0033022533022533
mpayroll_rank_delta2	0.000564050264633691	0.000915755917025546	0.000582750582750583
cajas_ratio_01_delta3	0.00055904278883811	0.00306942059527601	0.000971250971250971
rf_016_027	0.000550529478159918	0.000314382195686914	0.000388500388500389
Master_Fvencimiento_avg12	0.000545402155284901	0.00161166309913461	0.00271950271950272
vmr_msaldodolares2_avg12	0.000539440079302191	0.00252887788902724	0.00135975135975136
mrentabilidad_annual_rank_lag1	0.000536269362770201	0.00129130454732578	0.00252525252525253
ccallcenter_transacciones_avg12	0.000534208415862999	0.00148086334052582	0.00155400155400155
mpayroll_sobre_edad_rank_delta3	0.000531634085391289	0.00186919370619499	0.000777000777000777
mrentabilidad_rank_tend12	0.000530353954350773	0.00123476932685562	0.00135975135975136
contactos_tend6	0.000530204157275598	0.00085266818090781	0.000582750582750583
ctarjeta_visa_transacciones_delta1	0.000527039726441354	0.000591604988539275	0.000194250194250194
Master_msaldototal_rank	0.000521679979085192	0.00224874774209548	0.00155400155400155
rf_032_025	0.000518822169868568	0.00274446315891664	0.00135975135975136
numero_de_cliente	0.000517075808929756	0.00248934341576325	0.00271950271950272
vmr_Master_mlimitecompra_avg12	0.000511017496341058	0.00220873467539784	0.0033022533022533
Visa_mfinanciacion_limite_rank	0.000509639613197183	0.00100949152963519	0.00213675213675214
ccaja_ahorro_tend12	0.000505907696719754	0.00381377886775716	0.00116550116550117
cajas_visitas_avg12	0.000501728257737751	0.00106328162130321	0.000971250971250971
vmr_mpagominimo	0.000494219289747404	0.000670469565856754	0.00116550116550117
rf_033_023	0.000493262321070005	0.00152028985604302	0.00135975135975136
vm_status01	0.000486200628117472	0.00156992039923167	0.000971250971250971
vm_fechaalta_avg6	0.000485908434842178	0.00185693559476371	0.00252525252525253
cliente_edad_lag3	0.000481335775594311	0.00133406158819724	0.00213675213675214
m_y_sp_rank_delta2	0.000478118145924549	0.0022013514046827	0.00174825174825175
Visa_Fvencimiento_tend12	0.000473824028701532	0.0010313469115621	0.00194250194250194
Master_mfinanciacion_limite_rank	0.000473547808701232	0.00195388742452512	0.00291375291375291
m_deb_aut_rank_delta3	0.000472399217281731	0.000967838313426117	0.000777000777000777
rf_004_025	0.000471370097010853	0.000266375637213384	0.000582750582750583
mcaja_ahorro_rank_delta1	0.000469953895836374	0.0014482139158621	0.00116550116550117
c_anclaje_pesado_delta3	0.000467656773549986	0.000635629811292861	0.000194250194250194
rf_032_017	0.000467389652420963	0.000995421229074585	0.00174825174825175
mactivos_margen_rank_delta3	0.000462271300583926	0.00124545079333241	0.00310800310800311
vm_mpagominimo_rank	0.000459252003432564	0.00111356741605662	0.000777000777000777
mrentabilidad_annual_rank_tend12	0.000459223896927521	0.00164600520889778	0.00233100233100233
Master_fechaalta_avg12	0.000455177153112253	0.00141323964710033	0.00291375291375291
Master_mfinanciacion_limite_rank_lag1	0.000451359074680258	0.00134282175316961	0.00271950271950272
chomebanking_transacciones_delta1	0.000449735552918976	0.00281060835079382	0.00135975135975136
rf_024_015	0.000449047236216376	0.000327122364436765	0.000582750582750583
mttarjeta_visa_debitos_automaticos_rank_delta3	0.000448721834878301	0.00139234722518224	0.00155400155400155
Visa_mpagominimo_rank_lag3	0.000448044225896294	0.00147844093033575	0.00194250194250194
rf_005_019	0.00044287127326252	0.00170927018046078	0.00135975135975136
Master_fechaalta_avg6	0.000440285646364247	0.000874501624896872	0.00213675213675214
vm_mfinanciacion_limite_rank_tend6	0.000440140202349219	0.00291588043214228	0.00155400155400155
Visa_mfinanciacion_limite_rank_delta2	0.000438375128970634	0.00199744000430076	0.00252525252525253
vm_fechaalta_tend12	0.000437581896454024	0.000872833764306047	0.00116550116550117
mrentabilidad_rank	0.0004347629569696	0.0024988714085604	0.00291375291375291
Visa_fultimo_cierre_tend6	0.000419288875203378	0.00129817458575804	0.00174825174825175
ccomisiones_otras_tend12	0.000417489400370909	0.000944356637527466	0.00155400155400155
vmr_pagominimo_saldo_tend12	0.000413661390258941	0.000788161406599611	0.00116550116550117
vm_Fvencimiento_tend12	0.000413598676252924	0.00155828405514422	0.00271950271950272
vmr_msaldototal_avg6	0.000412028937197332	0.000599458770289908	0.000777000777000777
mcomisiones_otras_rank_delta2	0.000409917786285983	0.00167595453526338	0.00291375291375291
mrentabilidad_rank_lag3	0.000409635813787344	0.0010692470084562	0.00233100233100233
cliente_edad_lag2	0.00040904361510853	0.00221207443777857	0.00213675213675214
Visa_mconsumospesos_rank_tend6	0.000407478219020982	0.000855086549898798	0.00271950271950272
Visa_msaldototal_rank_tend6	0.000407085222463387	0.00155704052045656	0.00252525252525253
c_ganchos_liviano_tend12	0.00040641642977379	0.00127125962258572	0.000388500388500389
cliente_edad_avg6	0.000400065314178614	0.00146507783961377	0.00174825174825175
mrentabilidad_rank_delta1	0.000398866496047736	0.00240742196000049	0.00291375291375291
m_deb_aut_rank_tend6	0.000395537701870594	0.00074927410250222	0.000971250971250971
ccaja_seguridad_avg12	0.000395006722725641	0.00180051121861111	0.000582750582750583
mtransferencias_emitidas_rank_delta3	0.00039402045856739	0.0014981348480702	0.000971250971250971
Master_Fvencimiento	0.000393498392430829	0.00117522168113004	0.00213675213675214
Master_mfinanciacion_limite_rank_tend6	0.000390129392999942	0.00223818751159102	0.0033022533022533
vmr_mpagominimo_tend6	0.000388123727265377	0.000860411695655034	0.000388500388500389
mrentabilidad_rank_lag1	0.000386341036440123	0.00104679352906577	0.00252525252525253
Visa_fechaalta_lag1	0.000385013217692979	0.00161732712829923	0.00252525252525253
vm_Fvencimiento	0.000383024014279867	0.0022413598528671	0.00291375291375291
rf_017_015	0.000381806824738175	0.00108917242916638	0.000388500388500389
Visa_cconsumos_avg6	0.000381246515420768	0.00114488613159544	0.00213675213675214
contactos_delta1	0.000381072340031359	0.00215968664219055	0.000777000777000777
m_ganchos_liviano_rank_delta3	0.00038046622686643	0.00285443861867751	0.000971250971250971
rf_044_018	0.000379428778929097	0.00106949698548487	0.000777000777000777
vm_fechaalta_lag3	0.000378507002463852	0.00128847974917039	0.00252525252525253
vmr_msaldopesos2_tend6	0.000376796575296464	0.00186820707630585	0.00116550116550117
mactivos_margen_rank_lag2	0.00037625913846752	0.00211364179721221	0.00213675213675214
Master_mconsumosdolares_rank_tend6	0.000371714422989547	0.00102194477325051	0.00155400155400155
Master_mfinanciacion_limite_rank_delta3	0.000371425186700242	0.00093418551676279	0.00252525252525253
Visa_mconsumosdolares_rank	0.000370653542872575	0.00102247994347125	0.00213675213675214
Visa_mconsumospesos_rank_lag2	0.000368083605829422	0.0006678162300051	0.00174825174825175
Visa_mfinanciacion_limite_rank_delta3	0.000367485247709266	0.00178014415257314	0.00291375291375291
rf_018_015	0.000363789480196319	0.000480913659227481	0.00116550116550117
mrentabilidad_annual_rank_tend6	0.000361722058364451	0.00285940236577336	0.00252525252525253
mpasivos_margen_rank_delta1	0.000361334779823845	0.0010683527488317	0.00155400155400155
mpasivos_margen_rank_lag3	0.000360724520486867	0.00116449922534832	0.00213675213675214
rf_014_021	0.000359886563136678	0.00100641329056621	0.00155400155400155
vm_mpagominimo_rank_lag3	0.000359415934763776	0.000496377596155771	0.000582750582750583
vm_Fvencimiento_avg6	0.000357622297371507	0.0010398495944218	0.00213675213675214
mcuenta_corriente_rank_delta2	0.000356415446768167	0.00186155814919456	0.00155400155400155
mcomisiones_rank_delta3	0.000353427343884664	0.00113202876807233	0.00252525252525253
vmr_mpagominimo_lag2	0.00035339679298833	0.00129927205996474	0.000777000777000777
Master_cconsumos_tend12	0.000349965846971709	0.00114380597681335	0.00174825174825175
mprestamos_personales_rank_tend12	0.00034995357287273	0.00224884473087335	0.000971250971250971
vm_msaldototal_rank_delta2	0.000349488471607881	0.000505160276380145	0.000388500388500389
Visa_mpagospesos_rank_lag1	0.000349254878965889	0.000841150186221917	0.00174825174825175
vm_mpagado_rank_avg6	0.000348138266790583	0.00194177999208803	0.00116550116550117
Master_mlimitecompra_rank_delta2	0.000344552950820035	0.00164186471178549	0.00271950271950272
Visa_cconsumos_lag1	0.000342978480250458	0.00173849786413392	0.00233100233100233
ctarjeta_debito_avg12	0.000342832994185004	0.00240864817526353	0.00155400155400155
Master_Fvencimiento_lag3	0.000341650484891523	0.00146945503552918	0.00291375291375291
mpasivos_margen_rank_delta2	0.000340313726066025	0.00206564678502176	0.00252525252525253
mrentabilidad_annual_rank_delta3	0.000336622445596396	0.00118259802407534	0.00233100233100233
rf_047_026	0.000336046322795616	0.00196723492776495	0.000777000777000777
Master_mlimitecompra_rank_tend6	0.000335398563939585	0.000922236845718034	0.00233100233100233
Visa_mpagospesos_rank_delta3	0.000334589757416781	0.00112275825738785	0.00174825174825175
vmr_mconsumosdolares_avg12	0.000334170950307426	0.000931873950890287	0.00135975135975136
mcomisiones_otras_rank_delta1	0.000333789309046991	0.00127691326009557	0.00213675213675214
cliente_antiguedad_lag3	0.000331805096178491	0.00180870907959751	0.00213675213675214
c_e_sp_avg12	0.000328426015157861	0.000582385858814498	0.000777000777000777
cliente_antiguedad_lag1	0.000325940753376447	0.00192037433788706	0.00174825174825175
mpasivos_margen_rank_lag2	0.000323672455816387	0.0010945818627891	0.00252525252525253
vmr_mpagominimo_lag3	0.000323559895234848	0.00099936832594529	0.00135975135975136
chomebanking_transacciones_tend12	0.000315829616480816	0.00203359661244986	0.00135975135975136
mtarjeta_visa_consumo_rank_delta2	0.00031390972058059	0.000225102871031782	0.000777000777000777
Visa_msaldopesos_rank_tend6	0.000313658751020369	0.00176430092024569	0.00174825174825175
rf_005_015	0.000313383169766047	0.00158521287385623	0.00116550116550117
mttarjeta_visa_debitos_automaticos_rank_tend6	0.000313208290452499	0.00208594630530372	0.00135975135975136
vm_mpagospesos_rank_avg6	0.000312027347957908	0.000713813735222807	0.000388500388500389
vm_Fvencimiento_lag1	0.000310179176208576	0.000414284678089281	0.00116550116550117
Visa_mfinanciacion_limite_rank_delta1	0.000309880532397864	0.00164501222855295	0.00233100233100233
chomebanking_transacciones_avg12	0.000308808416406943	0.00108856624930471	0.00135975135975136
thomebanking_tend6	0.000306750995007494	0.00240800677923846	0.000971250971250971
rf_042_019	0.00030543430869025	0.000585232594907734	0.000582750582750583
vm_mpagominimo_rank_avg6	0.000305344495707407	0.000814462107512107	0.000971250971250971
mprestamos_personales_rank_lag2	0.000303049348109046	0.002820301455439	0.00135975135975136
e_y_ratio_tend12	0.000302967129433221	0.00250801721938762	0.00174825174825175
c_e_sp_delta1	0.000300448436721765	0.00242766548080951	0.00135975135975136
cmobile_app_trx_tend12	0.000297096113649003	0.00150309455396697	0.00213675213675214
mcuenta_corriente_rank_delta1	0.00029673721073617	0.000903181437437885	0.000388500388500389
Master_fechaalta	0.000296496164235584	0.00111461177736115	0.00155400155400155
mcomisiones_otras_rank	0.000296109787676626	0.000727074064025387	0.00194250194250194
chomebanking_transacciones_delta3	0.000294297961950586	0.00102109265755925	0.00213675213675214
mcomisiones_rank_lag1	0.000293772410096487	0.00147515139428642	0.00194250194250194
chomebanking_transacciones_lag3	0.000291088119441611	0.00127418314146143	0.00194250194250194
mactivos_margen_rank_lag3	0.000288031682827972	0.00126950170098688	0.00213675213675214
ctrx_quarter_normalizado_lag1	0.000287555461432972	0.000462032599821832	0.000582750582750583
Visa_fechaalta_tend12	0.000286837563096368	0.000888544791692237	0.00135975135975136
Visa_msaldototal_rank_delta1	0.000285759775343926	0.000663470786368153	0.000971250971250971
Visa_mpagominimo_rank_tend6	0.000285158408831136	0.00128500835916256	0.00155400155400155
ctrx_quarter_avg12	0.000285114398854806	0.000563090287846297	0.000388500388500389
mrentabilidad_rank_tend6	0.000284384378221263	0.00104190829669486	0.00135975135975136
mcaja_ahorro_rank_lag2	0.000283009448699343	0.00109870619510507	0.00116550116550117
rf_043_016	0.000281935347928293	0.00214295780995091	0.00135975135975136
Master_Fvencimiento_lag1	0.00028184362501508	0.000718409155888423	0.00174825174825175
estado_tend12	0.000281239583254158	0.000993764337452685	0.000388500388500389
vm_Fvencimiento_avg12	0.000280864676790024	0.000842607327146542	0.00194250194250194
Visa_fechaalta_avg12	0.000278586605028839	0.000806299462689098	0.00135975135975136
mpasivos_margen_rank_delta3	0.000277731341405137	0.000716429545654454	0.00174825174825175
ccallcenter_transacciones_tend12	0.000277562330649106	0.00141469447876834	0.00135975135975136
rf_006_023	0.000277110328933106	0.00054481425367401	0.000971250971250971
mcomisiones_rank_delta1	0.000276617504663103	0.000701264657457921	0.00155400155400155
chomebanking_transacciones_lag2	0.000275746056671267	0.000900495771993608	0.00135975135975136
mactivos_margen_rank_tend6	0.00027555772290327	0.0012705085368714	0.00135975135975136
vm_Fvencimiento_lag2	0.000274955409625128	0.000565535790602522	0.00135975135975136
vm_Fvencimiento_lag3	0.000274403059402189	0.00074201668627264	0.00174825174825175
Master_mpagospesos_rank	0.000273264918354671	0.00120175388501828	0.000777000777000777
mcomisiones_otras_rank_lag3	0.000272695447195474	0.00142970811065653	0.00213675213675214
e_y_ratio_tend6	0.000272516409830632	0.00143008682874153	0.00174825174825175
e_y_ratio_lag2	0.000271081402864433	0.000793033360744979	0.00174825174825175
Visa_mconsumospesos_rank_delta1	0.000270402051312753	0.000676501344137452	0.00174825174825175
ctrx_quarter_normalizado_lag3	0.000269714462187656	0.000853823386529908	0.00155400155400155
ccomisiones_otras_avg12	0.000269162189442628	0.000751100724485387	0.00135975135975136
mcuenta_corriente_rank_lag3	0.000268147061871658	0.00110445739870694	0.00155400155400155
mcuenta_debitos_automaticos_rank_avg6	0.000266686576552068	0.000300441213496801	0.000194250194250194
Visa_mconsumospesos_rank_avg6	0.000264114209835275	0.00171107197793533	0.00174825174825175
Visa_mfinanciacion_limite_rank_lag3	0.000263417824496846	0.000841473482148142	0.00174825174825175
seguros_ratio_01_avg12	0.00026294141755434	0.00147765174188728	0.00155400155400155
vmr_Master_mlimitecompra_avg6	0.000262108705180124	0.00184717725361912	0.00233100233100233
vmr_mpagospesos_tend12	0.000261774814255171	0.00149389563023758	0.00116550116550117
mcaja_ahorro_dolares_rank_lag1	0.000260558372790565	0.00247751367143421	0.000971250971250971
mrentabilidad_rank_delta3	0.000260528348365571	0.00186868336048288	0.00233100233100233
Master_cconsumos_avg6	0.000259100979018329	0.00125532055610871	0.00116550116550117
Master_Fvencimiento_avg6	0.000258740495850469	0.000849412129079409	0.00194250194250194
mcaja_ahorro_dolares_rank_delta2	0.000255947405604196	0.00120792595063839	0.000582750582750583
rf_038_024	0.000254818375202075	0.000145341147519031	0.000388500388500389
Master_mlimitecompra_rank_delta3	0.00025460357531617	0.000907746837767495	0.00174825174825175
m_e_sp_rank_tend6	0.000253242192339133	0.000637285548286452	0.00135975135975136
vmr_mpagospesos	0.000252949482684602	0.000760621789512691	0.000777000777000777
ctrx_quarter_lag2	0.000252647461909267	0.00132799112986823	0.00155400155400155
Master_mlimitecompra_rank_lag1	0.000252086623702622	0.000816758663216607	0.00194250194250194
m_tax_rank	0.000251113117013002	0.00114584043189195	0.000777000777000777
mcaja_ahorro_dolares_rank_tend12	0.000250873328661176	0.000823126438334916	0.000971250971250971
ctarjeta_visa_debitos_automaticos_tend12	0.000250483859293352	0.00237939162588269	0.000971250971250971
rf_022_025	0.000250088660975427	0.00103826890826822	0.000777000777000777
mcaja_ahorro_rank_delta2	0.000249641140152871	0.000756645826934287	0.00116550116550117
Visa_mconsumosdolares_rank_lag3	0.000249358011267504	0.00120694393926249	0.00194250194250194
Visa_mconsumospesos_rank_delta2	0.000249308710506518	0.000679340575146686	0.00155400155400155
cmobile_app_trx_delta3	0.000243958765104763	0.0010059970470612	0.00135975135975136
mprestamos_personales_rank_avg12	0.000242883755623997	0.000899960024458722	0.000777000777000777
ccajas_otras_tend12	0.000241924015613243	0.000981003962707445	0.000388500388500389
Master_Fvencimiento_delta3	0.000241491133385145	0.00031298047692107	0.000582750582750583
Master_fechaalta_lag3	0.00024069560785878	0.00075214624041823	0.00213675213675214
ctarjeta_debito_tend12	0.000240576676217129	0.00285481733676252	0.000971250971250971
m_deb_aut_rank	0.000240328733446604	0.00063026194428923	0.000971250971250971
mactivos_margen_rank_avg6	0.000239431512958645	0.00122083931363444	0.000971250971250971
mtransferencias_recibidas_rank_lag2	0.000239105590826038	0.000666221688311829	0.00116550116550117
Visa_msaldopesos_rank_delta3	0.000236895351028274	0.000788563217250775	0.00155400155400155
vmr_msaldopesos	0.00023675922749027	0.000650227199676039	0.000971250971250971
mttarjeta_visa_debitos_automaticos_rank	0.000235112283851704	0.000941658848485955	0.000971250971250971
mcaja_ahorro_dolares_rank_avg12	0.000234022494907551	0.00162849815717858	0.00135975135975136
mcomisiones_otras_rank_lag1	0.000233924880729592	0.000679617108626438	0.00135975135975136
vm_mpagospesos_rank_tend6	0.000233182387939562	0.00101913209869236	0.000582750582750583
Visa_mfinanciacion_limite_rank_tend6	0.00023280714843605	0.00198818796766921	0.00155400155400155
c_e_sp_tend12	0.000230951095595792	0.000549346169782689	0.000971250971250971
mprestamos_personales_rank_delta1	0.000230484553683332	0.00269935356286774	0.000971250971250971
m_e_sp_rank_avg6	0.000229930870672127	0.000339285219032644	0.000582750582750583
vmr_msaldototal_lag3	0.000229599836258924	0.000525754226880629	0.00116550116550117
Master_Fvencimiento_tend12	0.00022957915165415	0.000649526340293117	0.00116550116550117
contactos_tend12	0.000228638127867707	0.00131984926835476	0.00116550116550117
Master_mpagominimo_rank_avg6	0.00022776726353579	0.000459251677542149	0.000971250971250971
Master_fechaalta_lag1	0.000227623071782462	0.000630619879064693	0.00174825174825175
mrentabilidad_annual_rank_avg12	0.000227161989697373	0.00164350832518185	0.000971250971250971
rf_032_023	0.000226737477186157	0.000920726591891244	0.000777000777000777
mtarjeta_visa_consumo_rank_tend6	0.000226218072000582	0.000537425209817324	0.000388500388500389
Visa_mlimitecompra_rank_tend6	0.000225493740369234	0.00110463117026729	0.00174825174825175
vm_mpagominimo_rank_delta1	0.00022432760593232	0.00215312835340143	0.00116550116550117
Master_Fvencimiento_lag2	0.00022370086955624	0.000750097929799938	0.00194250194250194
c_e_y_ratio_tend12	0.000222267316693787	0.00124144423310384	0.000971250971250971
Master_mfinanciacion_limite_rank_delta2	0.000221346360395829	0.00174572814659826	0.00252525252525253
vm_status_SP_avg12	0.000221033686696863	0.00164160896161528	0.000582750582750583
cproductos_avg6	0.00022010124540246	0.000597611364997198	0.000388500388500389
m_y_sp_rank_tend6	0.000219977004894469	0.00176410347880503	0.00116550116550117
rf_046_015	0.000219496716697601	0.0005862452039338	0.000777000777000777
Master_mpagospesos_rank_delta2	0.000219466336105494	0.00103588575544063	0.000582750582750583
mcomisiones_rank_tend6	0.000219055160307533	0.00083555023892839	0.00155400155400155
internet_lag2	0.000218426506432006	4.81589694101782e-05	0.000194250194250194
Master_mlimitecompra_rank_delta1	0.000217337237231125	0.00100509008652531	0.00155400155400155
visitas_tend12	0.000216699594656439	0.0013411198310437	0.000971250971250971
vm_cconsumos_avg12	0.000216580221905814	0.000869251529980651	0.000971250971250971
rf_009_022	0.000215151864794054	0.000736266637299081	0.00135975135975136
mactivos_margen_rank_tend12	0.000213838320484675	0.000856942614903818	0.000971250971250971
mpayroll_rank	0.000213536815562947	0.000654509716070202	0.000582750582750583
Master_mlimitecompra_rank	0.00021227116458678	0.000732931493431585	0.00155400155400155
cliente_antiguedad_avg12	0.000211660468345872	0.000778797371022187	0.00116550116550117
ctarjeta_master_transacciones_tend6	0.000210983305098385	0.00115608833543911	0.000388500388500389
Visa_mlimitecompra_rank_lag1	0.000210882156161578	0.000808836758395805	0.00174825174825175
mpayroll_rank_lag2	0.000210093899892435	0.00230559413489463	0.000777000777000777
vmr_mpagominimo_avg6	0.000207405158620423	0.000354267675956521	0.000971250971250971
Visa_mfinanciacion_limite_rank_avg6	0.000206708837198642	0.000955931786314602	0.00135975135975136
mcuenta_debitos_automaticos_rank_lag2	0.000206579481676776	0.00118650009044204	0.000777000777000777
chomebanking_transacciones_avg6	0.000206118869715455	0.000552337811728571	0.000971250971250971
vmr_mpagospesos_delta3	0.000206057286024901	0.000374816018638842	0.000777000777000777
vmr_pagominimo_saldo_avg12	0.000205776313485403	0.000396272476485359	0.000971250971250971
chomebanking_transacciones_lag1	0.000204832054339149	0.00211944207251717	0.00116550116550117
Visa_Fvencimiento_lag1	0.000204541044152604	0.000926800514105182	0.00135975135975136
vm_mpagominimo_rank_lag1	0.000203389385785249	0.00134366694109103	0.00116550116550117
Visa_mconsumosdolares_rank_tend6	0.000203233368610993	0.000648173693230361	0.00155400155400155
mtarjeta_visa_consumo_rank_delta3	0.000201320773926312	0.0019059334016396	0.00155400155400155
vmr_mconsumospesos_avg12	0.000200462880258688	0.000738260103072745	0.00116550116550117
Master_mconsumospesos_rank_delta2	0.00020045211387775	0.00122873177543338	0.000971250971250971
vm_mpagominimo_rank_delta3	0.000199518562452089	0.000608897856707348	0.000971250971250971
mcomisiones_mantenimiento_rank_lag3	0.000198887081105887	0.000974927731236892	0.000777000777000777
m_deb_aut_rank_delta2	0.000198842351226257	0.00106227767198945	0.000582750582750583
Visa_mlimitecompra_rank	0.000198299154540149	0.000539908815307711	0.00135975135975136
mttarjeta_visa_debitos_automaticos_rank_lag2	0.000198011190907001	0.000451278391761644	0.000582750582750583
Visa_mpagosdolares_rank_avg6	0.000195979099002433	0.00112850888367556	0.00135975135975136
vm_mpagominimo_rank_delta2	0.00019583468101781	0.00101023049175227	0.000971250971250971
ctarjeta_visa_transacciones_lag3	0.000195460073952713	0.000421681227029969	0.000971250971250971
Visa_mlimitecompra_rank_delta1	0.000195160933946968	0.000591318063404751	0.00174825174825175
mcomisiones_mantenimiento_rank_delta1	0.000194862032787646	0.000424565488543212	0.000582750582750583
rf_006_016	0.000194599454576446	0.000494820002568355	0.000777000777000777
vm_mpagospesos_rank_delta3	0.0001941665725586	0.000623722129553037	0.000582750582750583
Visa_msaldopesos_rank_lag3	0.00019330931238065	0.000573523509236876	0.00116550116550117
internet	0.000191591014214438	0.00040277996162893	0.000194250194250194
ctransferencias_recibidas_tend12	0.000191377324039288	0.00080537229615782	0.00116550116550117
c_e_y_ratio	0.000190641882264766	0.000674469775629625	0.000777000777000777
m_tax_rank_tend6	0.000190572512517249	0.000907029236274108	0.000582750582750583
Visa_mlimitecompra_rank_lag2	0.000189474431228999	0.000378931691242507	0.000971250971250971
Visa_Fvencimiento_lag2	0.000188665401208178	0.000988307564069343	0.00174825174825175
Master_mlimitecompra_rank_lag2	0.000187897350168948	0.000648879171126515	0.00174825174825175
mpasivos_margen_rank_lag1	0.000187248750935144	0.000547098108467123	0.000971250971250971
Master_mlimitecompra_rank_avg6	0.000186210088160991	0.000682006611909728	0.00174825174825175
vmr_Visa_mlimitecompra_avg12	0.00018556640756557	0.000558687112793954	0.00135975135975136
e_y_ratio	0.000184873070042051	0.000615510990341095	0.00116550116550117
Visa_mfinanciacion_limite_rank_lag1	0.000184196342436982	0.000461011908397609	0.00116550116550117
vmr_msaldopesos2_lag2	0.000183768401133992	0.00148614114652143	0.00135975135975136
Visa_msaldopesos_rank_delta2	0.00018320706578618	0.000427484966219848	0.000971250971250971
c_e_y_ratio_tend6	0.00018260011834079	0.000613589111522523	0.000388500388500389
rf_016_017	0.000182562597586272	0.00112252213589887	0.000971250971250971
rf_010_017	0.000181805516662295	0.00070042293342143	0.000777000777000777
vmr_msaldototal_lag1	0.000181241802101354	0.000900390123503432	0.000777000777000777
m_inversiones_rank_tend6	0.000180728103999658	0.000718001572095719	0.000388500388500389
catm_trx_other_avg12	0.000180331282535272	0.00037767199175854	0.000777000777000777
mcaja_ahorro_dolares_rank_delta1	0.000180019609820426	0.0020652599845386	0.000777000777000777
rf_035_018	0.000179466732495391	0.000653924896832229	0.000582750582750583
Visa_mconsumosdolares_rank_lag2	0.000179389930755503	0.000547816287274664	0.00116550116550117
vmr_mpagominimo_tend12	0.000179192772285009	0.000404359493154197	0.000388500388500389
vm_mconsumospesos_rank_delta3	0.000178560983129686	0.000369975816771941	0.000777000777000777
ccomisiones_otras_delta3	0.00017810306744171	0.000827217286429961	0.00135975135975136
ccomisiones_mantenimiento_delta3	0.000177293744749921	0.00254251924517144	0.000777000777000777
rf_033_017	0.000175318804420959	0.000355916485180265	0.000194250194250194
mrentabilidad_annual_rank	0.000174874637540417	0.00076072051023302	0.00116550116550117
vm_mfinanciacion_limite_rank_delta3	0.000174698703181669	0.000739170527493559	0.00155400155400155
vmr_msaldototal_delta2	0.000173806287585689	0.000300998321655384	0.000582750582750583
Visa_mpagado_rank	0.000173390161611525	0.000802438962941489	0.000777000777000777
rf_011_013	0.000173268198554631	0.00042576283809855	0.000777000777000777
e_y_ratio_lag1	0.000170145424554852	0.000564449285364747	0.00135975135975136
vmr_msaldopesos_tend12	0.000169653088069796	0.00104701694964336	0.000971250971250971
vmr_msaldopesos_lag2	0.00016962255273212	0.000546720545010425	0.000777000777000777
c_y_sp_avg12	0.000168962179378909	0.00236480116526936	0.000971250971250971
m_e_sp_rank_delta3	0.000166753764990157	0.00105433844774403	0.000971250971250971
ctrx_quarter_tend6	0.000166727932572176	0.000259800028999645	0.000582750582750583
m_e_sp_rank_delta2	0.000166424560611513	0.00077602741771143	0.000777000777000777
ctarjeta_debito_transacciones_avg12	0.000166357313359272	0.00164788725303973	0.00135975135975136
Visa_mconsumosdolares_rank_avg6	0.000166250833795028	0.000517073731261508	0.00155400155400155
ccomisiones_mantenimiento_tend6	0.000166098060916299	0.000805745241101285	0.000388500388500389
Visa_mconsumospesos_rank_lag3	0.00016481675919191	0.000274023317811049	0.000777000777000777
mrentabilidad_annual_rank_avg6	0.00016358359006766	0.000621253534230654	0.000582750582750583
m_deb_aut_rank_avg6	0.000163334903845595	0.000281568813803461	0.000194250194250194
Visa_msaldopesos_rank_avg6	0.000162092621132419	0.000925676483447399	0.000777000777000777
vmr_pagominimo_saldo_tend6	0.00016140536452107	0.00045604238816022	0.000582750582750583
vm_msaldopesos_rank_tend6	0.000161140904343033	0.00147118178216371	0.00135975135975136
Master_msaldototal_rank_delta1	0.000160806899487705	0.000158586466153607	0.000388500388500389
Master_mlimitecompra_rank_lag3	0.000159901603530723	0.000955330802280317	0.00155400155400155
vmr_pagominimo_saldo_avg6	0.000159337050379152	0.00158293075100558	0.00135975135975136
vm_mpagospesos_rank_delta1	0.000159145993202145	0.00138582011135743	0.00116550116550117
vmr_Visa_mlimitecompra_lag3	0.000158451697152295	0.000333318099937191	0.000971250971250971
vmr_msaldopesos_delta3	0.000157421833429878	0.00051576149618953	0.000777000777000777
mcomisiones_rank_tend12	0.000157286928933737	0.000644437893340009	0.00116550116550117
ctarjeta_visa_transacciones	0.000156983195339406	0.0015022487887314	0.000777000777000777
vmr_Master_mlimitecompra_lag2	0.000156933013201481	0.000686144222451244	0.00116550116550117
rf_044_015	0.00015683206106067	0.000602471772859487	0.000777000777000777
Visa_fultimo_cierre_lag3	0.000156798679750132	0.00149585157059124	0.000971250971250971
mrentabilidad_rank_avg6	0.000156550501497219	0.000341674722315933	0.000582750582750583
cajas_ratio_03_tend6	0.000156207985635576	0.00247537356786544	0.000777000777000777
Visa_fechaalta_avg6	0.000155797200065572	0.000700647508627325	0.00135975135975136
mcaja_ahorro_rank_tend12	0.000154898016453454	0.000791230408642125	0.00116550116550117
Visa_msaldodolares_rank	0.000154694705164562	0.000139113082425982	0.000194250194250194
mrentabilidad_rank_avg12	0.00015463892359185	0.00178222190621328	0.000777000777000777
ctransferencias_emitidas_tend12	0.000154440023392693	0.0024718069210222	0.00116550116550117
vmr_msaldopesos2_delta2	0.000154182305580034	0.000918584179065854	0.000582750582750583
mautoservicio_rank_lag3	0.000153707277471011	0.0014994216813194	0.000971250971250971
ccomisiones_otras_tend6	0.000153042924044936	0.000733385839670761	0.000971250971250971
ctransferencias_emitidas_tend6	0.000152583168230298	0.000879113210358799	0.000388500388500389
tcallcenter_tend12	0.000152383506077413	0.00045677788639238	0.000194250194250194
vmr_pagominimo_saldo_delta3	0.00015188460972583	0.000479862370153098	0.00116550116550117
Visa_mconsumospesos_rank_lag1	0.00015151805447639	0.000532064270583542	0.00116550116550117
vmr_pagominimo_saldo_lag2	0.00015121014106967	0.000675100202685762	0.00116550116550117
ccomisiones_otras_delta2	0.000150946501715958	0.00081766331449588	0.000777000777000777
vmr_msaldopesos_tend6	0.000149884033774883	0.000421456651824074	0.000582750582750583
Master_mpagominimo_rank	0.000149753551301588	0.000232893725539632	0.000388500388500389
cliente_antiguedad	0.000149026213485253	0.000659382824843879	0.000582750582750583
mpayroll_sobre_edad_rank_lag1	0.000148810161758152	0.000605009068566193	0.000194250194250194
rf_026_015	0.000148547141386717	0.000496460729393943	0.000971250971250971
Visa_mpagospesos_rank_delta2	0.000148317126395008	0.000291335814660357	0.000971250971250971
ccomisiones_otras_lag2	0.000148177893227968	0.00174342062192484	0.00116550116550117
mcaja_ahorro_rank_lag3	0.000148032617414645	0.000778634568430767	0.000777000777000777
Visa_mlimitecompra_rank_delta2	0.00014775959661079	0.000667546624295195	0.00155400155400155
Visa_mconsumototal_rank_delta1	0.000146178259206573	0.000579098054707629	0.000971250971250971
rf_029_015	0.00014598590373579	0.000114532200378169	0.000388500388500389
Visa_cconsumos_lag2	0.00014580355794852	0.000469548652792391	0.00116550116550117
vmr_pagominimo_saldo_lag1	0.000145098639737555	0.000484656964201835	0.000971250971250971
vmr_Visa_mlimitecompra_avg6	0.000144882187690395	0.00100930909836253	0.00116550116550117
Visa_Fvencimiento_avg6	0.000143950860311789	0.00057295427748106	0.00135975135975136
mcuentas_saldo_rank_avg12	0.000142464059414819	0.000528610777314482	0.000582750582750583
mcaja_ahorro_dolares_rank_delta3	0.000141895483824579	0.00160703361693391	0.000971250971250971
Visa_fultimo_cierre_avg6	0.000141386076548398	0.000319545693480038	0.000971250971250971
Visa_msaldopesos_rank_lag2	0.000140993312529661	9.54819879254052e-05	0.000388500388500389
Visa_fultimo_cierre_delta2	0.000140964278812714	0.00106112881682305	0.000777000777000777
c_e_sp_delta2	0.000140440742593244	0.00170810400586976	0.000582750582750583
vmr_mpagado_avg6	0.000139337872602429	0.000238814659502768	0.000582750582750583
rf_029_019	0.00013738824326616	0.000226972791576497	0.000388500388500389
mcaja_ahorro_rank_avg6	0.000137079445118467	0.00030698622406038	0.000388500388500389
vm_fultimo_cierre_lag2	0.000137015734517343	0.000605145314706531	0.000777000777000777
vm_mconsumospesos_rank_avg6	0.000136603296365579	0.000481333366617419	0.000388500388500389
vmr_Visa_mlimitecompra_tend6	0.000136215268486374	0.00137770365166674	0.000582750582750583
cextraccion_autoservicio_tend12	0.000136018480900642	0.00122889226876819	0.000582750582750583
ctrx_quarter_lag3	0.000135786041281343	0.000278783273010547	0.000582750582750583
m_deb_aut_rank_lag3	0.000135650364739373	0.000885582592768207	0.00116550116550117
mcomisiones_mantenimiento_rank	0.000135530391508658	0.00079514690786267	0.000582750582750583
cajas_visitas_tend6	0.000135434230593437	0.00250405915354799	0.000777000777000777
Visa_mpagospesos_rank_delta1	0.000135408992347982	0.000493500262412376	0.00135975135975136
mcaja_ahorro_rank_delta3	0.000135230063157862	0.00153611692357416	0.00116550116550117
thomebanking_tend12	0.000135135482497667	0.0014398642212532	0.000777000777000777
Master_mfinanciacion_limite_rank_delta1	0.000134930165929063	0.000737440316974105	0.00194250194250194
vmr_Master_mlimitecompra_tend6	0.000134212085408986	0.00168066945995886	0.000582750582750583
vm_mpagospesos_rank_lag3	0.00013341348326317	0.000530371585484096	0.000777000777000777
visitas_avg12	0.000133191920196927	0.00103149066278644	0.000777000777000777
Visa_mlimitecompra_rank_avg6	0.000133158395159345	0.000308714125323218	0.000971250971250971
atm_ratio_c_tend12	0.00013238207607985	0.00152709350334758	0.000777000777000777
cprestamos_personales_avg12	0.000132306889917345	0.000563787106030141	0.000582750582750583
rf_015_015	0.000132143877234144	0.000784319958219082	0.000582750582750583
Visa_msaldototal_rank_lag2	0.000131980131191504	0.000466740019433318	0.000777000777000777
Visa_mpagospesos_rank_lag2	0.00013163233295529	0.000490084294563324	0.00116550116550117
mtarjeta_visa_consumo_rank_lag3	0.000130992129509633	0.00114468060775662	0.000777000777000777
rf_017_023	0.000129574755969264	0.000581383064129049	0.000582750582750583
Master_mconsumospesos_rank_tend6	0.000128277569275776	0.000837848526575352	0.000777000777000777
Master_msaldototal_rank_tend6	0.000126979070608983	0.000352226870422231	0.000971250971250971
vm_msaldototal_rank_delta3	0.000126816601217291	0.000475558493135238	0.000582750582750583
cajas_ratio_01_avg12	0.000126379384431234	0.000782362863237117	0.000582750582750583
mpayroll_rank_avg6	0.000125793053468927	0.000512164251696132	0.000388500388500389
Master_mpagominimo_rank_lag2	0.000123896109952974	0.000761107310716182	0.000777000777000777
Visa_mfinanciacion_limite_rank_lag2	0.000123684826744234	0.000202077273314769	0.000582750582750583
mpasivos_margen_rank_tend12	0.000122605015525271	0.000572500508556038	0.000582750582750583
Visa_mconsumototal_rank_delta2	0.00012172351779689	0.000385506144827938	0.00116550116550117
Visa_fultimo_cierre_delta1	0.000121707888179007	0.000881211169994332	0.000777000777000777
Master_msaldopesos_rank_avg6	0.000121320152865643	0.000373190879295411	0.000777000777000777
cpagomiscuentas_tend12	0.000120920327423918	0.000547334807270251	0.000194250194250194
e_y_ratio_lag3	0.000120766828229197	0.00032073784720799	0.000971250971250971
ccomisiones_otras_delta1	0.000120085478441252	0.000562583983333264	0.000582750582750583
mtransferencias_emitidas_rank_lag2	0.000120057314747629	0.0005141363568461	0.000582750582750583
atm_ratio_c_avg12	0.000119763114825985	0.000398786102311753	0.000582750582750583
Visa_Fvencimiento_avg12	0.000119165169535891	0.000362593700685103	0.00116550116550117
mcuentas_saldo_rank_avg6	0.000118645034354912	0.000907723167887182	0.000777000777000777
Visa_mpagominimo_rank_delta2	0.000118373287678979	0.000974391983702006	0.000777000777000777
ccajas_consultas_avg12	0.000117554821542461	0.00196232833477035	0.000777000777000777
mcomisiones_rank_avg6	0.00011684234771087	0.000272351993335301	0.000582750582750583
mtransferencias_recibidas_rank_delta2	0.000115426777292787	0.000602979232000828	0.000777000777000777
mcomisiones_mantenimiento_rank_avg6	0.000115110149355688	0.00111423248196199	0.000582750582750583
mtarjeta_master_consumo_rank_tend12	0.00011334487749909	0.0015751127627325	0.000582750582750583
m_y_sp_rank_delta1	0.000112887047593984	0.000860379366062412	0.000971250971250971
visitas_tend6	0.000112644561286796	0.000132859038196005	0.000194250194250194
c_anclaje_pesado_delta2	0.000112461160874831	0.000635629811292861	0.000194250194250194
mtransferencias_recibidas_rank_avg6	0.000112327859340946	0.000497195650311949	0.000582750582750583
mtransferencias_emitidas_rank_delta2	0.000111599211233323	0.000645115082842618	0.000388500388500389
mcaja_ahorro_rank_avg12	0.000110999642796768	0.000122103675507509	0.000194250194250194
cajas_ratio_02_tend12	0.000110998428380452	0.00125111886369611	0.000388500388500389
Visa_Fvencimiento	0.000110788606844536	0.000246929387250996	0.000582750582750583
mactivos_margen_rank_avg12	0.000110665757364651	0.000289710098002772	0.000582750582750583
Master_mfinanciacion_limite_rank_lag3	0.000110439724968832	0.000438620201621657	0.00116550116550117
Visa_mpagado_rank_delta2	0.000109464978842892	0.00176633422069598	0.000777000777000777
vmr_msaldopesos2_lag3	0.000108816811046464	0.000541015526540875	0.000971250971250971
mcomisiones_otras_rank_avg6	0.000108785650839451	0.000442483587940037	0.000582750582750583
vmr_msaldopesos2	0.000108535703104593	0.000197558635431631	0.000194250194250194
c_anclaje_pesado_avg12	0.000108009431925386	0.000879551969115817	0.000582750582750583
Master_mpagospesos_rank_lag1	0.000107349050162089	0.0014686872077044	0.000777000777000777
Master_msaldopesos_rank_delta3	0.000106759091088988	0.000188046807430791	0.000582750582750583
c_e_y_ratio_lag1	0.000106606720527714	0.000325078672331704	0.000777000777000777
rf_048_023	0.000106219780913545	0.000410543682371544	0.000582750582750583
ctransferencias_recibidas_delta3	0.000105334399092398	0.00118147226147509	0.000582750582750583
ctrx_quarter	0.000104970481245706	0.00140958236193492	0.000582750582750583
Master_mfinanciacion_limite_rank_avg6	0.000104901442435045	0.000580104890592155	0.00116550116550117
Visa_mpagosdolares_rank_delta3	0.000104862364553235	0.000297967422347032	0.000971250971250971
hb_cajas_avg12	0.000103358400774706	0.000340274735492551	0.000582750582750583
mv_status07_rank_delta1	0.00010316461222539	0.000560723299815012	0.000194250194250194
vmr_msaldopesos2_tend12	0.000102456980920909	0.000507135268100883	0.000777000777000777
Visa_mconsumosdolares_rank_delta3	0.000102347814649794	0.000398096211897757	0.000582750582750583
matm_other_rank_tend6	0.000102219491886401	0.00152127879518877	0.000582750582750583
vm_msaldopesos_rank_lag2	0.000101924159126269	0.000859033646769504	0.000777000777000777
seguros_ratio_01_lag3	0.000101136293085083	0.00114987239394329	0.000777000777000777
Visa_mlimitecompra_rank_delta3	0.000101118936351059	0.000527168069243706	0.000971250971250971
c_e_y_ratio_avg6	0.000100832777311962	0.000286758290733514	0.000582750582750583
vm_fultimo_cierre_tend6	0.000100535821405368	0.000315184085046781	0.000777000777000777
Visa_cconsumos_lag3	9.97199737489057e-05	0.000413342501389999	0.00116550116550117
Master_cconsumos_lag2	9.96054035774862e-05	0.000518131948105739	0.000582750582750583
c_deb_aut_avg12	9.88365872204943e-05	0.000721880545896256	0.000582750582750583
Master_mconsumospesos_rank	9.87026448381105e-05	0.00142342346877639	0.000582750582750583
vm_mlimitecompra_rank_delta3	9.86933786061365e-05	0.0002249383364979	0.000388500388500389
vm_mlimitecompra_rank_delta2	9.8473096606135e-05	0.000304068478326206	0.000777000777000777
m_deb_aut_rank_delta1	9.79542263019842e-05	0.000410596795273709	0.000582750582750583
mcomisiones_mantenimiento_rank_delta3	9.69573906665227e-05	0.000440363690366652	0.000777000777000777
vm_msaldototal_rank_tend6	9.61799480850475e-05	0.000631651539457841	0.000971250971250971
Visa_mconsumosdolares_rank_lag1	9.61250804783548e-05	0.000483517346061894	0.00135975135975136
cpayroll_trx_avg12	9.58014648116393e-05	0.00154993031933624	0.000582750582750583
vmr_msaldototal_lag2	9.54211002021515e-05	0.000402835961101866	0.000388500388500389
vmr_msaldototal_delta3	9.50241643606055e-05	0.000471493046862968	0.000777000777000777
ctrx_quarter_normalizado_lag2	9.47360987551729e-05	0.00114485264737451	0.000582750582750583
ctarjeta_debito_tend6	9.41355076522464e-05	0.00127125962258572	0.000388500388500389
mcomisiones_mantenimiento_rank_lag1	9.35517190587234e-05	0.000458059523814197	0.000777000777000777
ctarjeta_visa_transacciones_lag2	9.30563675580898e-05	0.000261940709882572	0.000582750582750583
vmr_msaldopesos2_delta1	9.28474021688563e-05	0.000302057693127923	0.000582750582750583
vmr_Master_mlimitecompra	9.18896305385645e-05	0.000222324258008716	0.000777000777000777
mpagomiscuentas_rank	9.10543787128137e-05	0.00141784141822164	0.000582750582750583
vm_mfinanciacion_limite_rank_delta1	9.09974693476644e-05	0.00019130690045827	0.000582750582750583
mcaja_ahorro_rank_lag1	9.07765347250442e-05	0.00101262230429218	0.000582750582750583
mcuenta_debitos_automaticos_rank_tend6	9.07169307685675e-05	0.00204933304165883	0.000777000777000777
m_pagos_rank	9.03986224964273e-05	0.000638869121010797	0.000388500388500389
vmr_msaldodolares_tend12	8.92090041578498e-05	0.00186757607193556	0.000582750582750583
Visa_mlimitecompra_rank_lag3	8.91849731801383e-05	0.000378894743136653	0.000971250971250971
c_y_sp_tend12	8.88637634285726e-05	0.00228129844603887	0.000777000777000777
mtransferencias_emitidas_rank_tend6	8.86107897450265e-05	0.00115301991071075	0.000582750582750583
ctarjeta_debito_delta2	8.79350360278344e-05	0.00190688943387858	0.000582750582750583
atm_ratio_c_tend6	8.78058587997766e-05	0.000100700330563157	0.000194250194250194
ccallcenter_transacciones_avg6	8.72906906151712e-05	0.00023984112406853	0.000388500388500389
vm_mlimitecompra_rank_lag2	8.56180617351166e-05	0.000810546185605715	0.000777000777000777
ctarjeta_visa_transacciones_avg12	8.52809926652128e-05	0.000185285513832343	0.000582750582750583
ctrx_quarter_normalizado	8.52474166611999e-05	0.000492981256987955	0.000194250194250194
ccaja_seguridad_lag1	8.4922477877816e-05	0.00127125962258572	0.000388500388500389
seguros_ratio_01_lag2	8.46403918430255e-05	0.000489582031249369	0.000582750582750583
m_pagos_rank_tend6	8.27841834161893e-05	0.000313979230407441	0.000388500388500389
ctrx_quarter_delta2	8.25618094074715e-05	0.000166802801192934	0.000582750582750583
vm_mlimitecompra_rank_tend6	8.25553904098729e-05	0.000743539063696664	0.000582750582750583
mpasivos_margen_rank_tend6	8.23616397059398e-05	0.0011344875490541	0.000777000777000777
Visa_mpagosdolares_rank_tend6	8.2010593494786e-05	0.000183430603455632	0.000388500388500389
cproductos_avg12	8.13181777166147e-05	0.000757819506609312	0.000582750582750583
rf_008_017	8.07279781150741e-05	0.00041673364473043	0.000194250194250194
cseguro_vida_avg12	7.99213247843565e-05	0.000903225313313587	0.000388500388500389
c_anclaje_pesado_tend6	7.92417915748344e-05	0.00190688943387858	0.000582750582750583
c_pagos_delta2	7.80189853576803e-05	0.00127125962258572	0.000388500388500389
vmr_msaldopesos2_avg6	7.77960891352289e-05	0.000246580689501997	0.000777000777000777
rf_009_013	7.6991932285767e-05	0.000328750967665119	0.000388500388500389
ctarjeta_debito_transacciones_tend6	7.68245749525038e-05	0.00190688943387858	0.000582750582750583
rf_011_019	7.55493436276776e-05	0.000352692185630332	0.000388500388500389
ccheques_depositados_avg12	7.52705257520313e-05	0.00184385769723378	0.000582750582750583
e_y_ratio_delta3	7.5038155095432e-05	0.000388682527303091	0.000582750582750583
vm_status_SP_avg6	7.4676235485005e-05	0.00117485739589889	0.000388500388500389
cpagomiscuentas_tend6	7.36828664867006e-05	0.000746218378685247	0.000388500388500389
cmobile_app_trx	7.29777884841147e-05	0.000817620015934333	0.000388500388500389
ctransferencias_recibidas_lag3	7.27412127848697e-05	0.00042937624738826	0.000388500388500389
tcallcenter_avg6	7.20650251072764e-05	0.000200636297186455	0.000194250194250194
Master_cconsumos_lag1	7.18838500433018e-05	0.000299297554157783	0.000777000777000777
vm_mfinanciacion_limite_rank_delta2	7.11341741600022e-05	0.00129545254952207	0.000777000777000777
Master_mpagospesos_rank_delta3	7.06681906772059e-05	9.26323652614001e-05	0.000194250194250194
rf_006_026	6.97699414255635e-05	0.00171698425218616	0.000582750582750583
c_y_sp_avg6	6.91532466913211e-05	0.000284548909466264	0.000388500388500389
rf_040_017	6.80825133184218e-05	0.000532970653805277	0.000388500388500389
vm_cconsumos_lag1	6.80437865576723e-05	0.000562694827650826	0.000194250194250194
contactos_avg12	6.80050463407863e-05	0.00020419082043246	0.000388500388500389
vm_mconsumototal_rank_delta2	6.73044492316436e-05	0.000307338963008457	0.000388500388500389
m_inversiones_rank_lag1	6.66939712324485e-05	0.00017177174411617	0.000388500388500389
rf_013_019	6.65120442674266e-05	0.000324858138324887	0.000388500388500389
Master_mconsumototal_rank_delta3	6.63809802367337e-05	0.000144064705924599	0.000388500388500389
mpayroll_sobre_edad_rank_delta1	6.63575711848296e-05	0.000227516621509538	0.000194250194250194
vmr_Master_mlimitecompra_lag3	6.63261754954286e-05	0.000293279054102627	0.000582750582750583
cajas_ratio_04_avg6	6.63031612970288e-05	0.00157758770851057	0.000582750582750583
mcuenta_debitos_automaticos_rank_delta2	6.61974599810533e-05	0.000826688466664922	0.000388500388500389
c_e_sp_tend6	6.61954952800032e-05	0.000776147499055456	0.000582750582750583
mtransferencias_recibidas_rank	6.59324716496601e-05	0.000265644180180302	0.000388500388500389
vm_mfinanciacion_limite_rank_lag3	6.58988313084948e-05	0.000298386552422816	0.000388500388500389
vmr_mconsumospesos_lag3	6.57700947689064e-05	0.000360049477208549	0.000582750582750583
Visa_mpagominimo_rank_delta1	6.57599925744544e-05	0.000170202026931521	0.000582750582750583
mextraccion_autoservicio_rank_delta2	6.53116643837103e-05	0.00118228281054727	0.000388500388500389
c_p_sp_lag3	6.483766693064e-05	0.00127125962258572	0.000388500388500389
mtransferencias_recibidas_rank_delta3	6.43197687797859e-05	0.000461905013393804	0.000777000777000777
hb_cajas_tend12	6.43080350813504e-05	0.000850649890625524	0.000388500388500389
vm_cconsumos_tend6	6.35507758635659e-05	5.39528942594398e-05	0.000194250194250194
Master_msaldopesos_rank_tend6	6.35237626696102e-05	0.000214435837408844	0.000388500388500389
mtarjeta_master_consumo_rank_delta3	6.30738802951042e-05	0.00104293072006154	0.000582750582750583
m_tax_rank_delta3	6.28059585259613e-05	0.000286149801615228	0.000194250194250194
vm_mconsumospesos_rank_lag2	6.27795441300783e-05	0.000110924564229998	0.000194250194250194
ccomisiones_otras_avg6	6.25796044443794e-05	0.000172213966758112	0.000388500388500389
mtarjeta_visa_consumo_rank_lag1	6.25540226469403e-05	0.000185645757864422	0.000388500388500389
rf_016_024	6.25003040681504e-05	0.000666883290332281	0.000388500388500389
c_anclaje_pesado	6.18508957841419e-05	0.000250780072657988	0.000194250194250194
m_e_sp_rank_lag1	6.17326012064511e-05	0.000446143182362064	0.000388500388500389
rf_039_023	6.14375501841755e-05	0.000145676567042488	0.000194250194250194
rf_035_022	6.12549941447738e-05	0.000300294575701692	0.000388500388500389
rf_016_021	6.06712770369757e-05	0.000334695571508567	0.000194250194250194
cforex_sell_avg12	6.03053172215749e-05	0.000895555117463917	0.000388500388500389
vmr_mconsumospesos_delta2	5.99812598151295e-05	0.000643883671752196	0.000388500388500389
cextraccion_autoservicio_avg12	5.97849869266176e-05	0.00055990466834468	0.000388500388500389
ctarjeta_debito_transacciones_lag1	5.92710449324476e-05	0.000143781821989153	0.000388500388500389
c_e_y_ratio_avg12	5.87879359929726e-05	0.00103464626195205	0.000582750582750583
vmr_pagominimo_saldo_delta2	5.87515640561047e-05	0.000318325828672695	0.000194250194250194
mcuenta_debitos_automaticos_rank_tend12	5.87382189327644e-05	0.000739542317808717	0.000388500388500389
mcaja_ahorro_dolares_rank_lag2	5.86716985221441e-05	0.000274925082519553	0.000388500388500389
ctarjeta_debito_transacciones_delta2	5.80030042305455e-05	0.000292765244505592	0.000388500388500389
vmr_msaldopesos_lag1	5.79072116770602e-05	0.000635629811292861	0.000194250194250194
c_e_y_ratio_delta2	5.72654532066326e-05	0.000372056456982856	0.000582750582750583
ctrx_quarter_normalizado_avg6	5.7036394441621e-05	0.000390213564439425	0.000388500388500389
vmr_mconsumospesos_lag1	5.67439791400757e-05	0.000151869415972144	0.000388500388500389
cajas_visitas_lag1	5.67420212722199e-05	0.0012526302721512	0.000388500388500389
mautoservicio_rank_delta3	5.66290670986891e-05	0.000189169106146112	0.000388500388500389
atm_ratio_c_avg6	5.60384087269959e-05	0.000280229444966247	0.000582750582750583
ccuenta_debitos_automaticos_tend12	5.60310999423735e-05	0.000527773094477069	0.000194250194250194
chomebanking_transacciones_tend6	5.58807276173646e-05	0.000895098461968125	0.000388500388500389
rf_028_025	5.56649349208915e-05	0.00104554306660827	0.000388500388500389
Visa_msaldototal_rank_lag3	5.54435764299726e-05	0.000184544819772797	0.000388500388500389
ctarjeta_debito_transacciones_delta1	5.53584360905173e-05	0.00117055929202256	0.000388500388500389
mcomisiones_mantenimiento_rank_delta2	5.49393009878365e-05	0.000121010819814041	0.000388500388500389
vm_fultimo_cierre	5.44889627867077e-05	0.000336025126005165	0.000388500388500389
rf_024_019	5.43975956201027e-05	0.000323216834185145	0.000388500388500389
Visa_fultimo_cierre	5.41465730763443e-05	0.000231527800251335	0.000388500388500389
ccajeros_propios_descuentos_avg6	5.38122772320652e-05	0.00127125962258572	0.000388500388500389
rf_003_013	5.37484547768064e-05	0.000263575086252467	0.000194250194250194
Master_fultimo_cierre_delta3	5.30613901256538e-05	0.000195265543612055	0.000388500388500389
active_quarter_avg12	5.27866185522933e-05	0.000542007929571553	0.000388500388500389
rf_035_020	5.27496225870968e-05	0.000174934271051628	0.000194250194250194
Visa_fultimo_cierre_lag2	5.27188299008111e-05	0.000373226672772957	0.000388500388500389
ctarjeta_master_transacciones_avg12	5.24493514248808e-05	0.0006909925067163	0.000388500388500389
vm_cconsumos_delta2	5.21285882488441e-05	0.000619783692394641	0.000194250194250194
mtarjeta_master_consumo_rank_avg12	5.14257237807068e-05	0.000293891584419991	0.000194250194250194
atm_ratio_eme_lag1	5.10121214628869e-05	0.000249140500460708	0.000582750582750583
catm_trx_tend6	5.06948772767882e-05	0.000716329092991663	0.000388500388500389
cforex_sell_tend12	5.06725249521009e-05	0.00101349808986375	0.000388500388500389
vmr_msaldopesos_delta2	5.03517003824415e-05	0.000285841515857007	0.000388500388500389
rf_035_019	4.93589520484316e-05	0.000220428358327072	0.000194250194250194
mautoservicio_rank_delta2	4.92600797217126e-05	0.000430089807682569	0.000388500388500389
vm_mconsumospesos_rank_lag3	4.92471937890292e-05	0.000106144403035111	0.000388500388500389
vmr_msaldodolares_avg6	4.92218424279271e-05	0.000179644577233884	0.000388500388500389
Master_msaldototal_rank_avg6	4.87469114553894e-05	0.000149055586785685	0.000582750582750583
vmr_Master_mlimitecompra_tend12	4.87345906804376e-05	0.000266599635105125	0.000388500388500389
c_e_y_ratio_lag2	4.85803833565359e-05	9.04968802058582e-05	0.000194250194250194
m_y_sp_rank_delta3	4.85507142576451e-05	0.000271163880806427	0.000388500388500389
p_e_ratio_avg12	4.83153681128697e-05	0.00102375003460998	0.000388500388500389
m_deb_aut_rank_lag2	4.69172318015961e-05	0.000156694607671041	0.000194250194250194
vmr_mpagospesos_avg12	4.61198018114175e-05	0.000755076687063792	0.000582750582750583
mforex_sell_rank_avg6	4.59778690069985e-05	0.000635629811292861	0.000194250194250194
vmr_mpagospesos_tend6	4.57623277720756e-05	0.000154796398732782	0.000388500388500389
ctransferencias_recibidas_tend6	4.55031331484396e-05	0.000150346461233967	0.000194250194250194
ccajas_transacciones_avg6	4.54271783041395e-05	0.000813403890667876	0.000388500388500389
m_ganchos_liviano_rank_tend6	4.46551240643104e-05	8.59257067347091e-05	0.000194250194250194
Master_mconsumototal_rank_delta1	4.46413214323303e-05	7.46409469670212e-05	0.000194250194250194
mtarjeta_visa_consumo_rank_avg6	4.34808322651678e-05	0.000600629563394163	0.000388500388500389
mextraccion_autoservicio_rank_delta3	4.2993079276595e-05	0.00015844444687173	0.000194250194250194
Visa_mpagado_rank_tend6	4.21692273214567e-05	0.000211357598339866	0.000194250194250194
ctarjeta_debito_transacciones_lag3	4.20246108588212e-05	0.000121741699532969	0.000194250194250194
Visa_mpagado_rank_delta3	4.1763491166662e-05	0.000603770729705924	0.000194250194250194
rf_016_023	4.0929227525933e-05	0.000403440409021074	0.000388500388500389
matm_rank_delta3	4.07122506894509e-05	0.000184403377805074	0.000194250194250194
ccomisiones_otras_lag1	4.04278687013758e-05	6.79596902631049e-05	0.000194250194250194
vmr_mconsumosdolares_tend12	4.02882915618469e-05	0.00030759817706359	0.000194250194250194
Visa_mpagominimo_rank_delta3	3.91802678707658e-05	0.000181254706409312	0.000388500388500389
c_p_sp_avg12	3.86064797096627e-05	0.00053915715227924	0.000194250194250194
seguros_ratio_01_tend12	3.84901009494014e-05	0.00024435572075259	0.000194250194250194
tcallcenter_avg12	3.84855830515828e-05	9.05523023646395e-05	0.000194250194250194
ctarjeta_visa_debitos_automaticos_avg6	3.77497308648988e-05	5.02338364795531e-05	0.000194250194250194
vmr_mconsumospesos_tend12	3.76490688720299e-05	0.000133600886883859	0.000388500388500389
Master_mpagospesos_rank_lag3	3.74118977387463e-05	7.42166210638519e-05	0.000194250194250194
m_deb_aut_rank_lag1	3.72283997697919e-05	0.00011380132065924	0.000194250194250194
vm_mconsumosdolares_rank_lag2	3.68068257423765e-05	9.50888369865504e-05	0.000194250194250194
vmr_mpagospesos_lag3	3.6200001084232e-05	9.86820402808712e-05	0.000194250194250194
mtarjeta_visa_consumo_rank_tend12	3.52507917617753e-05	5.60993482839071e-05	0.000194250194250194
Master_mpagosdolares_rank_delta3	3.5155458398947e-05	5.31723655232698e-05	0.000194250194250194
ctrx_quarter_normalizado_tend6	3.51010232808903e-05	0.000184028700919147	0.000388500388500389
vmr_mconsumospesos_avg6	3.50755592246452e-05	0.000140340452317326	0.000194250194250194
rf_044_019	3.49884172848906e-05	0.000184018886578529	0.000194250194250194
m_pagos_rank_lag2	3.43568636119556e-05	0.000320012740630601	0.000194250194250194
vmr_mpagosdolares_avg12	3.4135658184589e-05	7.79737815779007e-05	0.000194250194250194
rf_005_023	3.39084412282562e-05	9.81410969185996e-05	0.000194250194250194
matm_rank_lag3	3.39065910094921e-05	4.84112556954639e-05	0.000194250194250194
Master_fultimo_cierre	3.38775812612882e-05	0.000151341750835414	0.000388500388500389
vmr_msaldopesos2_avg12	3.27431314002047e-05	0.000742619402249387	0.000388500388500389
mprestamos_personales_rank_tend6	3.25017770904972e-05	0.000272021192325075	0.000194250194250194
m_y_sp_rank_lag2	3.17801110356826e-05	9.99325027383742e-05	0.000194250194250194
mcuenta_debitos_automaticos_rank_lag1	3.15714467275024e-05	0.000354611755192288	0.000194250194250194
ctarjeta_debito_transacciones_tend12	3.14076746135988e-05	0.000821134704503713	0.000582750582750583
vmr_msaldototal_tend6	3.13548689495674e-05	0.000438878838362636	0.000388500388500389
vmr_mconsumospesos_lag2	3.1332874053505e-05	0.000128778581755732	0.000388500388500389
ccajas_consultas_tend12	3.12210657540952e-05	0.000374659566503115	0.000194250194250194
Master_mpagado_rank_tend6	3.11186847397927e-05	0.000121960501597324	0.000194250194250194
atm_ratio_eme_avg12	3.09584086983447e-05	5.8522913102281e-05	0.000194250194250194
Master_msaldodolares_rank_avg6	3.01367265452115e-05	0.00014614188225059	0.000194250194250194
c_pagos_tend6	3.01062517601499e-05	0.000550140554058554	0.000194250194250194
mttarjeta_visa_debitos_automaticos_rank_avg6	2.9959142548234e-05	0.000259282755517686	0.000194250194250194
c_e_sp_lag3	2.9250310283574e-05	0.00021677395973243	0.000194250194250194
vm_mconsumototal_rank_tend6	2.86972092502705e-05	4.76145621629828e-05	0.000194250194250194
cforex_sell_tend6	2.83125925016593e-05	0.000562728311871757	0.000194250194250194
Master_msaldopesos_rank_delta1	2.79563278325823e-05	7.77965461326314e-05	0.000194250194250194
m_e_sp_rank_lag3	2.79239271379889e-05	0.000243234576665576	0.000194250194250194
contactos_avg6	2.775051790735e-05	5.32439524783623e-05	0.000194250194250194
c_e_y_ratio_delta3	2.75892225635647e-05	0.00012187852298746	0.000194250194250194
mpasivos_margen_rank_avg12	2.7522690378825e-05	0.000279444297716845	0.000194250194250194
vm_msaldototal_rank_lag3	2.73264629047737e-05	5.6574477832626e-05	0.000194250194250194
ctrx_quarter_avg6	2.73122851829896e-05	6.98590538296723e-05	0.000194250194250194
mpasivos_margen_rank_avg6	2.72504828302177e-05	6.27251828290421e-05	0.000194250194250194
c_p_sp_tend12	2.67286471299933e-05	0.00050263914546975	0.000194250194250194
mpayroll_sobre_edad_rank_lag2	2.66633932782179e-05	0.000635629811292861	0.000194250194250194
ccajas_transacciones_delta3	2.64534018585788e-05	0.000478241849322899	0.000194250194250194
mautoservicio_rank_tend6	2.6433172239419e-05	5.74300574088123e-05	0.000194250194250194
catm_trx_tend12	2.56103765909933e-05	7.05991705750642e-05	0.000194250194250194
c_seguros_avg12	2.55424752443682e-05	8.80969852677972e-05	0.000194250194250194
ccallcenter_transacciones_tend6	2.55165099470397e-05	0.000209047764409825	0.000194250194250194
rf_047_021	2.52908623126223e-05	0.000123017563813247	0.000194250194250194
ctarjeta_debito_transacciones_delta3	2.52065377514403e-05	0.000409076727106301	0.000194250194250194
e_y_ratio_delta1	2.47132912951551e-05	0.000106060115168632	0.000194250194250194
vm_status06_delta3	2.44747795942761e-05	0.000131528906385254	0.000194250194250194
c_deb_aut_avg6	2.43984933926155e-05	7.2901499421104e-05	0.000194250194250194
vmr_mconsumosdolares_delta3	2.42146943426077e-05	0.000428272422725865	0.000194250194250194
ctransferencias_emitidas_avg6	2.32656834981638e-05	0.000531291824245527	0.000194250194250194
cliente_edad_tend12	2.32383086705406e-05	0.000544076446185234	0.000194250194250194
vm_mpagospesos_rank_delta2	2.31522095813621e-05	0.000117410688749872	0.000194250194250194
mautoservicio_rank_delta1	2.29935213640171e-05	0.000635629811292861	0.000194250194250194
c_e_y_ratio_delta1	2.29851028686405e-05	0.000199283072809545	0.000194250194250194
Master_cconsumos_lag3	2.27594972846495e-05	0.000111186664855902	0.000194250194250194
vmr_mconsumosdolares_delta1	2.25884126015851e-05	0.000536326003668162	0.000194250194250194
Visa_mpagado_rank_delta1	2.21689410954926e-05	0.000608440623897402	0.000194250194250194
mv_status07_rank_delta3	2.21155723762509e-05	0.000515822691489851	0.000194250194250194
vm_mconsumosdolares_rank_delta2	2.20625955669837e-05	0.00057049203261437	0.000194250194250194
rf_013_023	2.20190801036694e-05	0.000437546397295269	0.000194250194250194
visitas_avg6	2.18471426379564e-05	0.000486818428394305	0.000194250194250194
mpayroll_rank_tend12	2.1764942464319e-05	0.00047463132660396	0.000194250194250194
ctransferencias_recibidas_delta2	2.14996967843159e-05	0.000635629811292861	0.000194250194250194
cplazo_fijo_tend12	2.10455387224478e-05	0.000635629811292861	0.000194250194250194
vmr_Visa_mlimitecompra_lag1	2.07045753625498e-05	0.00013546734354365	0.000194250194250194
vmr_mpagominimo_lag1	2.0598749577312e-05	5.54758489976175e-05	0.000194250194250194
ctarjeta_visa_debitos_automaticos_avg12	2.05150927769021e-05	0.000544013518942451	0.000194250194250194
Master_cconsumos_delta3	2.0447250300874e-05	0.000469548652792391	0.000194250194250194
mcaja_ahorro_rank_tend6	2.02111775247294e-05	8.72235089528378e-05	0.000194250194250194
vmr_mconsumosdolares_avg6	2.00906172700612e-05	0.000635629811292861	0.000194250194250194
cextraccion_autoservicio_tend6	1.97557142176241e-05	0.000602150208875725	0.000194250194250194
vmr_mpagado_delta3	1.93835376671759e-05	0.000460726715205547	0.000194250194250194
rf_008_024	1.92599867861781e-05	0.000596584900431436	0.000194250194250194
mtarjeta_master_consumo_rank	1.91616123365084e-05	0.000252382696749414	0.000194250194250194
vm_mconsumospesos_rank_tend6	1.91114041273192e-05	5.89478163196043e-05	0.000194250194250194
mautoservicio_rank_tend12	1.81580940472744e-05	0.000635629811292861	0.000194250194250194
catm_trx_delta2	1.8136517132451e-05	0.000340327848394717	0.000194250194250194
ccajas_depositos_tend6	1.80881725981623e-05	0.000635629811292861	0.000194250194250194
mv_status07_rank_lag2	1.79742680849936e-05	0.000424477159477654	0.000194250194250194
vm_mlimitecompra_rank_delta1	1.77059447342781e-05	0.000100184211709506	0.000388500388500389
m_y_sp_rank_lag3	1.76489542118057e-05	5.78353319449005e-05	0.000194250194250194
rf_047_020	1.7046829109322e-05	0.000599563264151777	0.000194250194250194
vm_mpagado_rank_lag1	1.69238972106017e-05	0.000548616444692069	0.000194250194250194
vmr_mpagospesos_lag2	1.68892257929796e-05	0.000389866598632888	0.000194250194250194
p_e_ratio_tend12	1.65645712704786e-05	0.000458650116193711	0.000194250194250194
mautoservicio_rank_lag1	1.64107272622614e-05	5.19322947205383e-05	0.000194250194250194
catm_trx_other_tend6	1.55717136053599e-05	0.000635629811292861	0.000194250194250194
vmr_msaldopesos_delta1	1.55673807294178e-05	5.52703251588035e-05	0.000194250194250194
cseguro_vida_lag2	1.4205266495464e-05	0.000635629811292861	0.000194250194250194
vmr_mconsumospesos_delta3	1.17826657365298e-05	5.88242710906543e-05	0.000194250194250194
ccomisiones_otras_lag3	7.0452676354556e-06	6.97060655788698e-05	0.000194250194250194
matm_rank_lag1	2.74967107843516e-06	5.90782893184019e-05	0.000194250194250194
