Feature	Gain	Cover	Frequency
rf_033_015	0.0735019079612243	0.00310916625130225	0.00160509201605092
rf_033_024	0.0368243379685331	0.00415449649321843	0.001383700013837
rf_005_016	0.0286343918584412	0.000844844345779606	0.0008302200083022
m_y_sp_rank	0.0228376494619877	0.00356970528103758	0.00066417600664176
cdescubierto_preacordado_tend12	0.0210113351186446	0.00201314210624051	0.00049813200498132
vm_Finiciomora_tend12	0.0204422769557125	0.00309150200881792	0.00141137401411374
m_e_sp_rank	0.0194031782565778	0.0028299233083749	0.00080254600802546
rf_009_022	0.0191460655222789	0.000657411381719867	0.0011069600110696
mcaja_ahorro_rank	0.018253985082473	0.00267645583777191	0.00146672201466722
m_y_sp_rank_lag1	0.0176418643025387	0.00127102214546485	0.0006918500069185
vmr_pagominimo_saldo_lag1	0.015967383823089	0.000759638477471885	0.00102393801023938
rf_027_027	0.015721881695643	0.0031058682945601	0.00088556800885568
estado_tend12	0.015499751386246	0.00117466825436674	0.00024906600249066
rf_021_024	0.0144520923924387	0.00179493640966289	0.00099626400996264
rf_043_019	0.012370792697992	0.00563562015986965	0.00071952400719524
rf_013_015	0.0120288380173295	0.00102126135104443	0.0005534800055348
c_e_sp	0.0120061096953508	0.00148907756232348	0.00066417600664176
cdescubierto_preacordado	0.0118076986341888	0.00474642599205122	0.00282274802822748
mcaja_ahorro_rank_lag1	0.0118071617378839	0.00137246733128504	0.0011069600110696
rf_024_023	0.0114218455485539	0.00397132418688855	0.00121765601217656
m_e_sp_rank_lag1	0.00971807152651392	0.000612244129088364	0.00024906600249066
mcuentas_saldo_rank	0.00759724031530092	0.00672596008840894	0.00243531202435312
rf_034_021	0.00724442820558793	0.00123049352682611	0.00196485401964854
ctrx_quarter_normalizado	0.00694403159097362	0.000791637583575328	0.00058115400581154
rf_049_025	0.00693466126233216	0.00247493847629137	0.00060882800608828
rf_005_021	0.00569700340743332	0.00105367759721634	0.00154974401549744
cproductos_delta3	0.00503792967335198	0.00129516526540992	0.00047045800470458
mprestamos_personales_rank	0.00484046058946126	0.0041583896487264	0.00202020202020202
mcuentas_saldo_rank_tend12	0.00430599656390537	0.00171567296575843	0.00243531202435312
m_anclaje_pesado_rank	0.00396316652118265	0.00699431640417833	0.00149439601494396
ctrx_quarter	0.00393282994579293	0.00077031243605783	0.00049813200498132
foto_mes	0.00372666435133	0.00828492682792364	0.00293344402933444
rf_004_025	0.00358828771513994	0.00152856287539797	0.00127300401273004
mpasivos_margen_rank_tend12	0.0035395510069948	0.000886106602682857	0.00199252801992528
rf_005_023	0.0035357048444444	0.00185662213576971	0.00049813200498132
mcuenta_corriente_rank_delta2	0.00340389907681587	0.000339046529402122	0.00094091600940916
rf_026_015	0.00327955043272616	0.000634250544665275	0.00060882800608828
rf_047_026	0.00321660539281097	0.000862917986649907	0.0004151100041511
mcuentas_saldo_rank_delta2	0.00316293277247341	0.00213808967393118	0.00268437802684378
internet_tend12	0.00315166287796591	0.00171973006277802	0.00257368202573682
mcuenta_corriente_rank_delta3	0.00304079628913354	0.000985436943003107	0.00160509201605092
Visa_msaldopesos_rank	0.00290701630141286	0.00147702011953667	0.00171578801715788
mcomisiones_rank_delta3	0.00286067544964066	0.000722596348313671	0.00296111802961118
ccaja_ahorro_tend6	0.00284690351487704	0.00920140314024164	0.00116230801162308
mactivos_margen_rank	0.00277908956290374	0.00662925053530922	0.0031825100318251
rf_032_025	0.00269262695135213	0.00289630869114826	0.00044278400442784
vm_status01	0.00262074951149745	0.0015771938478556	0.00107928601079286
vm_status06_delta1	0.00257774833775064	0.00260412894138147	0.00033208800332088
mpasivos_margen_rank	0.00257399635267504	0.0037408629515309	0.00224159402241594
mcuenta_corriente_rank	0.00248247738585769	0.00357840738755316	0.00260135602601356
mcuentas_saldo_rank_delta3	0.00245841403243115	0.00261725109320765	0.0034592500345925
rf_015_020	0.00240480762122595	0.00112714479789874	0.00038743600387436
mcomisiones_mantenimiento_rank_tend6	0.00240322088475797	0.0024322909136149	0.00210322402103224
mprestamos_personales_rank_delta1	0.00239731334071946	0.00489368645486692	0.001383700013837
mcomisiones_rank_tend12	0.00238739406189428	0.000978249929290774	0.0016604400166044
ccomisiones_mantenimiento_tend6	0.00238011688587805	0.00307646857220206	0.00077487200774872
ctrx_quarter_delta2	0.0022992540659816	0.00158668332902007	0.00185415801854158
m_anclaje_pesado_rank_lag1	0.00229283152679453	0.00208130989755968	0.00143904801439048
Visa_delinquency_tend12	0.00228066770825442	0.00393788968177223	0.00149439601494396
mtarjeta_visa_consumo_rank	0.00217572850765067	0.00109467982466643	0.00071952400719524
m_anclaje_pesado_rank_delta2	0.00211516919097632	0.00766432805724571	0.0017988100179881
mcuentas_saldo_rank_lag1	0.00204910276041703	0.001101588137809	0.00121765601217656
rf_037_028	0.00197736906878174	0.00223664994453988	0.00107928601079286
vmr_mpagospesos	0.00197077644482907	0.000703126016842957	0.00085789400857894
ctrx_quarter_delta1	0.0019573156800622	0.00188264147523669	0.00094091600940916
m_anclaje_pesado_rank_delta1	0.00188226305523996	0.00345939586876253	0.0011069600110696
vm_status06_delta2	0.00182933928283337	0.000584335363699924	0.00022139200221392
rf_030_027	0.00178820739268443	0.00164290433807278	0.00085789400857894
ctrx_quarter_delta3	0.00174130237052001	0.00106807758204701	0.00177113601771136
vmr_pagominimo_saldo_delta3	0.00174077634623486	0.000496220899740152	0.00113463401134634
rf_018_015	0.00170514138833636	0.000194608137551788	0.00052580600525806
mcuenta_debitos_automaticos_rank	0.00166703623433046	0.00479604744447491	0.00113463401134634
mcuentas_saldo_rank_lag2	0.00166575539012712	0.00192702818411563	0.00177113601771136
tcallcenter_delta3	0.00162207269932876	0.00132104252223349	0.00163276601632766
cproductos_delta1	0.00160938094220657	0.00217204560413308	0.00033208800332088
rf_038_026	0.00159788175827031	0.00241881628753872	0.00052580600525806
internet_avg12	0.00158914152820069	0.00203940963494037	0.00160509201605092
thomebanking	0.0015660839404435	0.00289651452882396	0.0022139200221392
Visa_mpagospesos_rank	0.00156130235695984	0.00102506889265188	0.0020755500207555
m_anclaje_pesado_rank_tend6	0.00154285222132405	0.000773290706852321	0.00058115400581154
mcomisiones_otras_rank	0.00150440125912475	0.000512448377032339	0.00174346201743462
c_deb_aut_tend12	0.00147760236791399	0.00395246089440393	0.0019371800193718
mprestamos_personales_rank_tend6	0.00146243883603443	0.000889370860336514	0.00052580600525806
mrentabilidad_annual_rank_lag2	0.00144570467435415	0.00152287956966169	0.00337622803376228
vm_status_SP_tend12	0.00143511030427167	0.000472004006114853	0.0004151100041511
rf_028_027	0.00139793214519667	0.00252677997001829	0.00116230801162308
mcuenta_corriente_rank_tend12	0.00139544044652979	0.00433490820664981	0.00232461602324616
mrentabilidad_annual_rank_delta2	0.00139431999822131	0.00147713761095333	0.00376366403763664
mactivos_margen_rank_delta2	0.00139023194000354	0.00209304173428869	0.00312716203127162
mpasivos_margen_rank_lag1	0.00138732040738447	0.000674841096763958	0.00168811401688114
vm_fultimo_cierre_tend12	0.0013800244016007	0.00101614273273708	0.00237996402379964
m_inversiones_rank	0.00137122932176441	0.00548638374644581	0.00074719800747198
mpasivos_margen_rank_delta3	0.00136848446223136	0.000680237960247982	0.00182648401826484
m_anclaje_pesado_rank_delta3	0.00134713698118701	0.00283576509090574	0.00132835201328352
vm_fechaalta_tend6	0.00133222977676129	0.000827188300370856	0.00080254600802546
ccaja_seguridad_avg12	0.00131975525828494	0.00357609125830839	0.00060882800608828
vmr_mpagominimo_delta2	0.00130347024458295	0.00122136608316648	0.00130067801300678
m_ganchos_liviano_rank	0.00127259678217601	0.00567170641893648	0.00074719800747198
mrentabilidad_annual_rank_delta1	0.00125702501280414	0.001086439942135	0.00298879202988792
rf_019_016	0.00125082942280494	0.000792334790392815	0.00135602601356026
ccomisiones_mantenimiento_delta2	0.0012422683913086	0.00157484993963248	0.00019371800193718
mrentabilidad_annual_rank_delta3	0.00124197690374131	0.000515864735977335	0.00307181403071814
Master_fultimo_cierre_tend12	0.00124093388951732	0.00119588046439845	0.00287809602878096
rf_008_026	0.00124069410860626	0.0017197346167089	0.00044278400442784
mcuentas_saldo_rank_delta1	0.00123358424626894	0.00166677331137897	0.00141137401411374
rf_016_027	0.00123328160314923	0.00172107666013877	0.0011069600110696
m_anclaje_pesado_rank_lag3	0.00122957768008395	0.00121746746294146	0.00121765601217656
Visa_mpagominimo_rank	0.00122236605506378	0.00229908934620709	0.0019371800193718
cliente_edad_avg6	0.0012187275328435	0.00371068632856501	0.002767400027674
Visa_delinquency_avg12	0.00119752346282367	0.00127374129759236	0.00132835201328352
mcomisiones_otras_rank_lag3	0.00119552974837788	0.000828391448908936	0.00246298602462986
rf_035_019	0.00119537397930258	0.000415909596340564	0.0005534800055348
mcomisiones_rank_lag3	0.00118328188162522	0.00112477174451799	0.00293344402933444
rf_002_026	0.00116860319265375	0.00132482456182802	0.00035976200359762
Master_fultimo_cierre_tend6	0.00116287735305997	0.000697448175823734	0.00177113601771136
mtarjeta_visa_consumo_rank_delta3	0.00116165550325673	0.000890614083466324	0.001383700013837
ctrx_quarter_normalizado_delta1	0.00114535985901501	0.00306528411796464	0.00130067801300678
mrentabilidad_annual_rank_lag3	0.00114432705790049	0.00118474473722143	0.00287809602878096
Master_Fvencimiento_tend6	0.00113996141708326	0.000824474612960401	0.00185415801854158
mactivos_margen_rank_delta3	0.0011392193396232	0.00146559931628666	0.00329320603293206
rf_042_019	0.00113722610658955	0.000837635017805968	0.00130067801300678
Visa_cconsumos_tend6	0.00113110744423753	0.00109800647117312	0.00213089802130898
m_deb_aut_rank_tend6	0.00112810282751165	0.00137622477965283	0.00118998201189982
rf_038_024	0.00112747376374371	0.00109535335104335	0.00118998201189982
vm_status06_delta3	0.00111939199789526	0.00090247206408066	0.00049813200498132
ccaja_ahorro_avg6	0.00111059731588186	0.00225457603804973	0.00077487200774872
mcomisiones_rank_tend6	0.00110794161330903	0.000580678101811459	0.0015220700152207
ctrx_quarter_normalizado_delta2	0.00110200650907065	0.0014378786282435	0.00160509201605092
mrentabilidad_annual_rank_avg6	0.00109775596445291	0.000952170477936198	0.00135602601356026
ctarjeta_visa_transacciones_tend6	0.00109327717372404	0.00150610698684336	0.00135602601356026
ctrx_quarter_normalizado_delta3	0.00109274150881255	0.000641824642502275	0.00163276601632766
ctransferencias_recibidas_lag1	0.0010880873914468	4.26844495165843e-05	5.534800055348e-05
mprestamos_personales_rank_lag2	0.00108521906260014	0.00146130723643374	0.00130067801300678
mcomisiones_rank_delta2	0.0010842100524297	0.00174946222209018	0.0026290300262903
mrentabilidad_rank_delta2	0.00108348802219907	0.000786199734713398	0.00237996402379964
mcuenta_corriente_rank_lag1	0.00107914832810287	0.000922382305274231	0.00157741801577418
mcuentas_saldo_rank_tend6	0.00104592455127235	0.00065765137387716	0.00160509201605092
mcuenta_corriente_rank_avg12	0.0010340751038875	0.00398707167986615	0.00215857202158572
ccaja_ahorro_tend12	0.00102703562421103	0.00520930209911335	0.00094091600940916
ctrx_quarter_normalizado_tend12	0.00102574811144343	0.00213816982311464	0.00146672201466722
cliente_edad_avg12	0.00102378028876649	0.00201095303166725	0.00260135602601356
Visa_fultimo_cierre_avg12	0.00101727645800602	0.00196413588987849	0.00182648401826484
Master_fultimo_cierre_avg12	0.00100223000963448	0.00153363231125183	0.0024906600249066
tcallcenter_delta2	0.000978402825238006	0.00104598737414194	0.00121765601217656
mcaja_ahorro_rank_delta3	0.000975618821170787	0.00170003294554956	0.00190950601909506
internet_lag1	0.000948079145811355	0.00222707758183343	0.00058115400581154
rf_032_017	0.0009408664671539	0.000599483559373924	0.00177113601771136
mtarjeta_visa_consumo_rank_delta2	0.000939748786062233	0.000820510871523818	0.0012453300124533
mrentabilidad_rank_delta1	0.000922789049256809	0.000550462315040008	0.0020755500207555
ccaja_seguridad_lag1	0.000916304735295255	0.00188350080199345	0.0002767400027674
vm_status_SP_avg12	0.000910989200221661	0.000749012335160163	0.00030441400304414
Visa_cconsumos_avg12	0.000905269258571532	0.00122042250868847	0.00243531202435312
mcuenta_corriente_rank_tend6	0.000904433962591088	0.00213183120672495	0.00196485401964854
ctrx_quarter_tend12	0.000902764091716441	0.000760533780282583	0.00135602601356026
mcomisiones_otras_rank_lag2	0.000901448930515875	0.000752618593022789	0.00260135602601356
cdescubierto_preacordado_avg12	0.000897882436426221	0.00142894836979091	0.00088556800885568
vm_fechaalta	0.000896490298818078	0.0013019834107211	0.00190950601909506
cproductos_tend6	0.000891460615229488	0.00337400920939893	0.00058115400581154
mpayroll_rank_delta2	0.000891417001766581	0.00334753948616808	0.0008302200083022
mcomisiones_mantenimiento_rank_lag3	0.000884355624287652	0.00137444009414157	0.00157741801577418
m_e_sp_rank_tend6	0.000881759441643592	0.000728618921900391	0.00190950601909506
mactivos_margen_rank_tend12	0.000881291164885622	0.000901500710624292	0.00190950601909506
mcuentas_saldo_rank_lag3	0.000878983500842683	0.000981657635767101	0.00229694202296942
chomebanking_transacciones_lag3	0.000873835412829597	0.000885791015272982	0.00246298602462986
cliente_edad_lag3	0.000871553203259916	0.00179243994475534	0.00240763802407638
Visa_cconsumos_tend12	0.00086905918292754	0.000630347825902463	0.0022139200221392
cmobile_app_trx_tend12	0.000859266454608433	0.00198933643257353	0.0020755500207555
mcomisiones_otras_rank_delta3	0.000858133622450004	0.000725113761303266	0.00171578801715788
Master_mlimitecompra_rank_lag1	0.000857211907315129	0.000666882647160819	0.00260135602601356
rf_029_022	0.000851812297455855	0.000443332001911188	0.00038743600387436
internet_avg6	0.000848836952187455	0.000961913613050593	0.00071952400719524
thomebanking_avg12	0.000832050920026347	0.000719991044458123	0.00213089802130898
vmr_mpagominimo_delta1	0.000829521241656927	0.00104003356491148	0.00099626400996264
mrentabilidad_rank_lag2	0.000828905159763234	0.00100347551860564	0.00229694202296942
Master_fechaalta_lag1	0.000819291580999031	0.000841205299614654	0.00246298602462986
vmr_mpagominimo_tend12	0.000818521635297252	0.00116312039644522	0.00174346201743462
Visa_Fvencimiento	0.000815595510678999	0.0011679607695759	0.0024906600249066
Visa_fultimo_cierre_tend12	0.000814618804398119	0.00112517932133161	0.0015220700152207
chomebanking_transacciones_delta1	0.000813413637873155	0.00317844975568664	0.0019371800193718
mrentabilidad_annual_rank_lag1	0.000811335873924855	0.000616978395629577	0.00171578801715788
Master_cconsumos_tend12	0.000809536678103551	0.00175658001605316	0.00226926802269268
vm_mpagominimo_rank	0.000807998040022696	0.00192573896628395	0.00113463401134634
chomebanking_transacciones_delta2	0.000807769709032354	0.00227029893980058	0.00154974401549744
mactivos_margen_rank_lag3	0.000803084458542465	0.0010806865058632	0.00174346201743462
Master_mfinanciacion_limite_rank_delta2	0.000802797758781412	0.000628935196543975	0.00237996402379964
mrentabilidad_annual_rank_tend12	0.000799522892864416	0.00170492659967152	0.00210322402103224
Visa_mconsumospesos_rank_delta3	0.000797413586617456	0.00108439750413603	0.00210322402103224
Visa_fechaalta_avg6	0.000790479474281056	0.00111997417833756	0.00174346201743462
Visa_mpagominimo_rank_lag1	0.000788435444011209	0.00111066867598059	0.00171578801715788
Visa_msaldototal_rank	0.000787480182241718	0.00108202672772072	0.00163276601632766
rf_006_023	0.000785271570422942	0.000576084096341302	0.00143904801439048
Master_mfinanciacion_limite_rank_lag1	0.000771139538606763	0.00108550228776714	0.0023522900235229
rf_011_021	0.000770660509537089	0.000740252393722421	0.00163276601632766
e_y_ratio_avg12	0.000768859635739075	0.00137805363829361	0.00190950601909506
Master_fultimo_cierre_delta3	0.000767912860857935	0.00104246308703512	0.00080254600802546
vm_msaldototal_rank_delta3	0.000766817672497118	0.000387406998365577	0.00077487200774872
Visa_mconsumospesos_rank_tend6	0.000765585484458531	0.000722052608966787	0.00196485401964854
chomebanking_transacciones_delta3	0.000761490965101659	0.00131230443966396	0.00188183201881832
Master_mlimitecompra_rank	0.000758145620808973	0.000912192429540663	0.00215857202158572
Master_Fvencimiento_lag3	0.000757645622706242	0.00070526363199729	0.00215857202158572
Master_mfinanciacion_limite_rank_tend6	0.000757219486279719	0.000803652219411882	0.00246298602462986
c_pagos_tend12	0.000756583142507669	0.00176920396784125	0.00088556800885568
mactivos_margen_rank_delta1	0.000754947085804822	0.00146651420100014	0.00229694202296942
rf_039_023	0.000754852438527513	0.000338166254563322	0.00080254600802546
cliente_edad_lag2	0.00074197059713873	0.00147766905468685	0.00188183201881832
mcomisiones_otras_rank_lag1	0.000740968726883019	0.00095742844652843	0.00182648401826484
mcomisiones_rank_avg6	0.000738310875498985	0.000656217796436631	0.00116230801162308
Master_fechaalta_avg12	0.000737952658430475	0.00096378026931766	0.00196485401964854
vm_cconsumos	0.000734572136996899	0.00060658131604104	0.00024906600249066
Master_fechaalta_avg6	0.000734402825689819	0.00120708450053864	0.0020755500207555
vmr_mpagominimo_lag2	0.000734106661510625	0.000781469111316888	0.0011069600110696
mtarjeta_visa_consumo_rank_delta1	0.000732059229622863	0.000825864472664497	0.00085789400857894
ctarjeta_visa_transacciones	0.000730389780564317	0.00157711643103067	0.00063650200636502
ccomisiones_mantenimiento_tend12	0.00073031078872715	0.00394909781645021	0.0015220700152207
chomebanking_transacciones	0.000728519012483366	0.000918702729124462	0.00168811401688114
cproductos_delta2	0.000727431042208708	0.00196405027597798	0.00035976200359762
mrentabilidad_rank_lag1	0.000724689110363181	0.000920620844810455	0.0019371800193718
mcomisiones_rank_lag2	0.000718459642726271	0.000740145376346778	0.0019371800193718
mprestamos_personales_rank_delta3	0.000717051219662745	0.00287296250910691	0.0009685900096859
chomebanking_transacciones_avg12	0.000716152590381176	0.000786150096866823	0.00160509201605092
mpasivos_margen_rank_lag2	0.000709074547425386	0.000821660283677534	0.00213089802130898
vm_fechaalta_avg12	0.000708206841262879	0.000690153233949582	0.00168811401688114
mcomisiones_otras_rank_delta1	0.000708070972103858	0.00137078602000472	0.0016604400166044
cproductos_tend12	0.000706643116088661	0.00202746467424625	0.00116230801162308
cprestamos_personales_tend6	0.000706575030584123	0.000909015607359872	0.00035976200359762
Visa_mfinanciacion_limite_rank_lag1	0.00070565080467598	0.00158592874267352	0.0019371800193718
mcomisiones_mantenimiento_rank	0.000704838001168395	0.00414607855198966	0.00157741801577418
Master_fechaalta_lag3	0.000704498748538994	0.000540099845326148	0.00196485401964854
Visa_fechaalta_lag1	0.000704137888089585	0.000617012550111165	0.00174346201743462
rf_036_015	0.00070162614941704	0.000366377400962089	0.00141137401411374
internet_tend6	0.000701502944544722	0.00193672122599036	0.0006918500069185
rf_050_018	0.000698150900728789	0.000509033839659694	0.0008302200083022
Master_Fvencimiento	0.000697706759075551	0.000876210910884035	0.00199252801992528
vm_Fvencimiento_avg12	0.000697380779076808	0.000721676909669317	0.00177113601771136
ctarjeta_visa_transacciones_delta2	0.000692328729947178	0.00206709707928811	0.00130067801300678
mactivos_margen_rank_tend6	0.000691825522688191	0.00107793046689557	0.00160509201605092
mactivos_margen_rank_lag2	0.000690616685718171	0.000865341133270318	0.00160509201605092
c_e_sp_tend6	0.000688488928693176	0.00067793321583041	0.00121765601217656
internet_lag2	0.000686163777728442	0.00239415720722513	0.0006918500069185
m_deb_aut_rank_delta3	0.000685526098592393	0.0010178349734515	0.001383700013837
mrentabilidad_rank_delta3	0.000680819479698607	0.000772648147205375	0.00196485401964854
rf_006_024	0.000680325971372033	0.000359298770804662	0.0004151100041511
vm_mpagospesos_rank_tend6	0.000679934049520118	0.000850741230874081	0.00107928601079286
vmr_mpagominimo_lag1	0.000679003995584013	0.00167641033990389	0.00121765601217656
Master_mlimitecompra_rank_avg6	0.000678616156963552	0.000769224957364061	0.00204787602047876
mcuentas_saldo_rank_avg6	0.000678448282669122	0.00142625972900028	0.00121765601217656
mcomisiones_rank_lag1	0.000673200561435017	0.000554140525010514	0.0017988100179881
vm_cconsumos_tend12	0.000672680489529731	0.0014369086409664	0.0015220700152207
Master_mfinanciacion_limite_rank_avg6	0.00067130001597525	0.00086926707708061	0.00199252801992528
mcaja_ahorro_rank_delta1	0.000663010435910411	0.00222955810798291	0.0012453300124533
mprestamos_personales_rank_avg12	0.000662561071219276	0.000711031640847906	0.00088556800885568
Visa_mpagospesos_rank_delta3	0.000661391361497987	0.00100043212659959	0.00190950601909506
Visa_mpagospesos_rank_tend6	0.000659704846817764	0.000603379447240418	0.00174346201743462
numero_de_cliente	0.00065700914550091	0.00492709272561179	0.00188183201881832
Master_mfinanciacion_limite_rank_delta3	0.000653071845905543	0.000507197694729512	0.00185415801854158
Visa_fechaalta_lag2	0.000652508084945841	0.00100881955649148	0.00188183201881832
Master_Fvencimiento_tend12	0.000652324124107472	0.000706412588757917	0.0017988100179881
Visa_mfinanciacion_limite_rank_lag2	0.000650561580364458	0.000949241389595194	0.00171578801715788
Master_Fvencimiento_avg6	0.000648567959311594	0.000846444597090285	0.00199252801992528
Master_Fvencimiento_lag2	0.000645788788715108	0.000686299242247169	0.0020755500207555
mcuenta_corriente_rank_lag2	0.000640949505690693	0.000959215409005124	0.00121765601217656
ctarjeta_visa_transacciones_delta3	0.000640838553866629	0.00243330416323535	0.00107928601079286
Visa_msaldopesos_rank_delta3	0.000638285191103626	0.00063977810596551	0.00182648401826484
mpasivos_margen_rank_delta2	0.000637667778231789	0.00083921568721387	0.00188183201881832
mrentabilidad_rank	0.000636320243741945	0.000849656939931927	0.00177113601771136
ccomisiones_mantenimiento_avg12	0.000635712664474085	0.00517969471750726	0.00132835201328352
ctrx_quarter_tend6	0.000631624256677833	0.000642778691021305	0.00116230801162308
Master_Fvencimiento_lag1	0.000631130716360314	0.000871963004160639	0.00177113601771136
ccallcenter_transacciones_avg12	0.00062708739361048	0.00158633404252169	0.0015220700152207
mpasivos_margen_rank_delta1	0.000624980215535395	0.000799490381982087	0.00182648401826484
mprestamos_personales_rank_tend12	0.000622435887376695	0.00175037118669351	0.00085789400857894
vm_fechaalta_avg6	0.000622294723716132	0.000680267105405604	0.00154974401549744
rf_024_015	0.000622112945485845	0.000374179650736098	0.00113463401134634
Visa_fechaalta_avg12	0.00062170539115503	0.000639036726018502	0.00168811401688114
mactivos_margen_rank_lag1	0.00062155992703417	0.00134444152987302	0.00146672201466722
Visa_mpagospesos_rank_lag1	0.00061873342428531	0.000805085796852411	0.0015220700152207
Visa_mfinanciacion_limite_rank_delta3	0.000618631686369642	0.000589399790229823	0.00202020202020202
cajas_ratio_01_delta3	0.000617830302081785	0.00322293346329329	0.0005534800055348
m_deb_aut_rank_delta2	0.000615891519959942	0.000446022919667251	0.00088556800885568
Master_fechaalta	0.000615283008052813	0.000726792795618142	0.00177113601771136
mrentabilidad_annual_rank_tend6	0.000615169991780774	0.000678940089947631	0.00163276601632766
e_y_ratio_tend12	0.00061176005751037	0.000957839211093664	0.00171578801715788
Visa_fultimo_cierre_tend6	0.000606926262223131	0.0015024383401277	0.00105161201051612
Master_Fvencimiento_avg12	0.00060431912990387	0.000818595032803264	0.0017988100179881
rf_009_013	0.000602199497031179	0.000211175793480594	0.00038743600387436
chomebanking_transacciones_lag1	0.000598914578991407	0.000715532290735055	0.00157741801577418
cproductos_avg6	0.000598408843157738	0.00104713997404727	0.00102393801023938
mrentabilidad_rank_avg6	0.000598220189196011	0.000986572237971099	0.00113463401134634
mcuentas_saldo_rank_avg12	0.000595888962015493	0.000866188619806793	0.00116230801162308
cmobile_app_trx_delta3	0.000594376415388907	0.000870297631638398	0.00182648401826484
mrentabilidad_rank_tend6	0.000592564367463088	0.0011283224444239	0.00163276601632766
vmr_mpagospesos_delta3	0.000592108858962395	0.000306557875729248	0.00066417600664176
c_y_sp_tend12	0.000589393214386685	0.00136780000752774	0.00135602601356026
rf_005_019	0.000588814043078764	0.000746036796724199	0.00107928601079286
Visa_mlimitecompra_rank_lag2	0.000587268982557533	0.000765477072251116	0.00171578801715788
mpasivos_margen_rank_tend6	0.000584780210804213	0.00146702469665161	0.00121765601217656
cmobile_app_trx_avg12	0.000584690441630166	0.000805076233597566	0.0015220700152207
mttarjeta_visa_debitos_automaticos_rank_delta3	0.000584360829369109	0.001076719576675	0.0015220700152207
Visa_mconsumototal_rank_tend6	0.000583450121183548	0.000781599353740011	0.00185415801854158
Visa_Fvencimiento_avg12	0.000582747464824541	0.000871946154616388	0.00177113601771136
rf_041_015	0.000579720485137529	0.000590072405820567	0.00066417600664176
ctarjeta_visa_debitos_automaticos_tend12	0.000578728616180269	0.00100609402886074	0.0011069600110696
mpasivos_margen_rank_lag3	0.000578449214998723	0.000655995109216676	0.00185415801854158
vm_Fvencimiento_lag3	0.00057816957852893	0.00105109642919444	0.0017988100179881
mrentabilidad_rank_tend12	0.000574913160294071	0.000950261470111961	0.00149439601494396
ctarjeta_visa_debitos_automaticos_tend6	0.000574019665559315	0.000310780280439725	0.00047045800470458
Visa_msaldopesos_rank_avg6	0.000573836999838272	0.000715873835550937	0.00130067801300678
Visa_mfinanciacion_limite_rank_lag3	0.000572329364853844	0.000825517007738474	0.00185415801854158
Master_mlimitecompra_rank_tend6	0.000571686226359684	0.00046865231298833	0.0017988100179881
vmr_mpagominimo_avg12	0.000567215519278448	0.00146120112984428	0.00113463401134634
vmr_pagominimo_saldo_tend12	0.000565690696900356	0.000803618064930294	0.00149439601494396
cajas_ratio_01_tend6	0.000564599373252194	0.00193547663668129	0.00058115400581154
mcomisiones_rank	0.000564575291551702	0.000350972363586546	0.00160509201605092
cdescubierto_preacordado_lag2	0.000564419533054048	0.00174605314943459	0.00091324200913242
Master_mpagospesos_rank	0.000563191262100391	0.000706683092252096	0.00113463401134634
rf_030_021	0.000561205269082178	0.00036766069868363	0.00107928601079286
thomebanking_avg6	0.000560391936950011	0.000415294815671977	0.00132835201328352
ctarjeta_visa_transacciones_tend12	0.000558419024358789	0.00194496793941811	0.00130067801300678
vm_Fvencimiento	0.000558086443389553	0.00109777330991215	0.00177113601771136
chomebanking_transacciones_avg6	0.000557824424643244	0.000416445594004955	0.00118998201189982
cliente_antiguedad_lag3	0.000556496295757972	0.00166722506132211	0.00132835201328352
vm_Fvencimiento_lag1	0.000556327021859659	0.000719923190888035	0.00160509201605092
mttarjeta_visa_debitos_automaticos_rank_tend6	0.00055519074577271	0.00127880891187387	0.00143904801439048
Visa_mlimitecompra_rank_delta3	0.000554871191826224	0.000509056153920998	0.00171578801715788
mpagomiscuentas_rank	0.000554469572331853	0.00219595191967247	0.00085789400857894
Visa_mpagominimo_rank_lag3	0.000554149042145535	0.000519467806088346	0.00146672201466722
m_e_sp_rank_delta2	0.000554100907897591	0.000407636014720638	0.00113463401134634
rf_049_012	0.000553581894789417	4.142301066326e-05	2.767400027674e-05
c_e_sp_avg12	0.000553465073142768	0.000207636023008792	0.00035976200359762
vm_cconsumos_delta3	0.000552596991086647	0.000919865803070812	0.00052580600525806
mrentabilidad_rank_lag3	0.000552215765304289	0.000568065534850568	0.0015220700152207
vm_Fvencimiento_avg6	0.000551961684440422	0.000583062995412492	0.00157741801577418
mcaja_ahorro_dolares_rank_delta2	0.000551116038873005	0.0026633605541379	0.00132835201328352
cliente_antiguedad_avg12	0.000550713282668089	0.00136923358496827	0.0015220700152207
mrentabilidad_annual_rank_avg12	0.000548840703486815	0.00127682749654867	0.00135602601356026
Visa_fechaalta	0.000548350454366848	0.000535143346958068	0.00121765601217656
Visa_mlimitecompra_rank_delta1	0.000545206685798108	0.0005517137352454	0.0016604400166044
ctrx_quarter_normalizado_tend6	0.000537949280186436	0.0005788711020389	0.00094091600940916
ccomisiones_otras_tend12	0.000537620024727622	0.00175257893238338	0.00146672201466722
Visa_cconsumos	0.000535242660411353	0.000723563603232249	0.00160509201605092
Visa_mfinanciacion_limite_rank	0.000534584049393023	0.000514807768620452	0.00149439601494396
vmr_pagominimo_saldo_avg12	0.000533744243721176	0.000446853556659476	0.00143904801439048
cpagomiscuentas_tend12	0.000533513094173707	0.00433131879833143	0.00091324200913242
Visa_msaldopesos_rank_delta2	0.00053278297100775	0.000644577038325196	0.0015220700152207
Visa_Fvencimiento_tend12	0.00053177876541299	0.00088935902011623	0.00157741801577418
vmr_msaldopesos2_tend6	0.000531299666427619	0.001585195104409	0.00149439601494396
mtarjeta_visa_consumo_rank_tend12	0.000531280356279902	0.000633829761452108	0.00132835201328352
mcomisiones_otras_rank_tend6	0.0005298895406202	0.000684841073579896	0.0012453300124533
rf_015_015	0.000528830960221126	0.000357757265202315	0.00077487200774872
mcaja_ahorro_rank_avg6	0.000528385163810414	0.000864874355355279	0.00094091600940916
seguros_ratio_01_avg12	0.000527515661769083	0.000803493287224225	0.00149439601494396
Master_mfinanciacion_limite_rank_lag3	0.000526665652017468	0.000471447971154597	0.00174346201743462
mrentabilidad_annual_rank	0.000526638771367203	0.000475552429055323	0.00130067801300678
Visa_mconsumospesos_rank_avg6	0.000525507929613189	0.00096306029284578	0.0015220700152207
mcuenta_corriente_rank_lag3	0.000523393726429586	0.000943779860292696	0.00121765601217656
vmr_Master_mlimitecompra_avg6	0.000520435338426433	0.000704870172369394	0.00143904801439048
Visa_mfinanciacion_limite_rank_tend6	0.000519445799132409	0.00101377878721809	0.00174346201743462
Visa_mpagospesos_rank_delta2	0.000519070782173466	0.000313724852145716	0.00143904801439048
Visa_mlimitecompra_rank_tend6	0.00051877919218355	0.000455560672499028	0.00157741801577418
mcaja_ahorro_rank_delta2	0.000518574315716365	0.00098528438631868	0.0011069600110696
mtarjeta_visa_consumo_rank_tend6	0.000518391286227308	0.000248697451560305	0.00063650200636502
tcallcenter_avg12	0.000516776508147317	0.00152529998392358	0.00113463401134634
active_quarter_lag2	0.000515233576055953	0.000645017858834228	0.00077487200774872
Master_mfinanciacion_limite_rank	0.000514116280403585	0.000418833219964514	0.00146672201466722
vm_Fvencimiento_lag2	0.000513051733177123	0.000374996625935688	0.00154974401549744
mcomisiones_rank_delta1	0.000512654637821678	0.000887045623229989	0.00174346201743462
Visa_Fvencimiento_lag2	0.000510052164054915	0.000796959762592945	0.00154974401549744
chomebanking_transacciones_lag2	0.000508447075877635	0.000482595993944986	0.001383700013837
mcomisiones_otras_rank_delta2	0.000506270129419464	0.000456015154800695	0.00143904801439048
mtransferencias_emitidas_rank_tend6	0.000505935411764633	0.000673413439433572	0.00099626400996264
mpayroll_sobre_edad_rank_delta3	0.000503145415328866	0.00138985287319961	0.00077487200774872
Visa_mfinanciacion_limite_rank_delta1	0.000502816844063507	0.000700525722311375	0.00171578801715788
e_y_ratio_tend6	0.000502791275042023	0.000799260408472727	0.00143904801439048
Master_cconsumos_avg6	0.000502697283063121	0.0014980929792835	0.00143904801439048
Visa_Fvencimiento_avg6	0.000502566061104972	0.000516022301985728	0.00127300401273004
mtransferencias_recibidas_rank_lag2	0.00050199037319827	0.000579383419262723	0.00154974401549744
vmr_Master_mlimitecompra_tend12	0.000498709064717561	0.000874463112212895	0.00160509201605092
Visa_mconsumosdolares_rank_lag3	0.000496958516031301	0.000489486546757134	0.00146672201466722
vmr_Visa_mlimitecompra_avg12	0.00049539180950732	0.000468871357063583	0.0015220700152207
Master_mconsumospesos_rank_tend6	0.000495118879526544	0.00164337202677399	0.00141137401411374
vmr_mpagado_avg6	0.000493480177120875	0.000492974857810009	0.00107928601079286
vmr_msaldototal_delta3	0.00049102538903977	0.000347453541196786	0.0009685900096859
rf_034_015	0.000491004093389476	0.000567483997877393	0.00080254600802546
rf_045_023	0.000490932630002242	0.000429199332823078	0.001383700013837
Visa_mlimitecompra_rank	0.000490828132867492	0.000524858749462228	0.00116230801162308
vmr_pagominimo_saldo_delta2	0.000490518662260754	0.000385391428558786	0.00113463401134634
Visa_Fvencimiento_lag1	0.000489885287454874	0.00087297169985021	0.0015220700152207
vmr_pagominimo_saldo_tend6	0.000489062109077147	0.000651749024065631	0.0012453300124533
mautoservicio_rank_delta3	0.000486211479995266	0.000645315685913677	0.00132835201328352
Master_mlimitecompra_rank_lag3	0.000485821847817905	0.000900296651300036	0.00143904801439048
vmr_msaldototal_lag1	0.00048576846937676	0.000526807376485107	0.00060882800608828
vmr_mpagominimo	0.000485017708180839	0.00106883717771753	0.00091324200913242
Master_mlimitecompra_rank_delta2	0.000484275853109456	0.00108768680840952	0.00146672201466722
mcomisiones_mantenimiento_rank_lag1	0.000481272127228216	0.00153852459919453	0.00118998201189982
cliente_antiguedad_lag1	0.000480645255098068	0.00136917529465302	0.001383700013837
rf_017_023	0.000479408622639928	0.000393546152582785	0.00118998201189982
mcaja_ahorro_rank_tend6	0.000478720590271051	0.000588765427658458	0.00121765601217656
m_inversiones_rank_tend6	0.000477202334550584	0.00167397262070467	0.00060882800608828
mtransferencias_recibidas_rank_delta3	0.000474866960672702	0.000430229431987778	0.00143904801439048
rf_032_020	0.000470739842025998	0.000375974354895286	0.0012453300124533
ctrx_quarter_lag1	0.000468927141123695	0.000191326119567706	0.0004151100041511
vm_Fvencimiento_tend12	0.000468795552559626	0.000818081804793266	0.00116230801162308
Visa_mpagominimo_rank_avg6	0.000467215027494975	0.00165874655281265	0.00099626400996264
mcaja_ahorro_dolares_rank_tend12	0.000466604118588829	0.00217702988147952	0.00121765601217656
Visa_mlimitecompra_rank_delta2	0.000466525396094787	0.000475254601975874	0.00141137401411374
Master_mfinanciacion_limite_rank_delta1	0.000464792360903446	0.000596602287307143	0.0015220700152207
mcaja_ahorro_dolares_rank_lag1	0.000464417045706331	0.0025002815570229	0.0011069600110696
m_e_sp_rank_delta3	0.000464187550658345	0.000472911149145835	0.00116230801162308
e_y_ratio	0.000462406380703076	0.000485363417739806	0.00127300401273004
vmr_pagominimo_saldo	0.000461567126875046	0.000948388893734752	0.00121765601217656
vmr_pagominimo_saldo_avg6	0.000461074953138497	0.000568771849529812	0.00116230801162308
rf_035_018	0.000460704773520161	0.000507710011953335	0.00130067801300678
Master_mlimitecompra_rank_delta3	0.000460695993037484	0.00106181182855138	0.0015220700152207
vm_mpagominimo_rank_lag3	0.00046064017606069	0.000590665327620938	0.00105161201051612
Visa_cconsumos_lag3	0.000458035876230097	0.000497363025604461	0.00130067801300678
rf_021_026	0.000457679462006182	8.37686477224894e-05	2.767400027674e-05
Visa_cconsumos_lag1	0.000457406591105459	0.00073373617402848	0.0012453300124533
vmr_mpagominimo_avg6	0.000456567778184901	0.000940229615779874	0.00088556800885568
Visa_mlimitecompra_rank_lag3	0.000456490119647802	0.000315557353931195	0.0015220700152207
vmr_mpagominimo_delta3	0.000456221205046716	0.000839857791467728	0.00116230801162308
mpayroll_sobre_edad_rank_lag2	0.000456100356926742	0.000551913197417875	0.00063650200636502
Visa_msaldototal_rank_delta1	0.00045534707928174	0.000445172700772249	0.00118998201189982
Visa_mconsumospesos_rank_lag3	0.000454608986500386	0.000466448210443172	0.00132835201328352
Master_fultimo_cierre	0.000453932959249933	0.000862777725578851	0.00135602601356026
rf_024_019	0.000453889449757599	0.000345955753330871	0.00074719800747198
mpayroll_rank	0.000453557633991149	0.00319953627722611	0.0004151100041511
vmr_Visa_mlimitecompra_lag1	0.00045220158629782	0.000607592744089139	0.00121765601217656
Visa_mconsumospesos_rank_lag1	0.000450980299948015	0.000627163717432267	0.00135602601356026
ccajas_consultas_avg12	0.000450512564972193	0.000852835128291981	0.00077487200774872
e_y_ratio_lag3	0.000449669559689776	0.000362268389130485	0.00141137401411374
ctrx_quarter_lag2	0.00044925036375056	0.000545749907367012	0.00102393801023938
mautoservicio_rank_lag3	0.000449202674021968	0.00216353020878351	0.00127300401273004
Visa_mfinanciacion_limite_rank_delta2	0.00044735574332356	0.000480206546413075	0.001383700013837
Master_mpagominimo_rank_avg6	0.000446504195426628	0.000380126173677148	0.00127300401273004
vmr_mconsumosdolares_avg12	0.000446342875922212	0.000719036085152917	0.00107928601079286
Master_msaldototal_rank	0.000446097141599321	0.00165228042635837	0.00102393801023938
vmr_mpagospesos_tend12	0.000445621797422227	0.0016290175812521	0.00127300401273004
Visa_mlimitecompra_rank_avg6	0.00044481158724519	0.000412283301182073	0.00135602601356026
Master_mpagominimo_rank	0.000443729780645435	0.000574378649227331	0.0011069600110696
rf_036_017	0.000443338673272682	0.000448421475060918	0.00107928601079286
mcomisiones_mantenimiento_rank_delta2	0.000443240427529944	0.000563734291192096	0.00094091600940916
rf_011_013	0.000442403468536298	0.000355147407415888	0.00107928601079286
vmr_msaldopesos2_tend12	0.000441954753725749	0.000623573853720803	0.00127300401273004
Visa_mconsumosdolares_rank_avg6	0.000441484923342972	0.000280273042092055	0.00118998201189982
Visa_msaldototal_rank_delta3	0.000440065947911153	0.000295821983683356	0.00118998201189982
Visa_mconsumospesos_rank_lag2	0.000438767852332263	0.000386681101783556	0.00132835201328352
rf_035_020	0.000438046644836529	0.000898936847539737	0.00094091600940916
cajas_ratio_01_tend12	0.00043480698830936	0.000862883832168319	0.00080254600802546
Visa_mconsumosdolares_rank	0.000433914832034501	0.00085301273159624	0.0012453300124533
Visa_cconsumos_avg6	0.000433409738857656	0.000534922936703552	0.00121765601217656
ccallcenter_transacciones_tend6	0.000431400055770047	0.00222427418198467	0.00085789400857894
vmr_msaldopesos2_lag3	0.000430898415035442	0.000575004814723115	0.00127300401273004
c_ganchos_liviano_tend12	0.000427824961275781	0.00204767593027089	0.00052580600525806
vmr_Master_mlimitecompra_avg12	0.000427275994064615	0.000573985644992523	0.00135602601356026
Visa_mpagospesos_rank_delta1	0.000426693745434094	0.000267774323403124	0.0012453300124533
rf_006_016	0.000426466330055581	0.000128048794618875	0.00044278400442784
mtransferencias_emitidas_rank_lag2	0.000424444980334395	0.0011182983317743	0.0012453300124533
vmr_pagominimo_saldo_lag2	0.000423882722691157	0.000315828312818461	0.00105161201051612
c_e_sp_delta3	0.000421866864319028	0.000726645703650769	0.00071952400719524
ctransferencias_recibidas_tend12	0.000420614886010543	0.000478458292348847	0.00107928601079286
vm_fultimo_cierre_tend6	0.000419199023504152	0.00140009602992446	0.0009685900096859
vm_cconsumos_delta2	0.000418192360540364	0.00181427285556578	0.0005534800055348
m_ganchos_liviano_rank_delta3	0.000418010287941777	0.00289969727111489	0.00060882800608828
Master_mlimitecompra_rank_delta1	0.00041800508734914	0.000306377084673374	0.00132835201328352
ctarjeta_visa_debitos_automaticos_avg12	0.000417286680351127	0.000545177933648682	0.00113463401134634
Visa_msaldototal_rank_tend6	0.000415803444396735	0.00106852933199015	0.00130067801300678
c_e_sp_tend12	0.000415154424986356	0.000820422069871689	0.00107928601079286
Visa_mconsumosdolares_rank_tend6	0.000415010115377453	0.000329744670189847	0.00130067801300678
vm_mfinanciacion_limite_rank_tend6	0.00041059725953598	0.00233600669765923	0.00121765601217656
Visa_mconsumospesos_rank_delta2	0.000410466678170722	0.00075346699034544	0.00132835201328352
vm_mfinanciacion_limite_rank_delta2	0.000410432238369536	0.000926273183816759	0.00130067801300678
thomebanking_tend6	0.000410410613522089	0.00271192640538397	0.00080254600802546
vm_msaldototal_rank_tend6	0.000409086972656934	0.000251944404276624	0.00091324200913242
Master_mpagominimo_rank_lag2	0.000409040304574678	0.000527301933378504	0.00074719800747198
ccaja_seguridad	0.000408990025127419	0.00576461070739418	0.00033208800332088
e_y_ratio_lag1	0.00040681723697623	0.000517369354739567	0.00130067801300678
mtarjeta_master_consumo_rank	0.000405963146573075	0.00109904613359267	0.00049813200498132
Visa_mpagominimo_rank_delta3	0.000405694289504094	0.000318323866939839	0.0012453300124533
vmr_Visa_mlimitecompra_lag3	0.000405486826672132	0.000650105055018519	0.00121765601217656
vm_fechaalta_lag3	0.000405238326680371	0.000676880802404406	0.00130067801300678
m_y_sp_rank_tend6	0.000405211842821032	0.000365807704209198	0.00099626400996264
contactos_delta2	0.000405154826183768	0.00111481138690069	0.00033208800332088
ctarjeta_debito_tend12	0.000404539789413638	0.00715491760750237	0.00080254600802546
vmr_msaldopesos2_avg12	0.000403867151397506	0.00169221976634144	0.00113463401134634
Visa_mconsumosdolares_rank_lag2	0.000403837625044419	0.000303016283685095	0.00135602601356026
ctrx_quarter_lag3	0.000403544836941981	0.000905231746192987	0.00113463401134634
mcomisiones_mantenimiento_rank_avg6	0.000403453701960939	0.000710024311337598	0.00091324200913242
Visa_mconsumospesos_rank_delta1	0.000402941871078106	0.000340594865900787	0.00127300401273004
mcaja_ahorro_dolares_rank_avg12	0.000402614985013219	0.000820037262712462	0.00099626400996264
vmr_msaldopesos_delta3	0.000402111406246473	0.00104360156975473	0.00085789400857894
m_y_sp_rank_delta2	0.00040070871833397	0.000777249894358025	0.00099626400996264
mautoservicio_rank	0.000399775433570322	0.00194668613753854	0.00074719800747198
mcomisiones_mantenimiento_rank_delta1	0.000399050544019914	0.000937763206816118	0.00094091600940916
Visa_msaldopesos_rank_lag2	0.000398425604504085	0.000533334525613156	0.0011069600110696
vm_mlimitecompra_rank_delta3	0.000396753131785171	0.000839132805671882	0.00121765601217656
mcaja_ahorro_rank_tend12	0.000395295868092976	0.000758764122743227	0.00102393801023938
vm_mpagospesos_rank_delta2	0.000395282004403794	0.000202570685692718	0.00074719800747198
cliente_antiguedad	0.000395141965844157	0.000996511647506354	0.00118998201189982
Visa_fechaalta_tend12	0.000394024520814712	0.000596012097865299	0.00105161201051612
contactos_avg12	0.000393585264230508	0.000538596137350091	0.00102393801023938
mcaja_ahorro_rank_lag3	0.000393182471132807	0.000522752101037868	0.0009685900096859
mactivos_margen_rank_avg6	0.000393071111682175	0.000647235623172022	0.00088556800885568
mpayroll_sobre_edad_rank_delta1	0.000391545273591552	0.00380095935576116	0.00085789400857894
vm_mfinanciacion_limite_rank_lag3	0.000390946513763086	0.00085721555440394	0.0011069600110696
vm_status_SP_avg6	0.000390776320641062	0.0016363184432364	0.00019371800193718
chomebanking_transacciones_tend12	0.000390577543092914	0.00112700954615165	0.00102393801023938
ccajas_transacciones_avg6	0.000388827389133648	0.000965389628490096	0.00099626400996264
rf_046_015	0.000388730434638363	0.000530058883132304	0.00058115400581154
Master_mpagospesos_rank_lag1	0.000388155186865158	0.000527747307818414	0.00107928601079286
Visa_msaldototal_rank_lag3	0.000386421391630861	0.000359667639205815	0.00116230801162308
Master_mconsumosdolares_rank_tend6	0.00038430781175472	0.00108794410550415	0.00091324200913242
Visa_msaldopesos_rank_tend6	0.000383430443036601	0.00112736065422237	0.00118998201189982
vmr_Master_mlimitecompra_lag2	0.000382979393144994	0.000519144476995978	0.00127300401273004
Visa_fultimo_cierre_avg6	0.000382627989631973	0.000518026942358412	0.00107928601079286
vmr_Master_mlimitecompra	0.000382569749341029	0.000321518449451056	0.00113463401134634
mautoservicio_rank_avg12	0.00038249453656334	0.00186218612851697	0.00099626400996264
Visa_mfinanciacion_limite_rank_avg6	0.000382255019577583	0.000637029353287291	0.00118998201189982
Visa_mlimitecompra_rank_lag1	0.000381360869802412	0.000379232692438801	0.00107928601079286
rf_029_019	0.00038047462153288	0.00052514746867992	0.00099626400996264
rf_014_021	0.000380470920902818	0.00033291466147432	0.00107928601079286
c_y_sp_avg12	0.000380182569480189	0.000534147857668043	0.00105161201051612
rf_025_019	0.00037947773567293	0.000370190407286596	0.00088556800885568
ctrx_quarter_normalizado_lag1	0.000378575496058324	0.00063120123254908	0.0005534800055348
vmr_msaldototal_delta2	0.000378439637218963	0.000476014653039483	0.0008302200083022
vmr_msaldototal_lag3	0.000377001765973774	0.000585548986279025	0.0009685900096859
mtarjeta_visa_consumo_rank_lag3	0.00037645643231488	0.000467481952752575	0.0009685900096859
c_anclaje_pesado_tend6	0.000375240176283322	0.00103667185313703	0.0002767400027674
vmr_msaldopesos	0.000373948021990663	0.000612661724549916	0.00080254600802546
vm_fechaalta_tend12	0.000373931584062304	0.00142159468220842	0.00116230801162308
Visa_cconsumos_delta2	0.000372180311967881	0.00158925812153873	0.00099626400996264
contactos_tend12	0.000370563499366929	0.00102164524741748	0.0009685900096859
Visa_mconsumototal_rank_delta2	0.000369781840335112	0.000370432676409328	0.00116230801162308
rf_040_017	0.000368924547999463	0.000447200566192412	0.00099626400996264
mcaja_ahorro_rank_avg12	0.000368200254151426	0.000772472820866555	0.00105161201051612
rf_010_017	0.000368001065364828	0.00085120163328589	0.0006918500069185
vm_status02_avg12	0.000367985244810126	0.00056080338127874	0.00060882800608828
Visa_fultimo_cierre_lag2	0.000365702606200582	0.000506521435994066	0.00099626400996264
cproductos_avg12	0.000363371007254314	0.000667798442660471	0.00085789400857894
cajas_ratio_01_avg12	0.000363129321592017	0.000771694554079432	0.00099626400996264
e_y_ratio_lag2	0.000362924208030645	0.000237304427288656	0.00118998201189982
Visa_mpagospesos_rank_lag2	0.000362878197826711	0.000297255561123885	0.00113463401134634
ccomisiones_otras_avg12	0.000362508247304826	0.00105012234337955	0.00085789400857894
m_deb_aut_rank	0.000362361448593941	0.000508839842204273	0.0006918500069185
vmr_msaldopesos_tend6	0.000362068353223628	0.0012438738865331	0.00071952400719524
Visa_msaldopesos_rank_lag3	0.000360894594583754	0.000351287040210246	0.00085789400857894
mcuenta_corriente_rank_delta1	0.000359177819048646	0.000599943050999557	0.0005534800055348
Visa_fultimo_cierre_delta2	0.000358430941914743	0.00179073404224828	0.00071952400719524
Visa_mpagominimo_rank_tend6	0.000358066086208981	0.000370384404742017	0.0009685900096859
vmr_msaldodolares2_avg12	0.000356705391572771	0.00235184253689587	0.00102393801023938
rf_033_023	0.000356297788739555	0.000809757219147501	0.00102393801023938
mttarjeta_visa_debitos_automaticos_rank_avg6	0.000355030551523862	0.00133084986777327	0.00088556800885568
internet	0.00035462738304853	0.00337503020070188	0.00033208800332088
mtransferencias_recibidas_rank_avg6	0.000353172179418455	0.00051054620010442	0.0008302200083022
m_y_sp_rank_delta3	0.000352689571748698	0.000403959170929396	0.00088556800885568
rf_029_015	0.000351927939564984	0.000257206471406646	0.00080254600802546
vm_mpagominimo_rank_lag1	0.000350699370631145	0.000949624375182069	0.00074719800747198
ccallcenter_transacciones_tend12	0.000349965969425201	0.000769576065434788	0.00094091600940916
cprestamos_personales_delta2	0.000349780086034182	0.000827797160929302	8.302200083022e-05
m_pagos_rank	0.000349424865794924	0.00200098629854673	0.0005534800055348
ctransferencias_emitidas_tend12	0.000348249922200095	0.0011461674779641	0.00105161201051612
vmr_mconsumosdolares_avg6	0.000348182392151255	0.00102195218235869	0.00113463401134634
Visa_mconsumosdolares_rank_lag1	0.000345755792221332	0.000396241624269726	0.0009685900096859
Master_msaldototal_rank_tend6	0.000345706800151653	0.000369488646538231	0.00094091600940916
rf_049_022	0.000344853677474611	0.000428319968770454	0.00058115400581154
ccajas_transacciones_delta3	0.000344186810986304	0.000733176040530433	0.00099626400996264
vm_mpagominimo_rank_delta1	0.000343009118234062	0.00205384969436277	0.00099626400996264
vmr_Master_mlimitecompra_lag3	0.000342580592290276	0.000526511370978009	0.0011069600110696
c_e_y_ratio_lag3	0.000342129665202622	0.000382451866176761	0.00099626400996264
mcuenta_debitos_automaticos_rank_lag1	0.000341158857381384	0.00222030406504486	0.00074719800747198
c_anclaje_pesado_avg12	0.000340027657535169	0.00082315351761257	0.00058115400581154
mttarjeta_visa_debitos_automaticos_rank_lag2	0.000339236826905563	0.000438791277432309	0.00085789400857894
mpayroll_rank_lag2	0.000339069467820156	0.000556906127232983	0.00044278400442784
mcomisiones_rank_avg12	0.000338440478869759	0.000403864449167125	0.00085789400857894
mcaja_ahorro_rank_lag2	0.000337510157396468	0.000416505250499463	0.0008302200083022
c_e_sp_delta1	0.000337260600671528	0.000753262063455911	0.00058115400581154
mttarjeta_visa_debitos_automaticos_rank_delta2	0.000336641569935001	0.000426053932765348	0.00071952400719524
rf_016_017	0.00033599541242432	0.000665444060396324	0.00063650200636502
mcaja_ahorro_dolares_rank_delta3	0.000335511725834114	0.000986530797200105	0.00099626400996264
mrentabilidad_rank_avg12	0.000335345165490388	0.00055235128556838	0.00077487200774872
rf_021_017	0.000334603388332437	0.000464263234407702	0.00047045800470458
vm_mconsumospesos_rank_delta3	0.000333129811063785	0.000637743865042116	0.0008302200083022
vm_mpagominimo_rank_delta2	0.000333036705543674	0.000375264852464427	0.00074719800747198
vmr_mconsumospesos_tend12	0.000332259304145565	0.000331151379438193	0.00088556800885568
vmr_mpagominimo_lag3	0.000332024434618672	0.000649062204847359	0.00094091600940916
Master_msaldopesos_rank_tend6	0.000329786380552038	0.000440559568792402	0.00105161201051612
mcomisiones_mantenimiento_rank_delta3	0.000329456407360873	0.00161467087741271	0.00099626400996264
Visa_cconsumos_lag2	0.000328865603216262	0.000281273085312957	0.0009685900096859
vmr_Visa_mlimitecompra_tend12	0.000328824632102287	0.00111994457778685	0.00091324200913242
Master_mlimitecompra_rank_lag2	0.000328563325154524	0.000304822372671479	0.00099626400996264
ccajas_consultas_tend12	0.000327649942887076	0.000714660668364924	0.00080254600802546
rf_011_019	0.000326861101371927	0.000300387754782067	0.00060882800608828
vm_cconsumos_avg12	0.000325571322149008	0.000326420756041683	0.00085789400857894
mcaja_ahorro_dolares_rank_lag2	0.000325201362339429	0.000644881696300963	0.0009685900096859
Master_Fvencimiento_delta3	0.000324618651388141	0.000246105809497392	0.00063650200636502
rf_044_019	0.000323720244495244	0.000474167123282105	0.0009685900096859
Visa_mconsumosdolares_rank_delta3	0.00032356539464365	0.000219976264903154	0.00080254600802546
rf_016_014	0.000322403337208213	0.00261441035112569	0.0004151100041511
e_y_ratio_delta3	0.000322311363238816	0.000381850291907721	0.00091324200913242
vm_status01_avg12	0.000321808914990819	0.00185663989610014	0.00077487200774872
rf_035_022	0.00032074458705713	0.000306274165835522	0.00091324200913242
tcallcenter_tend12	0.000319577803991406	0.000627689696448725	0.00071952400719524
ctrx_quarter_normalizado_lag3	0.000319349338587493	0.000893307733580914	0.00099626400996264
mtransferencias_recibidas_rank_delta2	0.000318912340460871	0.00038531446712694	0.00094091600940916
vm_mlimitecompra_rank_delta1	0.000317182361694819	0.00026034458517497	0.0009685900096859
mcomisiones_otras_rank_avg6	0.000316310440983184	0.000523822274794298	0.00085789400857894
rf_013_023	0.000314610321121261	0.000547500438396679	0.0008302200083022
mcaja_ahorro_dolares_rank_tend6	0.00031433366238935	0.00060021264370756	0.00077487200774872
rf_033_025	0.00031343217765787	0.000520947833623835	0.00022139200221392
m_deb_aut_rank_lag2	0.000312832408308668	0.00031038454384639	0.00085789400857894
Visa_mpagominimo_rank_delta2	0.00031275894780924	0.000276664507263989	0.00094091600940916
c_e_y_ratio_tend12	0.000311062474657155	0.00281392352762663	0.00094091600940916
vmr_msaldototal_tend6	0.000310965848327057	0.000390801953835445	0.00066417600664176
ctarjeta_visa_transacciones_delta1	0.000307904394010007	0.00229968636654525	0.00044278400442784
vm_mfinanciacion_limite_rank	0.000307809841415578	0.000470383262115221	0.0009685900096859
Master_cconsumos_lag2	0.000307082522359223	0.000406152799433534	0.0009685900096859
ccaja_ahorro	0.00030602430521218	0.00401114603545495	0.00024906600249066
vmr_msaldototal_avg6	0.000304831289570837	0.000259309932079391	0.00077487200774872
vmr_mpagospesos_tend6	0.000303736471169829	0.000300219259339565	0.0008302200083022
Visa_msaldototal_rank_lag2	0.000303279432521556	0.000247622723872996	0.00074719800747198
m_e_sp_rank_lag3	0.00030301685496566	0.000440756753999438	0.00091324200913242
ccallcenter_transacciones_delta2	0.000302208068127723	0.000556173399754644	0.0004151100041511
Master_mconsumospesos_rank_delta2	0.000302142932497985	0.000424953247672033	0.00094091600940916
Master_mpagospesos_rank_delta2	0.000300036796192573	0.000365207040726334	0.00074719800747198
mforex_sell_rank_avg6	0.000299297172747656	0.00100262347813829	0.00074719800747198
Visa_mpagominimo_rank_delta1	0.00029876238552325	0.000340459614153698	0.00088556800885568
hb_cajas_avg12	0.000297881720447748	0.000672568229862536	0.00085789400857894
ccallcenter_transacciones_avg6	0.000297810652561482	0.000490352704410211	0.00066417600664176
ctrx_quarter_normalizado_lag2	0.000297667559640489	0.000626213312057939	0.00091324200913242
Visa_fultimo_cierre	0.000297292618015064	0.000525754052272927	0.00077487200774872
mextraccion_autoservicio_rank_delta3	0.000297102456093026	0.000520100802480448	0.00077487200774872
vm_mlimitecompra_rank_delta2	0.000296479637009328	0.000637630927556331	0.00094091600940916
vm_mfinanciacion_limite_rank_delta3	0.000295964669207858	0.000648507991459454	0.00094091600940916
seguros_ratio_01_lag3	0.000295819169742162	0.00070787075742519	0.00091324200913242
vm_mpagado_rank_avg6	0.000295339323097427	0.000475212705811792	0.00085789400857894
cajas_visitas_avg12	0.000294010805934949	0.000500303498772662	0.00094091600940916
vm_cconsumos_tend6	0.000292785651518599	0.000410666200327143	0.00074719800747198
e_y_ratio_delta2	0.000292726150939183	0.000376034011389794	0.00091324200913242
ccomisiones_otras_tend6	0.000292688966882422	0.000281623737990596	0.00091324200913242
rf_038_023	0.000292293834584294	0.000248775779171414	0.00052580600525806
ctransferencias_emitidas_avg6	0.000291418540117827	0.000491495741060696	0.00077487200774872
vm_msaldototal_rank_delta2	0.000290312237999215	0.000291302662679605	0.00077487200774872
vmr_Visa_mlimitecompra_avg6	0.000290083804586248	0.000311017084845403	0.00085789400857894
mcuenta_debitos_automaticos_rank_tend12	0.000289817150764668	0.00117981738401097	0.00071952400719524
Master_msaldopesos_rank_avg6	0.000289763422229059	0.000881559958093835	0.0008302200083022
rf_043_016	0.000288259006978539	0.000846455981917481	0.00088556800885568
ccomisiones_otras_delta2	0.0002879086055045	0.000316525519635949	0.00080254600802546
mactivos_margen_rank_avg12	0.000286712276220344	0.000461545903852545	0.00080254600802546
Visa_mconsumototal_rank_delta1	0.000285984319151012	0.00037528124661559	0.0009685900096859
vmr_msaldopesos2	0.000284296129589977	0.000341543905095851	0.00074719800747198
Visa_mpagado_rank_tend6	0.000284105233424133	0.000395512084543002	0.00077487200774872
Visa_fultimo_cierre_lag3	0.0002819223557414	0.000696952252751073	0.0008302200083022
vm_msaldopesos_rank_lag2	0.000281015981813022	0.00034584828056214	0.00058115400581154
cextraccion_autoservicio_tend12	0.000280967364347	0.000698683201877963	0.00080254600802546
Master_cconsumos_lag3	0.000280708028196298	0.000374457440519682	0.0008302200083022
Master_mconsumospesos_rank	0.000279943987919932	0.000442642081383107	0.0008302200083022
m_y_sp_rank_delta1	0.000279119483723892	0.000390336086706582	0.0008302200083022
rf_047_021	0.000279118297994963	0.000272505857585809	0.0008302200083022
vm_mpagospesos_rank_delta3	0.000278871705592346	0.000302484384558495	0.00071952400719524
c_e_y_ratio_tend6	0.000278444459286395	0.000418942969698685	0.00080254600802546
m_y_sp_rank_lag2	0.000278138486012417	0.000400177131334862	0.00080254600802546
c_e_y_ratio_delta3	0.000277955172732711	0.000277341676785611	0.0008302200083022
vmr_mpagospesos_lag2	0.000277637882919621	0.000171207308339903	0.00063650200636502
m_e_sp_rank_avg6	0.000277182730705189	0.000319983774745026	0.00047045800470458
m_deb_aut_rank_avg6	0.00027525989529589	0.000459314022329028	0.00077487200774872
rf_013_019	0.000273986866171044	0.000386088179983185	0.00085789400857894
vm_mpagominimo_rank_delta3	0.000273510839348444	0.000460315887122282	0.00077487200774872
thomebanking_tend12	0.000273036882649632	0.000889713315938571	0.00077487200774872
vmr_msaldopesos2_delta3	0.000272474980260688	0.000638175577689391	0.00071952400719524
Master_msaldototal_rank_delta1	0.000272184767687385	0.000413168129951751	0.00071952400719524
vmr_mconsumospesos_avg12	0.000271321013180669	0.000583685062370485	0.00071952400719524
rf_048_023	0.000270752169272453	0.000678822598530967	0.00077487200774872
mtarjeta_master_consumo_rank_tend12	0.000270293128610147	0.00191871316172471	0.0005534800055348
visitas_avg12	0.000269456236436299	0.000450694797355429	0.00071952400719524
cprestamos_personales_avg12	0.000268267070286112	0.000398682531220563	0.00052580600525806
rf_037_024	0.000268123281820038	0.000410530948580054	0.00060882800608828
vm_mfinanciacion_limite_rank_delta1	0.000267017042651352	0.000239553613749512	0.00085789400857894
rf_038_021	0.000266585107091915	0.000434702758289657	0.00077487200774872
Visa_cconsumos_delta1	0.000265777343448263	0.000305973606397545	0.00077487200774872
ccomisiones_otras	0.000265303702531045	0.000369173514521443	0.00047045800470458
vm_mpagominimo_rank_avg6	0.000265136025858103	0.00073205577353434	0.00063650200636502
mtransferencias_recibidas_rank_delta1	0.000265103629091598	0.000278059831685139	0.00071952400719524
ctarjeta_debito_avg12	0.00026448266883665	0.0011733885997899	0.0006918500069185
Master_msaldopesos_rank_delta3	0.000264138018509107	0.000328461372468306	0.00074719800747198
vmr_msaldopesos_tend12	0.000263561612870055	0.0008007035491681	0.00077487200774872
vmr_msaldopesos2_lag2	0.0002634314896977	0.000442491801664119	0.00074719800747198
cextraccion_autoservicio_avg12	0.000263316663357304	0.000710706490183186	0.00071952400719524
mtransferencias_emitidas_rank_delta3	0.000262730497899844	0.000880519384888115	0.00066417600664176
c_e_y_ratio_delta1	0.000261092101730085	0.0005953490455294	0.0006918500069185
atm_ratio_c_avg12	0.000259728105318671	0.000411363407144631	0.0006918500069185
vm_fultimo_cierre_lag2	0.000259187358232646	0.000280062195092383	0.00074719800747198
Visa_fultimo_cierre_delta1	0.000259044232288741	0.000177318228185664	0.00047045800470458
mcuenta_debitos_automaticos_rank_lag3	0.000257654055415991	0.000427561283886108	0.00077487200774872
c_e_sp_delta2	0.000256947406122554	0.000434097085482826	0.00060882800608828
c_anclaje_pesado_delta2	0.000256575260866987	0.000436257470291552	8.302200083022e-05
vm_mlimitecompra_rank_tend6	0.000256450659744677	0.000721082166296594	0.00085789400857894
rf_026_021	0.000256378589819429	0.000489208301580462	0.0008302200083022
Master_cconsumos_lag1	0.000256168704447291	0.000289783926731649	0.00071952400719524
cprestamos_personales_delta1	0.000255313922368927	0.00190751413490848	0.00019371800193718
chomebanking_transacciones_tend6	0.000255310672450014	0.000766156974131265	0.00063650200636502
atm_ratio_c_avg6	0.000254589900701921	0.000569432169507184	0.00077487200774872
m_deb_aut_rank_lag3	0.000253351002820428	0.000243178087335652	0.00077487200774872
ctransferencias_emitidas_tend6	0.000253117762509851	0.000899234219226099	0.00071952400719524
ctrx_quarter_avg6	0.000251304596190884	0.000689057102787144	0.00063650200636502
vm_mlimitecompra_rank_lag2	0.000250790993422436	0.000419259467894735	0.0006918500069185
visitas_tend12	0.000250364136683648	0.00070248573416145	0.00074719800747198
ctrx_quarter_avg12	0.000250302255358679	0.000485326986292779	0.0006918500069185
vmr_msaldopesos2_avg6	0.000248901421115096	0.000493263121634614	0.00077487200774872
cajas_visitas_avg6	0.000248748034075301	0.00115506221575584	0.00049813200498132
seguros_ratio_01_tend6	0.000248182801532088	0.000653735448714801	0.00074719800747198
mcaja_ahorro_dolares_rank_delta1	0.000248129178515002	0.00178250964308184	0.0005534800055348
m_deb_aut_rank_delta1	0.000247510093600261	0.00067887906727386	0.00080254600802546
mautoservicio_rank_tend6	0.000247000873849389	0.000387400622862348	0.00074719800747198
c_deb_aut_avg12	0.000245724490319073	0.000336485854069182	0.0006918500069185
vmr_msaldopesos_delta2	0.000245639809769353	0.000391266910178132	0.00049813200498132
vmr_mpagominimo_tend6	0.000245572362535785	0.000718356638665856	0.00060882800608828
atm_ratio_eme_avg12	0.000244841423084724	0.000209465337042656	0.0006918500069185
vmr_mconsumospesos_avg6	0.000243763868184873	0.000507868033354817	0.00071952400719524
vm_fultimo_cierre	0.000242818453950899	0.000167838310276043	0.00060882800608828
mpasivos_margen_rank_avg6	0.000242798283659523	0.000532535310743993	0.00074719800747198
ccuenta_debitos_automaticos_tend12	0.000242693418886887	0.00111737661616451	0.00049813200498132
rf_033_017	0.000242359738357882	0.000509834876101209	0.00060882800608828
catm_trx_other_avg12	0.000242053295539376	0.000380131638394202	0.00060882800608828
rf_017_019	0.000241959737502175	0.000174149603080455	0.00058115400581154
ctarjeta_debito_transacciones_tend6	0.000241751366540137	0.000879296654447257	0.00071952400719524
mcuenta_debitos_automaticos_rank_lag2	0.00024120482599701	0.000568612006555979	0.00060882800608828
ccomisiones_otras_delta1	0.000241176282849526	0.000199821933014499	0.00052580600525806
ctarjeta_visa_transacciones_avg12	0.00024102819314918	0.000388194373014457	0.0005534800055348
mextraccion_autoservicio_rank_delta2	0.000240861231886664	0.000421326952513541	0.00063650200636502
mcuenta_debitos_automaticos_rank_avg12	0.000238030222026316	0.000321795328448464	0.00060882800608828
rf_038_008	0.000237820527567888	0.000294831959110386	0.00024906600249066
m_tax_rank	0.000237509426196884	0.000886116165937702	0.0006918500069185
catm_trx_avg12	0.000236834727086668	0.000383931438319162	0.00066417600664176
vmr_msaldopesos_delta1	0.000236259972077226	0.000217436537652255	0.00066417600664176
vmr_Master_mlimitecompra_delta1	0.000235558718160008	0.000913431098739595	0.0002767400027674
rf_003_013	0.000234506673201587	0.000146483106814747	0.00060882800608828
Visa_mpagosdolares_rank_avg6	0.000234499432670167	0.00033348663519265	0.00074719800747198
c_e_y_ratio_avg12	0.000234355192976961	0.000443024611576894	0.00066417600664176
vmr_msaldodolares_tend12	0.000233971732988222	0.00205007676262999	0.00058115400581154
atm_ratio_eme_lag1	0.000233150183826812	0.00022560264650345	0.00071952400719524
contactos_tend6	0.000232839008928231	0.000404384963466529	0.00060882800608828
mttarjeta_visa_debitos_automaticos_rank_delta1	0.000232544428300858	0.000972931848810947	0.00049813200498132
ctransferencias_recibidas_lag3	0.000232492334399387	0.000271459364269947	0.00066417600664176
mpagomiscuentas_rank_lag3	0.00023140054533456	0.00022970847058344	0.00063650200636502
m_pagos_rank_tend6	0.000230794393791656	0.000777797276849612	0.00058115400581154
vmr_Visa_mlimitecompra_tend6	0.000230524490309154	0.00269787616244476	0.00058115400581154
vm_cconsumos_lag2	0.000230468693197706	0.000790850664319535	0.0005534800055348
rf_016_023	0.000228926651435005	0.000335810961512999	0.00066417600664176
Master_mconsumospesos_rank_delta1	0.000228506807421144	0.0005903820731203	0.0006918500069185
mautoservicio_rank_delta2	0.000227937318018197	0.000399069159952141	0.0006918500069185
mpasivos_margen_rank_avg12	0.000227898097634535	0.000313167906399284	0.00060882800608828
vmr_mconsumosdolares_tend12	0.000227371930164102	0.000671327739091252	0.00060882800608828
p_e_ratio_avg12	0.000226732266041459	0.000648540779761779	0.0006918500069185
Master_msaldototal_rank_avg6	0.000226271439046014	0.000589563731741446	0.00074719800747198
c_e_y_ratio_delta2	0.000226052788670689	0.000514034966550383	0.00058115400581154
cajas_visitas_tend6	0.00022585964230299	0.00222356923348469	0.00058115400581154
mautoservicio_rank_tend12	0.000225541983562056	0.000317936782815173	0.00060882800608828
vmr_mpagospesos_lag3	0.000222666877278715	0.000144511710137476	0.00063650200636502
matm_rank_delta3	0.000222352668916089	0.000317522375105236	0.00060882800608828
ctarjeta_visa_debitos_automaticos_delta3	0.000222154845162513	0.000263935815065698	0.00049813200498132
vmr_msaldototal_lag2	0.000221729159189148	0.000469615469369118	0.00066417600664176
ccomisiones_mantenimiento_delta1	0.000221684873400394	0.00094799452332068	0.00019371800193718
cajas_visitas_tend12	0.000220911153798968	0.000387122833078764	0.00063650200636502
ccomisiones_mantenimiento_delta3	0.000219791558926362	0.000630438449126944	8.302200083022e-05
Master_mconsumototal_rank_delta1	0.000219353243753138	0.000285424904094819	0.00071952400719524
hb_cajas_tend12	0.00021864290260135	0.00211112311684148	0.00063650200636502
vmr_mpagospesos_avg12	0.000217937129963026	0.00047362156236287	0.0006918500069185
rf_022_025	0.000217899602003597	0.000255382622089836	0.0005534800055348
c_e_y_ratio_lag2	0.000216390784902121	0.00012498263295843	0.00066417600664176
mtarjeta_master_consumo_rank_avg12	0.000215625194870821	0.000326447168840778	0.0005534800055348
seguros_ratio_01_lag2	0.000214612107144733	0.000759392565204449	0.00071952400719524
rf_010_020	0.000214560879578716	0.000305300535413714	0.00044278400442784
c_e_y_ratio	0.0002143279287346	0.000381558384938414	0.00071952400719524
ctarjeta_debito_transacciones_delta2	0.000214116143513064	0.000525555956279715	0.00058115400581154
Master_msaldopesos_rank_delta1	0.000214069761801372	0.000289712430016858	0.00058115400581154
mtransferencias_emitidas_rank_delta2	0.000214033946131522	0.000547358355753272	0.00063650200636502
ccajas_otras_tend12	0.000213704561676958	0.000928542407573479	0.00052580600525806
vmr_mconsumospesos_tend6	0.00021344214201186	0.000227419209530855	0.00066417600664176
ccomisiones_otras_lag3	0.00021332594831652	0.000206192426920331	0.00071952400719524
Master_mpagospesos_rank_delta3	0.000213060694872797	0.000300328553680647	0.00063650200636502
ccomisiones_otras_avg6	0.000212611353658888	0.000429751724638631	0.00066417600664176
vmr_mconsumospesos_lag1	0.000211877314181975	0.000276039252554381	0.00063650200636502
cajas_ratio_04_avg6	0.000210673965465113	0.00115030199180863	0.00052580600525806
mcuenta_debitos_automaticos_rank_avg6	0.000210510299786006	0.00025581251316476	0.00052580600525806
vmr_mpagosdolares_avg12	0.00020960497768897	0.000306763258011865	0.00060882800608828
vm_msaldopesos_rank_tend6	0.000209382807277632	0.000375513952483477	0.00058115400581154
rf_037_023	0.000209191282644496	0.000416828579591831	0.0006918500069185
cplazo_fijo_tend12	0.000208465393119037	0.00191144736500818	0.00044278400442784
e_y_ratio_delta1	0.000208396549377484	0.000168982713105792	0.0006918500069185
ctarjeta_visa_transacciones_lag3	0.000207921321812547	0.000276412219493324	0.00060882800608828
rf_008_024	0.000207796453669036	0.000307074291490861	0.00019371800193718
mpayroll_rank_tend12	0.000207639522600018	0.000331765249320605	0.00052580600525806
contactos_avg6	0.000206354250230595	0.000456965104781935	0.00063650200636502
Visa_mpagosdolares_rank_delta3	0.000205927065842604	0.000219642917162853	0.00049813200498132
vm_mpagospesos_rank_lag3	0.00020412629704713	0.000167875652509246	0.00060882800608828
c_seguros_avg12	0.000203981677332446	0.000804154062594684	0.00052580600525806
ctarjeta_debito_transacciones_tend12	0.000203806330314246	0.000691119122688896	0.00058115400581154
visitas_avg6	0.000203611584915237	0.00032176891564937	0.00058115400581154
atm_ratio_c_tend12	0.000203591568902777	0.000784116766729605	0.00058115400581154
ccomisiones_otras_delta3	0.000203241208191395	0.000397115068212208	0.00058115400581154
cajas_ratio_04_avg12	0.000202282616525626	0.00069349308685582	0.00049813200498132
mv_status07_rank_avg6	0.000201106106148424	0.000511049409466486	0.0002767400027674
mcuenta_debitos_automaticos_rank_delta2	0.000200916559278119	0.000642124291154075	0.00052580600525806
Master_mpagospesos_rank_lag3	0.000200814042744106	0.000255997858151512	0.0006918500069185
m_y_sp_rank_lag3	0.000200554885639505	0.000243170801046246	0.00060882800608828
rf_046_023	0.000199781986451046	0.000520042967558292	0.00052580600525806
visitas_tend6	0.00019914701003394	0.000592656761594074	0.00052580600525806
cpayroll_trx_avg12	0.000199126372261968	0.00202100720026064	0.00044278400442784
ctransferencias_recibidas_delta3	0.000199119451382016	0.000399383381182753	0.00058115400581154
Master_mpagado_rank_tend6	0.000198977779478199	0.000337774616507777	0.00058115400581154
matm_rank_delta2	0.000197577057976901	0.000408173378564293	0.00060882800608828
m_pagos_rank_lag2	0.000192993518055582	0.000449465236018254	0.00058115400581154
mtarjeta_master_consumo_rank_delta3	0.00019246256277891	0.000421686257659849	0.00058115400581154
c_y_sp_avg6	0.00019225358914873	0.000519756069912951	0.0005534800055348
vmr_msaldopesos_lag1	0.000192012720029527	0.000439761720102501	0.00047045800470458
vmr_Master_mlimitecompra_tend6	0.000191855447379765	0.000737014548867859	0.00049813200498132
vm_mconsumospesos_rank_tend6	0.000191452570434828	0.000209295020027803	0.00066417600664176
ctarjeta_debito_transacciones_avg12	0.000191232576439776	0.000895044147424858	0.00060882800608828
Master_mconsumototal_rank_delta3	0.000191078049335546	0.000293573708008676	0.00060882800608828
rf_018_024	0.000190841815807598	0.000135093270294713	0.00047045800470458
ctarjeta_master_transacciones_tend6	0.000190572140389582	0.00146900975512152	0.00030441400304414
contactos_delta1	0.00018905717973654	0.00224778658250308	0.0002767400027674
Visa_mpagado_rank_lag3	0.000188887662810235	0.000197073180336281	0.00052580600525806
ccajas_depositos_avg12	0.000188834437100058	0.000589292317461092	0.00049813200498132
vmr_msaldopesos_lag2	0.000188609134155939	0.000490038938572687	0.0005534800055348
vm_mconsumototal_rank_tend6	0.000188514742548205	0.000128927247885323	0.00044278400442784
matm_rank_lag3	0.000188203447683577	0.000196886924563353	0.00058115400581154
ctarjeta_visa_transacciones_lag2	0.000188080629798508	0.000171445023531757	0.00052580600525806
rf_043_015	0.000186630467322324	0.00013049425550059	0.00058115400581154
rf_005_015	0.000186421889967086	0.000143458385925296	0.00038743600387436
ctarjeta_debito_tend6	0.000185772709054027	0.00230306082932616	0.0002767400027674
vmr_msaldopesos2_delta2	0.00018549853271632	0.000199967658802609	0.00063650200636502
vmr_mpagospesos_delta2	0.000185223688180629	0.000255209117323368	0.00058115400581154
mcuenta_debitos_automaticos_rank_tend6	0.000184709074601488	0.00130323619710575	0.0005534800055348
vmr_mconsumospesos_lag3	0.000183895186239649	0.000279309430318179	0.00066417600664176
Visa_mpagado_rank_delta2	0.000183584732169317	0.00205494719170447	0.0005534800055348
cliente_edad_tend12	0.000182886518165931	0.00107019242754695	0.00058115400581154
cextraccion_autoservicio_avg6	0.000182865048371375	0.001193166776988	0.00052580600525806
Master_mpagominimo_rank_delta2	0.000182594740358204	0.000174198785533942	0.00052580600525806
rf_049_023	0.000179907304830987	0.000380570637330883	0.00030441400304414
ctarjeta_debito_transacciones_delta3	0.000179887193361673	0.000205770732920989	0.00052580600525806
vm_mconsumospesos_rank_avg6	0.000178608167998407	0.000703725769539645	0.00044278400442784
p_e_ratio_tend12	0.000178336029277558	0.0011818803146989	0.00047045800470458
vmr_mconsumospesos_delta1	0.000177533346518488	0.000727520058379427	0.00052580600525806
vm_mpagado_rank_tend6	0.000176956298480603	0.00030280407050616	0.00044278400442784
matm_other_rank_avg6	0.000176280146620255	0.00010541621354618	0.0004151100041511
cextraccion_autoservicio_lag3	0.000175460817733686	9.53670542767552e-05	0.00038743600387436
c_ganchos_liviano_avg6	0.000175013375853192	0.00511433305839537	0.00035976200359762
atm_ratio_eme_tend12	0.000174913860276296	0.00057256345237919	0.00058115400581154
vmr_msaldototal_delta1	0.000174677806826414	0.000319640408356793	0.00049813200498132
vmr_mconsumospesos_delta2	0.000173562591101512	0.000263274128909062	0.00058115400581154
Visa_mpagado_rank	0.000173273284594353	0.00143625014256138	0.00052580600525806
rf_044_018	0.000172956959153486	0.000255153559366651	0.00044278400442784
mtransferencias_recibidas_rank	0.000172494424770301	0.000564469295635874	0.00049813200498132
tcallcenter_avg6	0.000172344029141937	0.000498631750747191	0.00047045800470458
rf_016_024	0.000172199376920323	0.000647222872165562	0.00052580600525806
vmr_mconsumosdolares_lag3	0.000169825065159471	0.000170630325297606	0.0005534800055348
m_deb_aut_rank_lag1	0.000169579789029482	0.00013148837861135	0.00052580600525806
ctransferencias_recibidas_tend6	0.000168099654132908	0.000331470154599683	0.00052580600525806
vmr_mconsumospesos_lag2	0.000167877860389159	0.000260783128718563	0.00052580600525806
mpayroll_sobre_edad_rank_lag1	0.000167216679775499	0.000988541813076019	0.00038743600387436
rf_032_024	0.000165274459916931	0.000362868597220261	0.00033208800332088
mttarjeta_visa_debitos_automaticos_rank	0.000164165615550089	0.000105003627408595	0.0005534800055348
ctarjeta_visa_debitos_automaticos_avg6	0.000164058232780422	0.000404051615726228	0.00047045800470458
vm_status04_tend12	0.000163158114371921	0.0019464853091868	0.00033208800332088
cseguro_vida_avg12	0.000163149871543527	0.00225939637388454	0.00044278400442784
mpayroll_sobre_edad_rank_avg6	0.000161493790572494	0.000496679935972697	0.0004151100041511
vm_mpagospesos_rank_avg6	0.000161238334613937	0.00125666041365355	0.00044278400442784
vm_mpagospesos_rank_delta1	0.000159238767888987	0.000217582718833453	0.0005534800055348
c_e_y_ratio_avg6	0.000159044091631699	0.000400505469751197	0.0004151100041511
vm_msaldototal_rank_lag3	0.000158692763452195	0.00034993725509788	0.00049813200498132
Visa_mpagado_rank_delta1	0.00015855552539028	0.000476200453419323	0.00044278400442784
mpagomiscuentas_rank_lag2	0.000155261915100924	0.000193931878816342	0.00044278400442784
c_e_sp_lag3	0.000155171007152401	9.48037330270937e-05	0.00035976200359762
rf_025_021	0.000154873892790516	0.000373938747792629	0.00035976200359762
mpayroll_rank_lag1	0.000154809467153384	0.000304017693085261	0.00024906600249066
rf_032_023	0.00015445636631429	0.000272957152135862	0.00049813200498132
vm_mconsumototal_rank_delta2	0.000154183634986969	0.0001514031737358	0.00049813200498132
rf_030_018	0.000153308397794615	0.000814860809482954	0.00035976200359762
m_tax_rank_tend6	0.000152739220045399	0.000401902615744698	0.00044278400442784
ccallcenter_transacciones_delta1	0.000152088331228617	0.000246484696546477	0.00011069600110696
Visa_mpagosdolares_rank_tend6	0.000150358356332437	0.00024140524204468	0.00044278400442784
Visa_mpagado_rank_delta3	0.000149834104706876	0.000197184296249714	0.00038743600387436
m_tax_rank_delta3	0.00014976479580665	0.000275153968391615	0.00035976200359762
vmr_mpagado_tend12	0.000148297890456154	0.000381232778880606	0.00047045800470458
ctarjeta_debito_transacciones_lag3	0.000147929751292584	0.000184613170059817	0.00049813200498132
rf_028_023	0.000146938280674199	0.000336825121919625	0.00030441400304414
c_deb_aut_avg6	0.000145810323265143	0.00035948502657759	0.00047045800470458
Master_msaldodolares_rank_avg6	0.000145596656769596	0.000567420698238183	0.00038743600387436
vmr_msaldodolares2_tend12	0.00014394464226057	0.000994098519533875	0.0004151100041511
vmr_msaldodolares_avg6	0.000142454900018565	0.000511758911897345	0.0004151100041511
cpayroll_trx_tend6	0.000141546768136112	0.00086726380288719	0.00030441400304414
vm_mpagospesos_rank_lag2	0.000141305715326962	0.000104362889334	0.00044278400442784
vmr_mpagado_tend6	0.000139636455634176	0.000248849097458557	0.00047045800470458
rf_035_021	0.000139361015138123	0.000145429782602567	0.00038743600387436
Master_mpagominimo_rank_delta1	0.000138155648927739	6.81482094163969e-05	0.0004151100041511
m_ganchos_liviano_rank_tend6	0.00013799922868189	0.000582566616946743	0.00016604400166044
vm_mconsumospesos_rank_lag2	0.000137762947167523	0.000277328470386064	0.00033208800332088
m_inversiones_rank_lag1	0.000137496612739419	0.00061703896291026	0.00016604400166044
c_e_y_ratio_lag1	0.000136445318020277	6.58703331910077e-05	0.00044278400442784
catm_trx_other_tend6	0.000135445391988503	0.000464763256018154	0.00030441400304414
rf_021_015	0.000134252507406841	0.00015095779929589	0.00047045800470458
ccomisiones_otras_lag1	0.000134126999702403	0.00016320741796577	0.00030441400304414
rf_023_016	0.000134059474555402	0.000186857802589793	0.00038743600387436
rf_044_015	0.000133075674540265	0.000199647517461856	0.00033208800332088
matm_other_rank_lag3	0.000130786164585136	0.000297489177777948	0.0004151100041511
ctarjeta_visa_transacciones_avg6	0.000129859922989411	0.00016909064126761	0.0002767400027674
vm_mconsumospesos_rank_lag3	0.00012980327166811	0.000130081213969917	0.00038743600387436
Master_mpagospesos_rank_delta1	0.000129627180086444	0.000105137057583333	0.00035976200359762
matm_other_rank_tend6	0.000129108856589547	0.000692498508351971	0.00033208800332088
mtarjeta_visa_consumo_rank_avg6	0.000128880432464273	0.000118074775208944	0.00035976200359762
m_e_sp_rank_lag2	0.000128142623731561	0.000195219275075673	0.00047045800470458
cproductos_lag3	0.000127647968374783	0.00139448968562002	0.00038743600387436
mtarjeta_visa_consumo_rank_lag1	0.000127402029206641	9.1123246091149e-05	0.00038743600387436
mpagomiscuentas_rank_delta3	0.000127151180718265	0.000144062692552863	0.00044278400442784
rf_047_020	0.000126842010671623	0.000219823708218726	0.00038743600387436
catm_trx_tend12	0.000125658165080121	0.000141356746824902	0.00035976200359762
vm_mconsumospesos_rank_delta2	0.000125140438575553	0.000101183334794682	0.00038743600387436
cforex_sell_tend12	0.000123448016921968	0.000701405997150175	0.00033208800332088
ccajas_otras_avg12	0.000122997873870481	0.000208559560190937	0.00022139200221392
mautoservicio_rank_lag1	0.000122437262986981	0.000146873378691028	0.00035976200359762
cpagomiscuentas_tend6	0.000122416409018133	0.00131488651847203	0.00033208800332088
rf_017_015	0.000122301323138289	0.000148481827077289	0.00030441400304414
ctrx_quarter_normalizado_avg6	0.000122192085925728	0.000446274752044828	0.00035976200359762
cextraccion_autoservicio_tend6	0.000121950322092006	0.000333225239560228	0.00030441400304414
rf_030_019	0.000121832703767608	0.000323655609212302	0.00035976200359762
vmr_mconsumospesos_delta3	0.000121585551523439	0.000227695177742088	0.0004151100041511
ctarjeta_visa_transacciones_lag1	0.00012125431778581	0.000401023707085162	0.00035976200359762
mextraccion_autoservicio_rank_delta1	0.000120482422958256	0.000277460989774626	0.00038743600387436
cprestamos_personales_lag3	0.000120410913648536	0.000274413499230783	0.0001383700013837
cproductos_lag2	0.000120210707601458	0.000799804603212699	0.00024906600249066
rf_049_017	0.000119690270638201	0.00025725428768087	0.00030441400304414
c_pagos_tend6	0.000118328893872468	0.0013904676538682	0.00038743600387436
rf_001_019	0.000118276101072026	0.000171919543129289	0.0002767400027674
cforex_sell_avg12	0.00011744781626856	0.00035685057756442	0.00030441400304414
rf_047_015	0.00011708507454514	0.000187380138461549	0.00035976200359762
rf_008_017	0.00011660124451166	0.000266368980334041	0.00038743600387436
vmr_msaldopesos2_delta1	0.000116392736814127	0.000175472520000638	0.00033208800332088
ccajeros_propios_descuentos_delta2	0.000115309570341181	0.000141736089267075	0.0002767400027674
c_p_sp_avg12	0.000114728401663074	0.00026752385720481	0.0002767400027674
c_deb_aut_tend6	0.000114590755974591	0.000165909265155941	0.00030441400304414
ccajeros_propios_descuentos_tend12	0.000112747103316169	0.000677787034649213	0.0002767400027674
rf_032_021	0.000112734955012464	0.000624883108848351	0.00033208800332088
vm_mconsumosdolares_rank_lag2	0.000112541963955647	0.000211136174281951	0.00038743600387436
vm_mconsumosdolares_rank_tend6	0.000111643822278011	0.000323663350894795	0.00035976200359762
rf_008_015	0.000111503103910774	8.67018346012842e-05	0.00035976200359762
mtarjeta_master_descuentos_rank_delta1	0.000110975095928988	0.000123233468108026	0.00033208800332088
m_pagos_rank_lag3	0.000110276663406802	0.000317854812059361	0.00033208800332088
mcuenta_debitos_automaticos_rank_delta1	0.000109584558900105	0.000305485425007378	0.00033208800332088
atm_ratio_eme_delta1	0.000109279263885778	0.000127595678496471	0.00035976200359762
m_y_sp_rank_avg6	0.000108805028298155	0.000240029499526307	0.00030441400304414
Visa_msaldodolares_rank	0.000108386613041215	0.000182522460393531	0.00030441400304414
ccuenta_debitos_automaticos_avg6	0.000107997052585491	0.000136553260534337	0.0002767400027674
vmr_mpagosdolares_avg6	0.000107722811749908	0.000337121127426723	0.00033208800332088
atm_ratio_c_tend6	0.00010748061810235	0.000198773162733198	0.00030441400304414
Visa_mpagado_rank_lag1	0.000106804274296327	0.000402400360389711	0.0002767400027674
Master_mpagosdolares_rank_delta3	0.000106083847482868	8.05494739845293e-05	0.00030441400304414
rf_025_022	0.000104801746860934	0.000282982175571631	0.00024906600249066
cajas_ratio_02_tend12	0.000104778616891082	0.000280826344693783	0.0002767400027674
vmr_mpagospesos_delta1	0.000103984020101573	0.000111093143779227	0.00030441400304414
contactos_delta3	0.000103808092086518	0.000213904053469859	0.00016604400166044
rf_011_015	0.000103021719550014	0.000284808757246968	0.0002767400027674
mplazo_fijo_dolares_rank_delta1	0.000102694527507209	0.00275375471589542	0.0002767400027674
catm_trx_avg6	0.000101600667286629	0.00020456303045203	0.00030441400304414
ctarjeta_master_transacciones_avg12	0.000101551953847769	0.000122223861632279	0.0002767400027674
catm_trx_other_avg6	0.000101404181476966	0.000188106490436658	0.0002767400027674
ctarjeta_debito_avg6	0.000100028945407907	0.000783395879471551	0.0002767400027674
visitas_lag3	9.99579703985806e-05	0.000512998036489365	0.00024906600249066
ctarjeta_visa_debitos_automaticos_delta2	9.85175264621637e-05	8.07862783902075e-05	8.302200083022e-05
Visa_status_avg12	9.78715198765091e-05	0.00118969486008628	0.00030441400304414
ctarjeta_debito_delta2	9.7257425291333e-05	0.0025714376377845	0.00022139200221392
vmr_mconsumosdolares_delta3	9.72193091112864e-05	8.37941497354086e-05	0.00030441400304414
rf_008_019	9.53467025829135e-05	0.000164013463731252	0.00030441400304414
cmobile_app_trx	9.46498017562579e-05	0.000420562347519053	0.0002767400027674
Visa_msaldodolares_rank_lag3	9.4564248421297e-05	0.00011948785996052	0.0002767400027674
ccheques_depositados_avg12	9.44125777989447e-05	0.00145318757767751	0.00022139200221392
ccomisiones_mantenimiento_lag3	9.3684843118285e-05	0.000559896238247758	0.00019371800193718
rf_015_011	9.30447548576177e-05	0.000299613586532734	0.00016604400166044
ctarjeta_visa_descuentos_tend12	9.26262167967244e-05	0.00149367748790378	0.00030441400304414
ccomisiones_otras_lag2	9.09874764663052e-05	0.000167279998350348	0.0002767400027674
c_p_sp_tend12	9.07059014483888e-05	0.00112091593124322	0.00030441400304414
vm_cconsumos_lag1	9.04277628772392e-05	0.000413250100707563	0.0002767400027674
mpayroll_rank_avg6	9.00015743364342e-05	0.000130849917502195	0.00019371800193718
ctarjeta_debito_transacciones_lag1	8.97704314967441e-05	0.000320061646963047	0.0002767400027674
mcajeros_propios_descuentos_rank_delta2	8.95336474149366e-05	4.66568434218362e-05	0.00019371800193718
ctransferencias_recibidas_delta2	8.84137181853475e-05	0.00033894133359883	0.0002767400027674
rf_042_021	8.8412542776078e-05	0.00022929679523203	0.00022139200221392
rf_028_025	8.7884588456523e-05	0.000164969789215722	0.0002767400027674
rf_043_013	8.64135761393545e-05	0.000166272213446952	0.0002767400027674
vmr_mpagado_delta3	8.63836566072229e-05	0.000448641429922346	0.0002767400027674
p_y_ratio_avg12	8.60484376749091e-05	0.000307525130647825	0.00030441400304414
c_pagos_avg6	8.47320628823315e-05	0.000149559287123125	0.0002767400027674
rf_039_019	8.43087122480157e-05	0.000256780678869513	0.00024906600249066
matm_rank_lag1	8.42419357923442e-05	0.000121124087325138	0.00024906600249066
mv_status07_rank_delta1	8.37644719570942e-05	0.000274363861384208	0.0001383700013837
contactos_lag3	8.34321433035438e-05	4.12663554410421e-05	0.00016604400166044
cajas_ratio_03_tend6	8.31168787237208e-05	0.000531903225138067	0.00022139200221392
catm_trx_other_delta3	8.31050033750214e-05	0.000321549416181029	0.00022139200221392
mautoservicio_rank_delta1	8.28088833123739e-05	8.9154581772405e-05	0.00022139200221392
ccajas_depositos_tend12	8.27580429915962e-05	0.000802156708511406	0.00022139200221392
ctarjeta_debito_transacciones	8.22343630751967e-05	0.000433483670993502	0.00022139200221392
mcajeros_propios_descuentos_rank_delta3	7.98117408582055e-05	0.000758114732199963	0.0002767400027674
c_pagos_delta3	7.86110824766955e-05	0.000957824638514853	0.00019371800193718
mttarjeta_master_debitos_automaticos_rank_avg6	7.82984623097373e-05	0.00146566307131896	0.00024906600249066
catm_trx_tend6	7.82059073434848e-05	0.000695020930665532	0.0002767400027674
rf_002_021	7.80863989733649e-05	0.000275066988311837	0.00019371800193718
rf_016_021	7.75540381590068e-05	0.000394119037087291	0.00022139200221392
contactos_lag2	7.6254137155607e-05	0.000150086176925759	0.00022139200221392
rf_006_026	7.5382932112391e-05	0.000315453068914079	0.00024906600249066
vm_status04_delta1	7.48741989334866e-05	0.000425014270345803	0.0001383700013837
vm_mconsumospesos_rank_lag1	7.47419158563018e-05	0.000164458838171162	0.00019371800193718
ctarjeta_debito_transacciones_delta1	7.45921935857499e-05	0.00133588788150407	0.00022139200221392
ctarjeta_master_transacciones_avg6	7.44767759288382e-05	0.000224291569803551	0.00016604400166044
c_e_sp_lag1	7.44379373725944e-05	7.57468984801402e-05	0.00024906600249066
vmr_mpagado_lag3	7.32555045425404e-05	9.2449350762947e-05	0.0002767400027674
mv_status07_rank_delta3	7.29987498547776e-05	7.58347893460938e-05	0.00016604400166044
rf_048_015	7.28817207829632e-05	0.000161184106476485	0.00024906600249066
tcuentas_tend12	7.09557043384824e-05	0.000279954722323653	0.0001383700013837
mtarjeta_visa_descuentos_rank_lag3	6.98280941859848e-05	0.000175380530596894	0.00024906600249066
p_y_ratio_tend6	6.90408284829118e-05	0.00041650570589255	0.00022139200221392
mcheques_depositados_rank_lag3	6.79468052117042e-05	0.000223884903776108	0.00022139200221392
Master_cconsumos_delta3	6.76657250214829e-05	0.000160396731827605	0.00022139200221392
ctarjeta_master_debitos_automaticos_tend12	6.68126209198288e-05	0.000251649764948789	0.00016604400166044
mv_status07_rank	6.67776641036791e-05	0.000174224287546861	0.00024906600249066
mforex_sell_rank_tend6	6.63453144678863e-05	0.00126078764120867	0.00022139200221392
c_e_sp_lag2	6.60971356755421e-05	8.01273245920991e-05	0.00024906600249066
active_quarter_avg12	6.477859323839e-05	0.000131836298930462	0.00019371800193718
vm_mconsumosdolares_rank_delta2	6.46209764279684e-05	0.000215872717788603	0.00019371800193718
rf_006_019	6.38683455676544e-05	0.000251171146813467	0.00022139200221392
rf_007_022	6.36508463503979e-05	0.000269584055534211	0.00019371800193718
c_pagos_delta2	6.32734553536815e-05	0.00136032700695624	0.00019371800193718
cpayroll_trx_avg6	6.26983479278526e-05	0.000721845405111819	0.00016604400166044
vm_mpagado_rank_delta3	6.18558317973179e-05	0.000191891717782807	0.0001383700013837
cforex_buy_avg12	6.12353741098102e-05	0.000586162856161437	0.0001383700013837
seguros_ratio_01_tend12	5.88607749464275e-05	0.000115906193324637	0.00022139200221392
ccajas_depositos_tend6	5.8691173914894e-05	0.00183574782740918	0.00019371800193718
ctarjeta_master_descuentos_tend12	5.83377962509224e-05	0.000248509829608114	0.0001383700013837
vm_mconsumosdolares_rank_delta1	5.82337188683412e-05	0.000156893848195919	0.00022139200221392
catm_trx_delta2	5.81572037495651e-05	0.000195665560301759	0.00019371800193718
c_y_sp_lag3	5.70794169153561e-05	3.82785213917062e-05	0.00016604400166044
vm_mconsumosdolares_rank_lag1	5.60479369753042e-05	0.000538727745952478	0.00016604400166044
vm_mpagado_rank_lag1	5.37765344115252e-05	0.00026594910790705	0.00016604400166044
cajas_visitas_delta3	5.31336170160797e-05	0.00100641644716693	0.00016604400166044
m_tax_rank_delta1	5.2378049180541e-05	6.71559078779876e-05	0.00019371800193718
m_pagos_rank_delta1	5.13764245327375e-05	0.00015624354686648	0.0001383700013837
mforex_buy_rank_avg6	5.08839621037011e-05	0.000158592464413572	0.0001383700013837
rf_034_019	5.0346666943933e-05	8.98645395963518e-05	0.00016604400166044
c_deb_aut_lag2	4.79011763604696e-05	0.000155332760690794	0.00011069600110696
rf_031_021	4.77717688565327e-05	0.000166587345463739	0.00016604400166044
vm_mpagado_rank_lag2	4.75998864061734e-05	0.000306862989098102	0.00016604400166044
mv_status07_rank_lag2	4.70616921460313e-05	0.000865932688891425	0.00016604400166044
c_deb_aut_lag3	4.67244920969965e-05	9.10235150049115e-05	0.0001383700013837
rf_041_017	4.62648513464641e-05	6.61089591690373e-05	0.00019371800193718
active_quarter_tend12	4.42116337413459e-05	0.000469225197492836	8.302200083022e-05
ctransferencias_emitidas_delta3	4.39449123259934e-05	0.000125600145985544	0.0001383700013837
c_y_sp_delta1	4.20864439897577e-05	0.000783954191397246	0.00016604400166044
ccheques_depositados_avg6	4.19395418242815e-05	0.000315247686631462	0.0001383700013837
c_p_sp_tend6	4.18746332270628e-05	0.00172505497415416	0.00016604400166044
active_quarter_delta3	4.12484677356311e-05	8.02325203953908e-05	0.0001383700013837
rf_004_027	4.03868189555298e-05	8.76900376019029e-05	8.302200083022e-05
cseguro_vida_lag2	3.99462525484851e-05	0.00048374768306414	8.302200083022e-05
ctarjeta_master_debitos_automaticos_avg12	3.97366545788772e-05	5.22563568299501e-05	0.00011069600110696
mcaja_ahorro_adicional_rank	3.96373515869767e-05	0.00171386551059278	0.0001383700013837
cproductos_lag1	3.95682480479841e-05	0.000427413736525647	0.00011069600110696
rf_033_018	3.95253120707531e-05	0.000173238816904769	0.0001383700013837
p_y_ratio_lag3	3.88066215400827e-05	7.60797908273532e-05	0.00011069600110696
catm_trx_lag2	3.54350838864845e-05	8.78963306706956e-05	0.00011069600110696
p_y_ratio_delta3	3.3592944864187e-05	0.000594445090250032	0.00011069600110696
cproductos	3.33863083789962e-05	0.000461948471342198	2.767400027674e-05
cpagodeservicios_avg12	3.23438080740727e-05	0.000166487614377501	8.302200083022e-05
rf_001_020	3.22309569165932e-05	0.000185771234682201	0.00011069600110696
ccomisiones_mantenimiento	3.17264008780493e-05	0.00143869104951221	8.302200083022e-05
mcaja_ahorro_adicional_rank_lag1	3.15831557420715e-05	0.000218581851268179	8.302200083022e-05
estado_avg12	3.15594566429726e-05	0.000124020842756906	0.00011069600110696
cforex_sell_tend6	3.08115150361446e-05	0.000382450955390585	8.302200083022e-05
c_p_sp_lag3	3.00117625445196e-05	0.000606088125326907	0.00011069600110696
cseguro_vida_tend12	2.86725900751406e-05	0.000236026138891082	5.534800055348e-05
c_seguros_tend12	2.76439397858499e-05	0.000134381035505327	8.302200083022e-05
ccomisiones_mantenimiento_lag2	2.71483236687296e-05	1.79461308057052e-05	5.534800055348e-05
ccuenta_debitos_automaticos_lag2	2.5832756905527e-05	1.02495322280757e-05	2.767400027674e-05
mttarjeta_master_debitos_automaticos_rank_lag3	2.44283125868988e-05	5.53607715097738e-05	8.302200083022e-05
rf_018_023	2.33230259228274e-05	4.44914492891442e-05	8.302200083022e-05
mplazo_fijo_dolares_rank_tend6	2.3289807969381e-05	0.000100127733617063	5.534800055348e-05
vmr_mconsumosdolares_delta1	2.32089575614556e-05	0.000316552843221219	8.302200083022e-05
m_p_sp_rank_lag1	2.2535103373398e-05	6.35696873112263e-05	5.534800055348e-05
mttarjeta_master_debitos_automaticos_rank_delta3	2.2460389035285e-05	6.73353327545976e-05	5.534800055348e-05
vm_msaldodolares_rank_delta1	2.18166311035358e-05	5.76468448107441e-05	8.302200083022e-05
ccajeros_propios_descuentos_avg6	2.16999910829018e-05	0.00010599456276774	5.534800055348e-05
vm_cconsumos_delta1	2.14929554848621e-05	0.000146923471930691	5.534800055348e-05
rf_015_019	2.11579638430589e-05	8.90771649474718e-05	5.534800055348e-05
m_p_sp_rank_delta2	2.03187097570376e-05	0.000263165289961068	5.534800055348e-05
ccuenta_debitos_automaticos_lag3	2.01997638083855e-05	3.719058730485e-05	8.302200083022e-05
visitas_lag1	2.017126864732e-05	0.00028193112832489	5.534800055348e-05
vmr_msaldodolares2	1.80263278405421e-05	0.000205913726350571	5.534800055348e-05
rf_032_022	1.7619189392024e-05	0.000387864668418859	5.534800055348e-05
ccajas_otras_delta2	1.69666736808495e-05	2.32500940998092e-05	2.767400027674e-05
ccallcenter_transacciones_lag1	1.65648968116638e-05	0.00027795418048876	5.534800055348e-05
rf_011_016	1.56698319406449e-05	0.000153335862000604	5.534800055348e-05
mv_status07_rank_tend6	1.53163508220822e-05	0.000511802629633778	8.302200083022e-05
visitas_delta3	1.51264363138912e-05	9.0628233804664e-05	5.534800055348e-05
c_p_sp_delta3	1.44681519127988e-05	0.000954072199471029	5.534800055348e-05
hb_cajas_lag2	1.35449437811191e-05	4.25022922814472e-05	5.534800055348e-05
visitas_delta2	1.34313392884624e-05	1.96237989413177e-05	5.534800055348e-05
c_anclaje_pesado	1.32196675831855e-05	0.00050935990111059	5.534800055348e-05
mcajeros_propios_descuentos_rank_tend6	1.19874800605816e-05	0.000180202232610972	2.767400027674e-05
matm_other_rank_delta1	1.17984852920846e-05	2.57233339598829e-05	5.534800055348e-05
ctransferencias_recibidas_delta1	1.10262702970808e-05	5.88249467289932e-05	5.534800055348e-05
c_anclaje_pesado_delta3	1.07706445801177e-05	2.29253988281773e-05	2.767400027674e-05
hb_cajas	1.04513666845361e-05	1.12992132955531e-05	2.767400027674e-05
vm_mpagado_rank_lag3	1.04513532689782e-05	7.49986876368146e-06	2.767400027674e-05
ctransferencias_emitidas_delta2	1.04314394211527e-05	9.01222920840708e-06	2.767400027674e-05
c_deb_aut_lag1	9.87435321751255e-06	1.72644073532047e-05	2.767400027674e-05
vm_msaldodolares_rank_delta3	9.70575886880816e-06	1.27387108462239e-05	2.767400027674e-05
cajas_visitas_lag1	9.53548447946222e-06	0.000151977879812657	2.767400027674e-05
vmr_mpagosdolares_delta2	9.16867319813722e-06	6.60907434455235e-05	2.767400027674e-05
c_p_sp_delta2	8.58293755451515e-06	3.62520221508062e-05	2.767400027674e-05
c_y_sp	8.17759885469414e-06	5.02079987208336e-05	2.767400027674e-05
catm_trx	7.63373471537824e-06	3.28402171366886e-05	2.767400027674e-05
ctarjeta_visa_debitos_automaticos_delta1	7.20486357896662e-06	0.000167642946641358	2.767400027674e-05
cextraccion_autoservicio_delta1	6.73653831859456e-06	8.39767623636335e-05	2.767400027674e-05
c_y_sp_delta3	6.6818307052467e-06	2.00842013531267e-05	2.767400027674e-05
c_p_sp_lag1	6.48186871812679e-06	0.000351334856484469	2.767400027674e-05
