Feature	Gain	Cover	Frequency
rf_033_015	0.0824539900392898	0.00385981175269063	0.00218928932300438
ctrx_quarter	0.0582507968104633	0.00101784855910014	0.000547322330751095
rf_033_024	0.0564312623051661	0.0060792758053618	0.00214718760525429
rf_005_016	0.0439999663959594	0.00260566836217266	0.00143145840350286
vm_status_SP_tend12	0.0410294936682544	0.002951176135632	0.000757830919501516
mcaja_ahorro_rank	0.0347649759594793	0.00255360525105425	0.0015998652745032
rf_027_027	0.0221618063800924	0.00380101079017213	0.00143145840350286
m_y_sp_rank	0.0213931593336269	0.0037884566348381	0.0007999326372516
vm_Finiciomora_tend12	0.0209005275987552	0.00168074209441078	0.000884136072751768
cdescubierto_preacordado	0.0185849326536962	0.00676599902737794	0.00277871337150556
rf_043_019	0.0176845011512803	0.00457685468876169	0.00164196699225328
rf_049_025	0.0168858519409348	0.00379145644775533	0.00126305153250253
ctrx_quarter_normalizado	0.0153989357559894	0.00161182910820578	0.000631525766251263
rf_041_015	0.0149571283523302	0.00287526667218077	0.00189457729875379
mcuentas_saldo_rank	0.0140991341887811	0.00527440593919355	0.00235769619400472
rf_019_016	0.0135023100710406	0.00133137838858643	0.00197878073425396
rf_024_023	0.0128174811963043	0.00306693990370036	0.000926237790501852
vm_status01	0.00983055488376296	0.00175019177553995	0.00126305153250253
rf_018_015	0.0082261160768261	0.000731329390777976	0.00155776355675312
foto_mes	0.00783585117684993	0.00929318833326512	0.00442068036375884
Visa_mpagospesos_rank	0.00771804748476699	0.0013566601452277	0.00290501852475581
m_anclaje_pesado_rank	0.00664228289020086	0.00707176884698866	0.00193667901650387
c_e_sp	0.0065378964499908	0.000540219704359907	0.000210508588750421
rf_005_021	0.00653500835786647	0.00131435846237666	0.00189457729875379
mcuentas_saldo_rank_tend12	0.00603219898556871	0.00282135460229826	0.00298922196025598
m_y_sp_rank_avg6	0.00583892284270735	0.000353559740435719	0.000294712024250589
mcuentas_saldo_rank_delta3	0.00572976719400728	0.00246401083859319	0.00324183226675648
cdescubierto_preacordado_tend12	0.00509573531873588	0.00543709486720276	0.000926237790501852
cproductos_delta2	0.00481550512505758	0.00100829575979697	0.000294712024250589
mcomisiones_mantenimiento_rank_tend6	0.00475590736963658	0.00395683039349908	0.00214718760525429
mprestamos_personales_rank	0.00465057369085322	0.00469515903912785	0.00172617042775345
mactivos_margen_rank	0.00395024631931215	0.00539696341937579	0.00332603570225665
ctrx_quarter_normalizado_lag1	0.0038233229609336	0.000146800104097952	0.000294712024250589
mcuenta_corriente_rank_delta3	0.00373924256101093	0.00105866453213806	0.00134725496800269
rf_034_021	0.00373724456418904	0.00150147981727937	0.00231559447625463
cproductos_delta1	0.00339533987316578	0.000274005133942786	8.42034355001684e-05
rf_030_021	0.00338003573360087	0.000655689354968382	0.000884136072751768
mcuenta_corriente_rank	0.00334354962474756	0.00474182032663616	0.00282081508925564
m_anclaje_pesado_rank_delta3	0.0032612283651759	0.00294310009608284	0.00113674637925227
internet_tend12	0.00322450651401936	0.0014049012724812	0.0015998652745032
Visa_delinquency_tend12	0.00309417275560563	0.00365226914049165	0.00168406871000337
rf_021_024	0.00304285856085247	0.000898277312435091	0.00122094981475244
mpayroll_rank	0.00297570713242511	0.00244064562909349	0.000378915459750758
thomebanking	0.00282588121879367	0.00228075806958733	0.00471539238800943
vm_status06_delta2	0.00281735891697502	0.0011299770600541	0.000421017177500842
ctrx_quarter_delta1	0.00280573350256755	0.00199744055344657	0.00122094981475244
Visa_msaldopesos_rank	0.00273982870330782	0.00204358458926257	0.00202088245200404
mpasivos_margen_rank	0.00271431103435404	0.00172758485208322	0.0015998652745032
m_anclaje_pesado_rank_lag1	0.00259783097674629	0.00114320185257632	0.000842034355001684
rf_005_023	0.00259535934535589	0.00095015741027573	0.000421017177500842
ccaja_ahorro_tend6	0.0025708052190532	0.00579863929486012	0.000884136072751768
ctrx_quarter_normalizado_delta2	0.00255605009041424	0.00143890192981428	0.00218928932300438
m_anclaje_pesado_rank_delta1	0.00252742808018482	0.00518142130606421	0.00151566183900303
ctarjeta_visa_transacciones_delta2	0.00250784342715156	0.00314723859959077	0.00113674637925227
Master_fultimo_cierre	0.00239748780070746	0.00059424071806544	0.00143145840350286
ctarjeta_visa_transacciones	0.00233068906520213	0.00195259088135226	0.000715729201751431
mcuentas_saldo_rank_delta2	0.00232694513231592	0.00248920494637967	0.00345234085550691
vm_status06_delta3	0.00231451107160126	0.000795232195614843	0.000336813742000674
m_inversiones_rank	0.0022937098535248	0.00457466933122395	0.000926237790501852
ctrx_quarter_delta3	0.00212660879824061	0.000750111552765255	0.00193667901650387
rf_032_020	0.0020992810793417	0.00200018297500855	0.00227349275850455
rf_028_027	0.0020457344468839	0.00244863556290151	0.00193667901650387
ctrx_quarter_normalizado_delta3	0.00204137320467749	0.000960090741402658	0.00189457729875379
mprestamos_personales_rank_delta1	0.00197657184208139	0.00349360125800698	0.000926237790501852
c_deb_aut_tend12	0.00194543750333186	0.0043814869345639	0.00244189962950488
mcomisiones_mantenimiento_rank_delta3	0.00190826044827119	0.00131389583690722	0.000968339508251937
ccaja_seguridad	0.00189133118801393	0.00781533852378618	0.000968339508251937
m_anclaje_pesado_rank_delta2	0.00188979262406095	0.00629030770612478	0.00185247558100371
m_anclaje_pesado_rank_lag3	0.00182703237337229	0.00125229720935842	0.00117884809700236
rf_011_013	0.00180153652676838	0.000622722583774468	0.000926237790501852
rf_050_018	0.00177401536785242	0.000560342523478093	0.000463118895250926
internet_lag1	0.00174562376713683	0.00274363012858301	0.000463118895250926
tcallcenter_delta3	0.00171754187552962	0.00163501624239137	0.00109464466150219
Visa_mpagominimo_rank	0.00163608489228793	0.00248697298680998	0.00252610306500505
Master_Fvencimiento_tend6	0.0014606372537319	0.00100887041531671	0.0015998652745032
mcuenta_corriente_rank_lag1	0.00143311934050898	0.00161596372689426	0.00193667901650387
cproductos_delta3	0.00143199044307316	0.000567662745966119	0.000210508588750421
mprestamos_personales_rank_tend6	0.00142705077493325	0.00104932499114001	0.000547322330751095
mcomisiones_rank_avg12	0.00140196241251013	0.000974086782122417	0.00164196699225328
mtarjeta_visa_consumo_rank_delta3	0.00133305120030032	0.00149377597674031	0.00206298416975413
mcuenta_debitos_automaticos_rank	0.00133245522271714	0.00541035301643481	0.00138935668575278
vm_mpagominimo_rank	0.00130466312375526	0.0018217799035522	0.00130515325025261
mprestamos_personales_rank_lag2	0.00129234367437613	0.00253353921851803	0.00117884809700236
mautoservicio_rank	0.00128621544308584	0.00116912708760569	0.0007999326372516
ctrx_quarter_normalizado_delta1	0.00127753786522607	0.00291480432987886	0.000968339508251937
mcuenta_corriente_rank_tend12	0.00124968819283797	0.00363149080669896	0.00218928932300438
internet_avg12	0.00123732381233076	0.00148417256330973	0.00252610306500505
mtarjeta_visa_consumo_rank	0.00123240594973792	0.000594140107056077	0.000589424048501179
ctarjeta_visa_transacciones_tend6	0.00122964425157026	0.00119045723883624	0.000926237790501852
vm_fultimo_cierre_tend12	0.00121083243074827	0.00128261352856333	0.00273661165375547
mrentabilidad_annual_rank_lag2	0.00119615858191206	0.00141746869859254	0.00303132367800606
mrentabilidad_annual_rank_delta2	0.00119292944772843	0.00136251687873903	0.00442068036375884
mcomisiones_otras_rank_lag2	0.00119218729901285	0.00113641493016246	0.00290501852475581
mcomisiones_rank_delta3	0.00118851207587267	0.00134631943209966	0.00311552711350623
mrentabilidad_annual_rank_lag3	0.00118398392175132	0.00210984156826945	0.00362074772650724
vmr_mpagominimo_delta2	0.00117740019596276	0.00170294287035732	0.00113674637925227
rf_036_017	0.00115962402927248	0.000810245148223722	0.000463118895250926
mrentabilidad_annual_rank_lag1	0.00115747194982945	0.000922636287119306	0.00227349275850455
ccomisiones_mantenimiento_delta3	0.00114518971458361	0.00185237305734422	0.000378915459750758
mcomisiones_rank_lag3	0.00112196027847014	0.00105768249461721	0.00273661165375547
ccaja_ahorro_tend12	0.00112123622415136	0.00378864736368407	0.000589424048501179
rf_030_027	0.00110124287018265	0.00111250284118855	0.0015998652745032
mcuenta_corriente_rank_avg12	0.00107982004923544	0.00283818873762571	0.00214718760525429
cproductos_tend12	0.0010774630567024	0.00278140894535361	0.00122094981475244
c_e_sp_tend6	0.00105381946003461	0.000485144126792424	0.00105254294375211
mpayroll_rank_delta2	0.00104417656275238	0.00399408856372736	0.00113674637925227
m_ganchos_liviano_rank	0.0010410321515732	0.00466040133024272	0.000757830919501516
ccaja_ahorro	0.00103828699286744	0.00549602298228523	0.000757830919501516
Visa_cconsumos_tend12	0.00103346925643568	0.00191306155646783	0.00324183226675648
mcuentas_saldo_rank_delta1	0.00102772577308397	0.00255764172771519	0.00244189962950488
rf_038_024	0.00101276521693215	0.000400921292914108	0.000884136072751768
cproductos_tend6	0.00100227069558297	0.00415701019327356	0.000715729201751431
ccallcenter_transacciones_delta2	0.00100028906592182	0.00122815982579299	0.00050522061300101
internet	0.000991997499298049	0.00349191926413878	0.000715729201751431
mrentabilidad_annual_rank_delta1	0.000982597843716656	0.00083311008028116	0.00227349275850455
Visa_cconsumos_avg12	0.000982305397391894	0.00154917715128594	0.00336813742000674
Visa_mpagominimo_rank_avg6	0.000977478002512878	0.00148545118727228	0.00235769619400472
rf_038_026	0.000972470168300802	0.00104426265253083	0.000421017177500842
rf_015_020	0.000968826717295345	0.00085483526860369	0.000589424048501179
mcuentas_saldo_rank_lag1	0.000959449539572285	0.00128323046539682	0.000968339508251937
Visa_fultimo_cierre_tend12	0.000945216518834475	0.00141276744857525	0.00214718760525429
vm_cconsumos_delta3	0.000938764341804275	0.00120491868262999	0.000715729201751431
Master_fultimo_cierre_avg12	0.000933819112968851	0.00188157771748248	0.00290501852475581
rf_035_022	0.000930365602903221	0.000324232865697127	0.00109464466150219
mcuenta_corriente_rank_lag2	0.000914348542544151	0.00187533150208828	0.0015998652745032
rf_018_024	0.000905737627218118	0.000498359660632794	0.000378915459750758
rf_042_019	0.000903546199359983	0.000492821425776872	0.000757830919501516
ctrx_quarter_delta2	0.000884575777402489	0.00128648828691474	0.00155776355675312
chomebanking_transacciones_avg12	0.000882478077241751	0.00129264932243599	0.00172617042775345
vmr_mpagominimo_delta1	0.000876115361445664	0.00130409336181701	0.0007999326372516
rf_029_022	0.000874813413686494	0.000567194873910305	0.000294712024250589
ccaja_seguridad_avg12	0.000870431552232599	0.00147590240006458	0.000210508588750421
Master_fultimo_cierre_tend12	0.000866221295047091	0.00148731156507733	0.00277871337150556
c_e_sp_delta3	0.000865725665990228	0.000333740297459264	0.00050522061300101
mcomisiones_otras_rank_delta3	0.000865316887416814	0.00112929160897497	0.00353654429100707
m_e_sp_rank_delta2	0.000852281524420899	0.000745555664052904	0.000968339508251937
mcomisiones_otras_rank_lag3	0.000848250187652109	0.00103851856631526	0.00277871337150556
Visa_mpagospesos_rank_tend6	0.000844792984683866	0.0010880336881904	0.00282081508925564
cajas_ratio_01_delta3	0.000843100776165187	0.00378153700465116	0.000673627484001347
Visa_cconsumos	0.000840549888339286	0.00199365066634539	0.00261030650050522
mprestamos_personales_rank_delta3	0.00083801748867938	0.000744817129864539	0.000463118895250926
rf_004_025	0.000832828097000994	0.00083395724966982	0.00143145840350286
vmr_mpagominimo_tend6	0.000828123230931652	0.00104215105582511	0.00113674637925227
mactivos_margen_rank_delta2	0.000824322398858829	0.00295915989698546	0.003999663186258
rf_037_028	0.000821549883099518	0.00146446052104265	0.00176827214550354
Visa_mpagominimo_rank_lag1	0.000820034232136145	0.00130531643368851	0.00210508588750421
rf_036_015	0.000817597000521633	0.00122392583058606	0.00206298416975413
Master_fultimo_cierre_delta3	0.000804424481412606	0.000353779171195404	0.000673627484001347
e_y_ratio_avg12	0.000803499230899586	0.00197571845135132	0.00261030650050522
ctrx_quarter_tend12	0.000795543309088682	0.0012393896810007	0.00151566183900303
Master_fechaalta_avg6	0.000794462921586051	0.00139134933986719	0.00332603570225665
mcuenta_corriente_rank_lag3	0.000786120311717304	0.00161808982886821	0.00202088245200404
cliente_edad_avg12	0.000785799080872579	0.00331646323111315	0.00265240821825531
mcomisiones_rank_lag2	0.000785404926026844	0.00165072544787486	0.00332603570225665
rf_011_021	0.00078352814904542	0.000880491384614149	0.00231559447625463
mcuentas_saldo_rank_tend6	0.000781904725436115	0.00148923335880526	0.00138935668575278
Master_mpagominimo_rank_delta2	0.000772548379607436	0.000145690605390399	0.000294712024250589
ctrx_quarter_normalizado_tend12	0.000766195864049396	0.00120014490627159	0.0015998652745032
rf_034_015	0.000766056015737602	0.000907895231133891	0.00113674637925227
rf_032_025	0.000763560958923074	0.00149309237739754	0.000631525766251263
m_e_sp_rank	0.000760679092617258	0.00260766113912806	0.000757830919501516
cliente_edad_avg6	0.000758705091283527	0.00310256113897875	0.00231559447625463
mrentabilidad_annual_rank_avg12	0.000751052007353266	0.00117778272063824	0.00109464466150219
mcomisiones_mantenimiento_rank	0.000750288568447184	0.00327602809852172	0.00181037386325362
m_deb_aut_rank_delta3	0.000748191007126842	0.00129641266798256	0.00143145840350286
mtarjeta_visa_consumo_rank_delta2	0.000741025660095529	0.000720825724849502	0.00113674637925227
Visa_msaldototal_rank	0.000738090753033447	0.00131948993247693	0.00206298416975413
chomebanking_transacciones_delta1	0.000737852279930798	0.00402599645034113	0.00164196699225328
rf_006_024	0.000736324452660713	0.00031322213262637	0.000294712024250589
internet_lag2	0.000734153592301786	0.00193111444294859	0.000715729201751431
ccomisiones_mantenimiento_tend12	0.000723823395696574	0.00396935183482394	0.00126305153250253
mactivos_margen_rank_delta3	0.000720126997720981	0.00217893448152494	0.00357864600875716
rf_005_019	0.000709816290447229	0.000764791810073232	0.00109464466150219
vmr_mpagominimo	0.000706972807327864	0.00110828365987257	0.00117884809700236
mactivos_margen_rank_delta1	0.00070635833750926	0.00168023008930484	0.00286291680700573
mrentabilidad_rank_delta2	0.000701915496720042	0.00153478946832421	0.00374705287975749
Master_fechaalta	0.000699496787449632	0.00135139411561797	0.00298922196025598
cajas_ratio_01_tend6	0.000691019602151193	0.00268096736986769	0.000589424048501179
mrentabilidad_rank_delta1	0.000690870251076084	0.001120282294296	0.00298922196025598
cprestamos_personales_avg12	0.000673198704083384	0.000753812556520742	0.000463118895250926
Master_fechaalta_avg12	0.000671444661526988	0.00157754050586738	0.00324183226675648
chomebanking_transacciones_delta2	0.000662868966649149	0.00235077993725442	0.00189457729875379
ctarjeta_visa_transacciones_delta3	0.000662383769009489	0.0013354963416476	0.000842034355001684
mrentabilidad_annual_rank_delta3	0.000660735503488954	0.00119217410707271	0.00374705287975749
Visa_cconsumos_avg6	0.000660186087403615	0.00116930639741072	0.00256820478275514
mpasivos_margen_rank_lag1	0.000657740477642318	0.000683721557362554	0.00147356012125295
rf_032_017	0.0006563336457406	0.000904757772479931	0.00231559447625463
mcuenta_corriente_rank_tend6	0.00065582834274217	0.00369487852020261	0.00197878073425396
mcomisiones_rank_delta2	0.00065534488160333	0.00190228105595224	0.00370495116200741
mprestamos_personales_rank_tend12	0.000654182499885169	0.00195509165131813	0.0007999326372516
vmr_pagominimo_saldo	0.000653777538025489	0.00145294056047052	0.00189457729875379
rf_008_026	0.000653718995125079	0.000787793153376495	0.000252610306500505
Visa_fultimo_cierre_avg12	0.000651610377814271	0.00146579932643719	0.00206298416975413
vm_fechaalta_tend6	0.000650316075656094	0.00136341003291418	0.000926237790501852
Visa_Fvencimiento_tend12	0.000648446373444927	0.00177501584467543	0.00273661165375547
mrentabilidad_rank_lag2	0.00064678912407887	0.000979642608473842	0.00286291680700573
m_ganchos_liviano_rank_delta3	0.000643035577540806	0.00331779277782584	0.000757830919501516
mcomisiones_rank_tend6	0.000640430973480157	0.00059540947233679	0.00117884809700236
c_pagos_tend12	0.000638563743453715	0.00159807903980033	0.000631525766251263
cprestamos_personales_tend6	0.000628575938711142	0.000868406335826843	0.000294712024250589
thomebanking_avg12	0.000626918460148886	0.00105944966835837	0.00269450993600539
Master_mfinanciacion_limite_rank_tend6	0.000624665059191964	0.00147415868165076	0.00374705287975749
cliente_edad_lag3	0.000623130287493862	0.00180013094504351	0.00214718760525429
mrentabilidad_rank_delta3	0.000614304182930252	0.00189624809886316	0.0031997305490064
mpayroll_sobre_edad_rank_delta3	0.000614119039498735	0.00211291977135962	0.0007999326372516
vm_mpagospesos_rank_tend6	0.00061315538831747	0.00134642467244995	0.00122094981475244
ccallcenter_transacciones_avg12	0.000606682607267317	0.0017176351639517	0.00210508588750421
mpasivos_margen_rank_lag3	0.000601491582370452	0.00115706487690026	0.00197878073425396
mactivos_margen_rank_tend12	0.00059582265888008	0.00157673685228338	0.00202088245200404
rf_016_027	0.000590180082657634	0.00173457330513852	0.00122094981475244
chomebanking_transacciones_lag3	0.000589647872397481	0.00114842992159049	0.00256820478275514
cmobile_app_trx_avg12	0.00058887627717484	0.00204981629938855	0.00252610306500505
ccomisiones_otras_tend12	0.00058795501446656	0.00167296511028515	0.00210508588750421
mcaja_ahorro_rank_lag1	0.000587584643366862	0.00150451851666034	0.000968339508251937
cmobile_app_trx_delta3	0.000586784908329951	0.000894569210356857	0.00202088245200404
ctarjeta_visa_transacciones_tend12	0.000585663846078901	0.00171420235334694	0.00143145840350286
Master_mfinanciacion_limite_rank	0.000584636513536197	0.00114408852567417	0.00265240821825531
Visa_cconsumos_tend6	0.000583969430195042	0.00117576926596006	0.0023997979117548
Visa_mfinanciacion_limite_rank_lag2	0.000582525243859099	0.00104415926391692	0.00235769619400472
Master_fultimo_cierre_tend6	0.000579329518327709	0.000834381914543699	0.00130515325025261
tcallcenter_delta2	0.00057441988729738	0.00134492908670953	0.000884136072751768
mrentabilidad_rank_lag3	0.00057267793365453	0.00144322604285782	0.0031997305490064
Visa_delinquency_avg12	0.000566329789315876	0.00185348224742905	0.000968339508251937
mcomisiones_rank_delta1	0.000561831890868415	0.00115766638259735	0.00210508588750421
Master_cconsumos_tend12	0.000560889232606877	0.00157064371376232	0.00248400134725497
Master_fechaalta_lag3	0.00055951296962855	0.00105318030625955	0.00282081508925564
mpasivos_margen_rank_delta2	0.000557253476596859	0.00122741789675461	0.00273661165375547
rf_045_023	0.000554840191450116	0.000969861428351872	0.00244189962950488
mcuentas_saldo_rank_lag3	0.000553584504006613	0.00118174944856263	0.00214718760525429
mrentabilidad_annual_rank	0.000548099079299745	0.000502477922316685	0.00138935668575278
Master_mlimitecompra_rank	0.000546698521723768	0.00116920794676045	0.00294712024250589
Master_fechaalta_lag1	0.000545113918078137	0.00107538169945156	0.00277871337150556
mcaja_ahorro_rank_delta1	0.000544609825221553	0.00188050031553865	0.00168406871000337
rf_002_026	0.000538889486498865	0.000761962974147382	0.000378915459750758
mactivos_margen_rank_lag1	0.000537852276940071	0.00176604109574201	0.00181037386325362
Visa_mlimitecompra_rank_delta3	0.000537709086844212	0.00144535276207722	0.00256820478275514
rf_006_023	0.000533308110500617	0.000715019296842852	0.00122094981475244
ctarjeta_visa_debitos_automaticos_tend12	0.000533234322877097	0.0016124858573712	0.00101044122600202
rf_039_023	0.00053315662150429	0.000493152577964133	0.000463118895250926
mpasivos_margen_rank_lag2	0.000533082488921939	0.000863605092045645	0.00227349275850455
Visa_fechaalta	0.000526276107563425	0.00117080260039659	0.00185247558100371
mrentabilidad_rank	0.000524505680961484	0.00122597446825525	0.00176827214550354
Master_mlimitecompra_rank_avg6	0.000523999062602969	0.00099251402797237	0.00244189962950488
Visa_fechaalta_avg12	0.000521277860942949	0.000936803922075894	0.00168406871000337
Master_Fvencimiento_avg12	0.000512333120521833	0.00111632976301711	0.00282081508925564
chomebanking_transacciones	0.000509324237270097	0.00145811955847092	0.00185247558100371
cliente_edad_lag2	0.000507763331818588	0.00154915277009042	0.00185247558100371
mrentabilidad_annual_rank_tend6	0.000505184842801295	0.00140395318346045	0.00218928932300438
chomebanking_transacciones_lag1	0.000503948884559941	0.00186695609849285	0.00189457729875379
Visa_mconsumospesos_rank_delta3	0.000502924809813319	0.00148236928070938	0.00265240821825531
cliente_antiguedad_lag3	0.000501712177132851	0.00120494275520278	0.00210508588750421
thomebanking_avg6	0.000497606375220089	0.000877057956763932	0.0023997979117548
mrentabilidad_rank_lag1	0.000497539894896312	0.00134903839833431	0.00210508588750421
cmobile_app_trx_tend12	0.000495077754753514	0.00186955501048626	0.00189457729875379
Master_Fvencimiento_lag3	0.000492294336519425	0.000746280001595777	0.00252610306500505
Visa_fechaalta_avg6	0.000492057148016366	0.00116687846240868	0.00248400134725497
mcomisiones_rank_lag1	0.000491703342687261	0.0014980457721837	0.00210508588750421
ctrx_quarter_tend6	0.000491561105792834	0.000628710173322518	0.000926237790501852
Master_mpagospesos_rank	0.000488508670216031	0.00122927889180511	0.00113674637925227
cdescubierto_preacordado_lag2	0.000488030565848609	0.00343159308809797	0.00130515325025261
vm_fultimo_cierre_tend6	0.000486218711557716	0.000930106191630465	0.00113674637925227
m_deb_aut_rank_tend6	0.000485550817527744	0.000636103848019834	0.000884136072751768
Master_mfinanciacion_limite_rank_lag3	0.0004853961789917	0.00084711414519185	0.00235769619400472
vm_Fvencimiento	0.000483563556395155	0.000986558843810772	0.00227349275850455
c_deb_aut_tend6	0.000481188914924132	0.000124597785037765	0.000168406871000337
mcomisiones_rank	0.000479659379218253	0.00104788526611338	0.00223139104075446
mcomisiones_rank_avg6	0.000478553469826721	0.000449735532573709	0.000884136072751768
mrentabilidad_annual_rank_tend12	0.000477923470479745	0.00150174739318464	0.0015998652745032
vmr_mpagominimo_lag2	0.000473526917872215	0.00103788959319538	0.00126305153250253
mtarjeta_visa_consumo_rank_tend6	0.000470773609083047	0.000805243299669254	0.000968339508251937
c_y_sp_avg12	0.000470036259890915	0.000935126866171348	0.00126305153250253
Visa_mfinanciacion_limite_rank	0.000467637277326779	0.000807345020447679	0.00189457729875379
m_anclaje_pesado_rank_tend6	0.000466303001165973	0.00139939328265263	0.00050522061300101
Visa_Fvencimiento	0.000466067564644764	0.000940704913359196	0.00197878073425396
Master_Fvencimiento_tend12	0.00046575741764957	0.000802783267903494	0.00202088245200404
mcuentas_saldo_rank_lag2	0.000463892576486563	0.000932137855049609	0.00176827214550354
cproductos	0.000462538458447633	0.000339797327121138	4.21017177500842e-05
Visa_msaldopesos_rank_delta3	0.000462315672191404	0.000834376976580049	0.00223139104075446
Master_mlimitecompra_rank_delta3	0.0004617336008605	0.00104897316122997	0.0031997305490064
rf_013_015	0.000458977325819488	0.000707680865613868	0.000547322330751095
Master_mlimitecompra_rank_delta2	0.000457788524920103	0.00175529948169016	0.00298922196025598
mcomisiones_mantenimiento_rank_lag3	0.000457752651685922	0.000682919755514926	0.000757830919501516
mcomisiones_otras_rank_lag1	0.000455156849324253	0.000653009892442936	0.00189457729875379
Master_mlimitecompra_rank_lag2	0.000455061818063818	0.000882235411650695	0.00231559447625463
m_deb_aut_rank_delta2	0.000454204192861165	0.00105416944210315	0.00117884809700236
vm_fechaalta_tend12	0.000454063827899413	0.00286822451877077	0.00168406871000337
chomebanking_transacciones_lag2	0.000452214277313568	0.000781183689031305	0.00231559447625463
vm_Fvencimiento_avg6	0.000451000546226848	0.000685001107193296	0.00168406871000337
ccomisiones_mantenimiento_avg12	0.00045005130232601	0.00270809901114124	0.00113674637925227
Visa_mfinanciacion_limite_rank_avg6	0.000449904199257148	0.000723082065614709	0.00172617042775345
mcomisiones_otras_rank_avg6	0.000449846306398916	0.000331428713225725	0.000926237790501852
mtarjeta_visa_consumo_rank_tend12	0.000447267920576455	0.000689790314688097	0.00122094981475244
Visa_mpagominimo_rank_tend6	0.000445954352086079	0.000911317548565895	0.00155776355675312
Visa_mlimitecompra_rank_lag3	0.000442079897692735	0.000873433182822288	0.00218928932300438
mcomisiones_otras_rank_delta2	0.000436293483275473	0.00133982323229569	0.00265240821825531
Visa_msaldototal_rank_delta1	0.000436218987286748	0.000625083547644505	0.00143145840350286
Master_mlimitecompra_rank_tend6	0.000435342248347233	0.000845224756850365	0.00256820478275514
mcuenta_corriente_rank_delta1	0.000434050450494655	0.000964287084636761	0.000589424048501179
ctarjeta_debito_tend12	0.000433312584109369	0.00567721507733551	0.00101044122600202
rf_047_026	0.000432325462346445	0.000731333402873441	0.000252610306500505
internet_tend6	0.000431525084031989	0.00244829607790059	0.000715729201751431
Master_Fvencimiento	0.000431463889859878	0.000826253100508026	0.00252610306500505
Visa_mconsumosdolares_rank_avg6	0.000431061256578425	0.000999846903992249	0.00202088245200404
mttarjeta_visa_debitos_automaticos_rank_delta2	0.000430283303414374	0.000638691032349574	0.00050522061300101
Master_mfinanciacion_limite_rank_avg6	0.000428634933437624	0.000801768516373471	0.00214718760525429
mttarjeta_visa_debitos_automaticos_rank_delta3	0.00042862638598967	0.00118562945350042	0.00113674637925227
rf_049_022	0.000425763270416268	0.000291480895921978	0.000168406871000337
mprestamos_personales_rank_avg12	0.000425718745597327	0.000722181504494086	0.0007999326372516
Visa_fechaalta_lag2	0.000425039099184021	0.000956870880480293	0.00197878073425396
chomebanking_transacciones_delta3	0.000423434219205349	0.00117811881078915	0.00185247558100371
vmr_pagominimo_saldo_tend12	0.000423330890082492	0.000913521423467325	0.00143145840350286
Master_mlimitecompra_rank_lag3	0.000422585810949438	0.00105286767143598	0.00206298416975413
tcallcenter_tend12	0.000421312841614661	0.000746509925528219	0.000715729201751431
Master_Fvencimiento_lag1	0.000420341295578762	0.000586966480363903	0.00206298416975413
vm_cconsumos_tend6	0.000420213990522723	0.000909333413046881	0.000631525766251263
Visa_fechaalta_lag1	0.000418773899682709	0.000707953379482789	0.00176827214550354
numero_de_cliente	0.000418745397458427	0.00336440221671583	0.00172617042775345
Visa_mpagospesos_rank_lag2	0.000417349426341343	0.000834705968408214	0.00223139104075446
Visa_mconsumosdolares_rank_lag1	0.000416061348770439	0.000483825999120669	0.00168406871000337
Visa_fechaalta_tend12	0.000414388801661434	0.000981842779902533	0.00172617042775345
vm_fechaalta	0.000413790476683307	0.00206843766893449	0.00176827214550354
Visa_msaldopesos_rank_delta2	0.000413732747469039	0.000847902984884898	0.00151566183900303
vm_Fvencimiento_tend12	0.000411478332640437	0.00103390496515276	0.00155776355675312
mcomisiones_rank_tend12	0.000410913810772398	0.00173687038410384	0.00202088245200404
thomebanking_tend6	0.000409696934587647	0.00272620621522214	0.000884136072751768
Visa_mlimitecompra_rank_lag2	0.000409158948291755	0.000791360523490711	0.00193667901650387
vm_mpagominimo_rank_avg6	0.000406630677225694	0.000838332594086227	0.0007999326372516
Visa_mpagospesos_rank_lag1	0.000406481227307376	0.000731645111828831	0.00210508588750421
vmr_mpagominimo_avg6	0.000406402929008572	0.00107422405559842	0.00130515325025261
vm_fechaalta_avg12	0.000402273696086848	0.000769440285604016	0.00155776355675312
Master_Fvencimiento_lag2	0.000402184145209876	0.000701231885087295	0.00223139104075446
Visa_Fvencimiento_lag2	0.000402125673247917	0.000671872296339524	0.00164196699225328
Visa_mpagado_rank_tend6	0.000400528463440715	0.000394584959683295	0.000378915459750758
Visa_mconsumospesos_rank_tend6	0.000399172892461986	0.000645733494382302	0.00197878073425396
mactivos_margen_rank_tend6	0.000397723056711805	0.000730729736817259	0.00122094981475244
cpagomiscuentas_tend12	0.000396468878876155	0.00193232146643823	0.000884136072751768
Visa_mfinanciacion_limite_rank_delta3	0.000395621336245216	0.00114136554734407	0.00261030650050522
mpasivos_margen_rank_delta1	0.000393313764248492	0.00107407067010255	0.00185247558100371
Visa_mlimitecompra_rank_avg6	0.000392945988855843	0.000720875104485999	0.00185247558100371
Visa_cconsumos_lag1	0.000390052632764798	0.000869701625416718	0.00130515325025261
mcomisiones_otras_rank	0.000389107426262316	0.000762131173534202	0.00189457729875379
mcaja_ahorro_rank_delta3	0.000388836384874489	0.00183275391051831	0.00143145840350286
chomebanking_transacciones_avg6	0.000388412805854238	0.000644153037391654	0.00122094981475244
ctrx_quarter_normalizado_lag2	0.000388369152028837	0.000683749024785356	0.00117884809700236
vmr_mpagominimo_delta3	0.000387933639288973	0.00125734288234028	0.00122094981475244
Visa_mconsumototal_rank_tend6	0.00038792845558823	0.000758560717192705	0.00231559447625463
vm_Fvencimiento_avg12	0.000386056316681016	0.00097155453263828	0.00172617042775345
ctarjeta_visa_transacciones_lag1	0.000382543777757315	9.83102269255947e-05	0.000252610306500505
vm_cconsumos_tend12	0.000379681184700369	0.00129412824254909	0.00101044122600202
mcuenta_debitos_automaticos_rank_lag1	0.000379162361783298	0.00103506692972409	0.000589424048501179
mttarjeta_visa_debitos_automaticos_rank_tend6	0.000379135098693264	0.000923952254431964	0.000715729201751431
cdescubierto_preacordado_avg12	0.00037895091042957	0.00131567504693477	0.000547322330751095
mtarjeta_master_consumo_rank_tend12	0.0003769159732985	0.00202541350027695	0.000884136072751768
ccallcenter_transacciones_avg6	0.000376415205028785	0.000993090843851207	0.000757830919501516
Master_mconsumosdolares_rank_tend6	0.000376401455855098	0.000808783819606124	0.00176827214550354
rf_015_015	0.000376335628984701	0.000521942449155814	0.000589424048501179
Master_mlimitecompra_rank_lag1	0.000376330954329201	0.000628622833090463	0.00176827214550354
vm_fechaalta_avg6	0.000375745451410224	0.000845420115037258	0.00176827214550354
Master_mfinanciacion_limite_rank_delta3	0.00037558789613487	0.000871357694975752	0.00265240821825531
mpasivos_margen_rank_delta3	0.00036997119136535	0.000604301510379077	0.00193667901650387
vmr_Visa_mlimitecompra_avg12	0.000368134667706551	0.000672789523087465	0.00117884809700236
vmr_mconsumosdolares_avg12	0.000367842996080605	0.000994226884113377	0.00138935668575278
Master_mpagominimo_rank_avg6	0.000367401709407049	0.000610924862747032	0.00130515325025261
vmr_msaldototal_tend6	0.000367031896455638	0.000377479544977834	0.000547322330751095
mpasivos_margen_rank_tend12	0.000366021698795846	0.00196923829992921	0.00168406871000337
Master_Fvencimiento_avg6	0.000365082700412805	0.000738173717019257	0.00227349275850455
ccallcenter_transacciones_tend6	0.000364375666146847	0.00179629723351494	0.000757830919501516
Visa_mfinanciacion_limite_rank_lag3	0.000363630766448892	0.000568627191991461	0.00202088245200404
Visa_mlimitecompra_rank_lag1	0.000362838587872567	0.000582215850710115	0.00168406871000337
mactivos_margen_rank_lag2	0.000362762017304942	0.0012083817382621	0.00189457729875379
Master_cconsumos_avg6	0.000362215847312331	0.00140768134601601	0.00138935668575278
mcaja_ahorro_rank_lag3	0.000362213114483986	0.000673889145867718	0.00113674637925227
vmr_mpagospesos_tend12	0.000360317253568698	0.00146246558372815	0.00113674637925227
mcomisiones_otras_rank_tend6	0.000359230588559799	0.000687516073804659	0.00130515325025261
Visa_msaldopesos_rank_tend6	0.000358213913967415	0.000887092824768408	0.00113674637925227
ccomisiones_mantenimiento_tend6	0.000356780547290235	0.0032031107324195	0.000631525766251263
Visa_mlimitecompra_rank_tend6	0.000356164804675503	0.000788986906088822	0.00197878073425396
c_e_sp_delta2	0.000355696678920387	0.00131913470771688	0.000631525766251263
Visa_mconsumospesos_rank_lag1	0.000354771995773544	0.000605847710246905	0.00155776355675312
Master_mfinanciacion_limite_rank_delta1	0.00035474180754922	0.000533384019555013	0.00197878073425396
Visa_mconsumosdolares_rank	0.000354739510560842	0.000563090500249179	0.00164196699225328
mautoservicio_rank_lag3	0.000354477107116281	0.00296609063759061	0.00168406871000337
ctrx_quarter_normalizado_tend6	0.00035363703181992	0.000297482682115521	0.000589424048501179
Visa_Fvencimiento_lag1	0.0003529895158955	0.000770769832316711	0.00155776355675312
Visa_mpagominimo_rank_lag3	0.000352444595510384	0.000799084424507104	0.00151566183900303
vm_mpagospesos_rank_delta3	0.000349174615852934	0.000428262489020044	0.000463118895250926
Visa_mconsumospesos_rank_avg6	0.000348406703245987	0.000675853220909406	0.00168406871000337
Visa_mfinanciacion_limite_rank_tend6	0.000347873828188752	0.00138083857561597	0.0015998652745032
c_anclaje_pesado_tend6	0.000347073502890035	0.00144397476159621	0.000336813742000674
rf_024_015	0.000347004948180637	0.000372769036278701	0.00105254294375211
mactivos_margen_rank_lag3	0.000346842611926378	0.00119966808415666	0.00151566183900303
vmr_Master_mlimitecompra_avg12	0.000346254792935474	0.000780612736984302	0.00181037386325362
e_y_ratio_lag2	0.000346162155378728	0.000597988015230144	0.0015998652745032
mcaja_ahorro_dolares_rank_delta2	0.000345938092919783	0.00167001961496807	0.000884136072751768
vmr_pagominimo_saldo_delta2	0.000344251515832931	0.000732472529362893	0.000926237790501852
Visa_mconsumospesos_rank_delta2	0.00033995590446725	0.000621131324988337	0.00168406871000337
mcomisiones_mantenimiento_rank_avg6	0.000339401002638121	0.000807009238919496	0.00109464466150219
Master_msaldototal_rank	0.000336493741879452	0.000819400750075814	0.00113674637925227
Visa_fultimo_cierre_avg6	0.000333742895918606	0.000469912052046586	0.00105254294375211
Visa_mpagospesos_rank_delta3	0.000331495332101068	0.000945917551236963	0.00223139104075446
vm_msaldototal_rank_delta2	0.000329884663594352	0.000416244411364738	0.000589424048501179
vm_fechaalta_lag3	0.000329121586346863	0.000642912374024654	0.00147356012125295
vm_Fvencimiento_lag3	0.000328319392297683	0.000686347936778765	0.00193667901650387
cliente_antiguedad_avg12	0.000327018460908884	0.000783594032537839	0.00147356012125295
vmr_mpagominimo_avg12	0.000325792758183081	0.00088165180607184	0.00122094981475244
Master_mfinanciacion_limite_rank_lag1	0.000325566250548064	0.00077998623284624	0.00172617042775345
Master_mfinanciacion_limite_rank_delta2	0.000325416288706114	0.000692892590351052	0.00235769619400472
mtransferencias_emitidas_rank_tend6	0.000325304905474316	0.00118141582739355	0.00101044122600202
Visa_mlimitecompra_rank	0.00032472083622548	0.000809152315143487	0.0015998652745032
vm_cconsumos_delta2	0.000324001552942927	0.00179830513298402	0.000378915459750758
ctransferencias_recibidas_tend12	0.000323120459470268	0.0010789790059704	0.00113674637925227
rf_032_024	0.000322420898332141	0.000343299886462451	0.000336813742000674
rf_035_018	0.000321547408055127	0.000409082203713504	0.000757830919501516
vm_Fvencimiento_lag1	0.000321418388823543	0.000904183116960191	0.00168406871000337
c_y_sp_tend12	0.000320980591264686	0.000974804021342543	0.00117884809700236
rf_005_015	0.000318553760527159	0.000390134002698502	0.000336813742000674
contactos_tend12	0.000316890919073499	0.00126330979416555	0.00130515325025261
Visa_mconsumototal_rank_delta2	0.00031665902145242	0.000731757141879135	0.00193667901650387
Visa_fultimo_cierre_tend6	0.000314816552346976	0.000651437768265947	0.00105254294375211
mpagomiscuentas_rank	0.000314076648042496	0.00200654091183033	0.000631525766251263
mcomisiones_mantenimiento_rank_lag1	0.000312775512467058	0.000702485819231603	0.000884136072751768
tcallcenter_avg12	0.000312737713259468	0.00107715226804272	0.000884136072751768
mcuenta_corriente_rank_delta2	0.000312690899493261	0.000672170734517606	0.000884136072751768
vmr_msaldopesos2_tend6	0.00031259201224915	0.0014854382251177	0.00101044122600202
cliente_antiguedad	0.000312013461489652	0.000946261974201534	0.00117884809700236
mcaja_ahorro_dolares_rank_avg12	0.000311122972317222	0.00129036767460708	0.00126305153250253
Visa_mpagominimo_rank_delta1	0.000311047222133628	0.000556857247009554	0.000715729201751431
vmr_Master_mlimitecompra_avg6	0.000310298858632118	0.000952863722978521	0.00151566183900303
Master_mpagominimo_rank	0.000309607146937602	0.000594467555770601	0.00134725496800269
mrentabilidad_rank_avg6	0.000309029394564707	0.00137596171926638	0.00109464466150219
Visa_msaldototal_rank_lag2	0.000307783623064252	0.000968980001840391	0.00130515325025261
Visa_mfinanciacion_limite_rank_delta2	0.000307103982870518	0.00119324595380743	0.00214718760525429
Visa_mpagospesos_rank_delta2	0.000304770327519739	0.000558898786355997	0.00197878073425396
Visa_msaldototal_rank_delta3	0.000303973634740645	0.000452228278348648	0.00109464466150219
Visa_Fvencimiento_avg6	0.000303473762089267	0.000580537251691929	0.00143145840350286
Visa_msaldototal_rank_lag3	0.000303461399083402	0.000501940301524319	0.00101044122600202
cprestamos_personales_delta1	0.000302821497146082	0.00302128380041751	0.000378915459750758
Visa_mlimitecompra_rank_delta2	0.000301260973342707	0.000598676552536556	0.00197878073425396
Visa_msaldototal_rank_tend6	0.000301128115594212	0.000704290336322859	0.00143145840350286
Visa_fultimo_cierre_delta1	0.000299677511179195	0.000289859392108491	0.00050522061300101
vmr_msaldototal_lag1	0.000297714234596204	0.00158748309567615	0.000926237790501852
vm_mfinanciacion_limite_rank_tend6	0.000297544377058791	0.00222091951745693	0.00109464466150219
vmr_mpagado_avg6	0.000297345555727011	0.000529137370816228	0.00113674637925227
Visa_mconsumospesos_rank_delta1	0.000297212991611109	0.000650150502867003	0.00176827214550354
vmr_msaldodolares2_avg12	0.000296695936392302	0.00220620623751705	0.000968339508251937
mcuentas_saldo_rank_avg6	0.000295824074113098	0.00102914970615805	0.000715729201751431
vmr_msaldopesos2_tend12	0.000293219332796368	0.00164410456448873	0.00130515325025261
contactos_avg12	0.000292465637446994	0.00174988006658456	0.00105254294375211
Master_mlimitecompra_rank_delta1	0.000291966235056804	0.000681692362925235	0.00218928932300438
visitas_avg12	0.000291493313883144	0.000871173447207071	0.000757830919501516
rf_043_016	0.000291231951362142	0.00144244028939205	0.000926237790501852
Visa_msaldopesos_rank_lag2	0.000289706420951851	0.000353277350639499	0.00105254294375211
Visa_mpagado_rank_delta2	0.000289532124831069	0.0021698387524821	0.000757830919501516
mcaja_ahorro_rank_tend6	0.000289424288501329	0.000822123111160467	0.00117884809700236
mcaja_ahorro_rank_delta2	0.000288384565420744	0.00068842836258895	0.00113674637925227
c_e_y_ratio_tend6	0.000286183349785379	0.000414995415184079	0.000463118895250926
vm_mfinanciacion_limite_rank_lag3	0.000285634028369708	0.00058267538995227	0.00122094981475244
vm_mpagominimo_rank_lag3	0.000285489461005355	0.000765549478870741	0.000926237790501852
vmr_pagominimo_saldo_avg6	0.000283686028358677	0.000569056794828989	0.00134725496800269
mcaja_ahorro_dolares_rank_tend12	0.000283594203832139	0.00214314226925518	0.000884136072751768
Visa_fultimo_cierre_delta2	0.000283220086359346	0.00131234253871665	0.000715729201751431
vmr_pagominimo_saldo_lag2	0.000282871816892735	0.000668539788121399	0.00105254294375211
vmr_Master_mlimitecompra_tend12	0.000280520667778662	0.000594297196024684	0.00105254294375211
mrentabilidad_annual_rank_avg6	0.00028024112513248	0.000679928892656819	0.000968339508251937
Master_msaldototal_rank_avg6	0.000279838197630646	0.00172137289381183	0.00117884809700236
mpayroll_sobre_edad_rank_lag2	0.000278901387508658	0.00056990056936764	0.000336813742000674
seguros_ratio_01_avg12	0.000278791818462349	0.00068731516040866	0.00105254294375211
e_y_ratio_tend12	0.000278174730656688	0.00145403123319165	0.00147356012125295
m_ganchos_liviano_rank_tend6	0.000277324132206187	0.00100840439499726	0.000210508588750421
Visa_msaldopesos_rank_avg6	0.000276737825360027	0.000330455625763996	0.000842034355001684
Visa_msaldopesos_rank_lag3	0.000276499845061119	0.000771375350109261	0.00138935668575278
Visa_mpagominimo_rank_delta3	0.000274934837625482	0.000542067428633097	0.00143145840350286
vmr_mpagospesos	0.000274891083816165	0.000501945548110697	0.000378915459750758
mcaja_ahorro_dolares_rank_lag1	0.000274769666874902	0.00279076885545171	0.000842034355001684
c_e_sp_delta1	0.000274352139289769	0.00150874633941271	0.00050522061300101
mcuentas_saldo_rank_avg12	0.000274083493399472	0.000734252973881355	0.00109464466150219
e_y_ratio_lag1	0.000273817691540931	0.000438413399170289	0.00105254294375211
Visa_mconsumototal_rank_delta1	0.000273617531088723	0.000564011121847129	0.00168406871000337
Visa_Fvencimiento_avg12	0.000273222617687785	0.000673418187584624	0.00130515325025261
m_tax_rank	0.000271022915246169	0.000899821043321094	0.000715729201751431
cajas_visitas_avg12	0.000270432331471187	0.0003657565106506	0.000842034355001684
contactos_delta2	0.000268750756078862	0.000977394600522293	0.000336813742000674
contactos_delta1	0.000267736931765942	0.00166990449869049	0.000294712024250589
mrentabilidad_rank_tend6	0.00026713510477056	0.000702225033026351	0.00122094981475244
m_e_sp_rank_delta3	0.000266732182233753	0.000364293638919362	0.000968339508251937
vm_mpagominimo_rank_lag1	0.000266552767785914	0.00220770398361656	0.000842034355001684
cplazo_fijo_tend12	0.000263816924305443	0.00239112680374561	0.00050522061300101
c_e_sp_tend12	0.000263538080695674	0.000805029732741402	0.00113674637925227
Visa_mconsumospesos_rank_lag3	0.00026262323044738	0.000472032907434154	0.00185247558100371
Master_mpagominimo_rank_lag2	0.000262392054776449	0.00033423224208787	0.000547322330751095
ccomisiones_otras	0.000262312406016789	0.000531822079928051	0.000336813742000674
vmr_mpagominimo_tend12	0.000261947205436326	0.000688862286144672	0.00101044122600202
rf_017_023	0.000261130174458336	0.00030897301490576	0.000757830919501516
rf_026_015	0.000259365460139779	0.000288902353028624	0.0007999326372516
vm_mpagominimo_rank_delta3	0.000259211757209019	0.000282276840301573	0.000589424048501179
Master_msaldopesos_rank_avg6	0.00025828435798559	0.000669137898968475	0.00130515325025261
Visa_mpagominimo_rank_delta2	0.000257910608979422	0.00074336567717424	0.00109464466150219
vmr_mpagominimo_lag1	0.000257550247171485	0.000402980115133326	0.000884136072751768
rf_009_022	0.000256886170654922	0.000414312433086773	0.00113674637925227
ccomisiones_otras_delta2	0.000255413287842424	0.000511956034919652	0.0007999326372516
c_e_y_ratio_tend12	0.00025505319766772	0.00145059903983235	0.000842034355001684
vmr_msaldopesos2_avg12	0.000254502136111829	0.00102655326314646	0.00105254294375211
rf_033_023	0.000252866819015484	0.000649093778645957	0.0007999326372516
mtransferencias_recibidas_rank_avg6	0.000251993111909221	0.000804602290262971	0.000926237790501852
mcaja_ahorro_dolares_rank_delta3	0.000250206369972059	0.000882799882620407	0.000673627484001347
vm_Fvencimiento_lag2	0.00024945450301383	0.000470632068871265	0.00122094981475244
ccomisiones_otras_avg12	0.000248691685914194	0.000929146683568773	0.00105254294375211
vm_mlimitecompra_rank_delta2	0.000248275128203376	0.000574525898193815	0.00126305153250253
mcaja_ahorro_rank_lag2	0.000248019933632615	0.000392336951731747	0.0007999326372516
rf_010_017	0.000247181374426223	0.000725057251074609	0.000631525766251263
Visa_mfinanciacion_limite_rank_delta1	0.000244427992631775	0.000879885866821598	0.00147356012125295
e_y_ratio_lag3	0.000244263347004983	0.000499213002476017	0.0015998652745032
ccajas_consultas_tend12	0.000244212335181728	0.000441806397443123	0.000252610306500505
Visa_mconsumosdolares_rank_lag2	0.000244082222518644	0.0003910419707646	0.00134725496800269
vmr_msaldopesos2_lag2	0.00024363384942445	0.00123895236259497	0.00109464466150219
vmr_msaldototal_delta3	0.000243310397923265	0.000528410872914258	0.000715729201751431
Visa_cconsumos_lag2	0.000243128051684887	0.000557151055846714	0.00117884809700236
cliente_antiguedad_lag1	0.000242787268654361	0.001291278111655	0.00117884809700236
rf_003_013	0.000241341285100528	0.00035051672033656	0.000884136072751768
ctarjeta_master_transacciones_tend6	0.00024092281985384	0.0015622794205851	0.000547322330751095
c_anclaje_pesado_avg12	0.000240465164243407	0.000576654160526857	0.000421017177500842
mpasivos_margen_rank_tend6	0.000240377908594383	0.000754326104740316	0.00105254294375211
e_y_ratio	0.000240259043470091	0.000434186193663375	0.00117884809700236
m_y_sp_rank_tend6	0.000240249641505482	0.000727652459595281	0.000968339508251937
vmr_Master_mlimitecompra_lag2	0.000240171295687265	0.000438360933306511	0.00109464466150219
Visa_mfinanciacion_limite_rank_lag1	0.000239515387795131	0.000474604969250217	0.00126305153250253
m_pagos_rank	0.000238655258715459	0.000814668946408442	0.000631525766251263
Visa_cconsumos_delta2	0.000238054476110209	0.00107575698468894	0.000884136072751768
Visa_mlimitecompra_rank_delta1	0.000238050327990801	0.000733522772506649	0.00172617042775345
mcaja_ahorro_dolares_rank_delta1	0.00023776826043386	0.0014568248861265	0.000589424048501179
visitas_tend12	0.000236487990172815	0.00177042446434935	0.000884136072751768
vmr_msaldototal_avg6	0.000234882667092656	0.000537008176251201	0.000926237790501852
mautoservicio_rank_avg12	0.000233080051553687	0.00182995809722437	0.00105254294375211
ccajas_otras_tend12	0.000231824708432	0.00228013002233563	0.000463118895250926
m_deb_aut_rank_avg6	0.000231731195622166	0.000385949387128067	0.000715729201751431
vmr_Visa_mlimitecompra_avg6	0.00023055769210558	0.00048934479074472	0.00117884809700236
Visa_mpagosdolares_rank_avg6	0.0002304640450046	0.000777768469922046	0.00109464466150219
ctrx_quarter_lag2	0.000230427550490254	0.000888320834603555	0.00105254294375211
Master_mconsumospesos_rank_tend6	0.000230196342408745	0.00128006337896096	0.00126305153250253
mcomisiones_otras_rank_delta1	0.000229347582778715	0.000839303829811587	0.00130515325025261
mtransferencias_emitidas_rank_lag2	0.000229180472761326	0.000851298452139557	0.00101044122600202
vmr_msaldototal_delta2	0.000228846969826283	0.000518005657636052	0.000589424048501179
vmr_msaldopesos_lag2	0.000227677052549189	0.00046849454785638	0.000589424048501179
mtransferencias_recibidas_rank_delta3	0.000227586459950525	0.000559884218726851	0.00117884809700236
Master_cconsumos_lag1	0.000226947462548977	0.00055686280221866	0.00105254294375211
Visa_mconsumosdolares_rank_lag3	0.00022666767905961	0.000516387857295302	0.00138935668575278
ctransferencias_emitidas_avg6	0.000225223588174884	0.00031013683121346	0.000715729201751431
mrentabilidad_rank_tend12	0.000225049816598482	0.0006573661022502	0.00138935668575278
e_y_ratio_tend6	0.000224883962980566	0.00119368203772225	0.00117884809700236
vmr_mpagospesos_delta3	0.000224694073062503	0.000407598345636754	0.000631525766251263
Visa_mpagospesos_rank_delta1	0.000224484621930302	0.000433751344239469	0.00143145840350286
m_y_sp_rank_lag2	0.000223269194842404	0.00049371457995202	0.000589424048501179
vm_fultimo_cierre_lag2	0.000222988412482567	0.000653241976734474	0.000842034355001684
mtransferencias_recibidas_rank_lag2	0.000222962017090696	0.000651244570438151	0.00117884809700236
mttarjeta_visa_debitos_automaticos_rank_delta1	0.000222168277259266	0.00125791568612365	0.000547322330751095
mtarjeta_visa_consumo_rank_delta1	0.000221328403505185	0.00108185969051457	0.000631525766251263
Master_mconsumospesos_rank_delta2	0.00022119814776479	0.000850781509069974	0.000842034355001684
m_e_sp_rank_tend6	0.000220808447720727	0.000407050848917088	0.00113674637925227
vmr_pagominimo_saldo_tend6	0.000220789562421042	0.00068193154553952	0.0007999326372516
vmr_pagominimo_saldo_avg12	0.000220476753195635	0.000404331882682445	0.000757830919501516
Visa_fultimo_cierre	0.000220074079396433	0.000421535439415445	0.000757830919501516
rf_035_020	0.000219391749459707	0.000420983621977585	0.000421017177500842
m_deb_aut_rank	0.000217828977883173	0.000378693358167488	0.000378915459750758
mcaja_ahorro_rank_tend12	0.000217446639385831	0.000842073718796368	0.00113674637925227
m_y_sp_rank_delta2	0.000217446633953891	0.000843077977153636	0.000842034355001684
Master_mpagospesos_rank_lag1	0.000215612298889523	0.00143353374608154	0.000926237790501852
vm_mlimitecompra_rank_delta3	0.000213027653796849	0.00078967606064069	0.00122094981475244
mtransferencias_emitidas_rank_delta3	0.000212855468030186	0.00079468253853608	0.000589424048501179
vmr_Master_mlimitecompra	0.000212390001592713	0.000292921238194064	0.000884136072751768
ctrx_quarter_normalizado_lag3	0.000211537269064092	0.000405502180067436	0.000968339508251937
cpagomiscuentas_tend6	0.000210297646954749	0.00174296506573855	0.000421017177500842
Visa_mconsumospesos_rank_lag2	0.000209242239028509	0.000398562798025897	0.00138935668575278
vmr_msaldopesos_tend6	0.000206330562966978	0.000648506778217093	0.000463118895250926
mtarjeta_visa_consumo_rank_lag3	0.000205073379439522	0.00049969075045913	0.00126305153250253
rf_014_021	0.00020496136821996	0.000482109130884196	0.000884136072751768
Master_mpagospesos_rank_delta3	0.000204195809775252	0.000785580328415951	0.000926237790501852
mcuenta_debitos_automaticos_rank_tend12	0.000203063243271906	0.00160684732012864	0.000547322330751095
estado_tend12	0.00020266554527498	0.00226748173706952	0.00050522061300101
mpasivos_margen_rank_avg12	0.000200888947464153	0.000622714559583538	0.000842034355001684
mcomisiones_mantenimiento_rank_delta1	0.00019864641808332	0.000664291596268974	0.000547322330751095
Visa_mconsumosdolares_rank_tend6	0.000198415847983214	0.000509035229420825	0.00101044122600202
vm_mconsumospesos_rank_delta2	0.000197831837055312	0.000244848927572839	0.000378915459750758
rf_026_021	0.00019595565091793	0.00040637805136981	0.000673627484001347
Master_msaldopesos_rank_tend6	0.000195898110119568	0.000433793316930492	0.000884136072751768
mpayroll_sobre_edad_rank_delta1	0.000195147033074115	0.00375246289192689	0.000715729201751431
chomebanking_transacciones_tend12	0.000194377532661191	0.00104539468069754	0.000884136072751768
vmr_msaldopesos2_avg6	0.00019437343618143	0.00054192669666908	0.0007999326372516
c_ganchos_liviano_tend12	0.000193398071165499	0.00166601554369358	0.000421017177500842
c_anclaje_pesado_delta3	0.000192127957474227	0.000361130255956241	8.42034355001684e-05
vm_mpagado_rank_avg6	0.000191340512013546	0.000753479243974384	0.000842034355001684
ccajas_transacciones_avg6	0.000190073191442996	0.0014252635828364	0.000547322330751095
Visa_cconsumos_delta1	0.000190069700642697	0.000269906932736221	0.000884136072751768
vm_mfinanciacion_limite_rank_delta3	0.000188373756781158	0.000426818443275221	0.00109464466150219
c_y_sp_avg6	0.000186909545907636	0.000306914192686542	0.000589424048501179
m_deb_aut_rank_lag3	0.00018526118566764	0.000449424440863775	0.000842034355001684
ctrx_quarter_lag3	0.000184522823930127	0.00061738279333272	0.0007999326372516
m_deb_aut_rank_delta1	0.000184514292234799	0.000804169292575433	0.00050522061300101
vmr_msaldototal_lag2	0.000184508015229302	0.000412481683063629	0.00050522061300101
mpayroll_rank_tend12	0.000184493373904667	0.00035675398567165	0.000421017177500842
cajas_visitas_tend6	0.00018421709440616	0.00267097725215879	0.000589424048501179
mcaja_ahorro_rank_avg6	0.00018390797817598	0.000536690603463976	0.000547322330751095
mextraccion_autoservicio_rank_delta2	0.000182889782527114	0.00163913419545253	0.000715729201751431
vmr_pagominimo_saldo_delta3	0.00018242608703349	0.000397646188523412	0.000926237790501852
m_e_sp_rank_avg6	0.000181656351381332	0.000491988144410977	0.000421017177500842
ctarjeta_visa_transacciones_lag3	0.000181351162919371	0.000464197593612913	0.0007999326372516
contactos_tend6	0.000180704492327099	0.000513296383427831	0.000631525766251263
vm_msaldopesos_rank_lag2	0.000180546934051729	0.000349888673084858	0.000631525766251263
rf_040_017	0.00017934172827328	0.000294323928493321	0.00050522061300101
Master_Fvencimiento_delta3	0.00017933623824731	0.000388244922979745	0.000547322330751095
vmr_pagominimo_saldo_lag1	0.00017874064176907	0.000388338435666362	0.000757830919501516
rf_046_015	0.000178473641907874	0.000561943040946068	0.000547322330751095
vmr_msaldopesos_delta2	0.000177177399026023	0.000419788634774346	0.000589424048501179
ctransferencias_emitidas_tend6	0.000177015339582278	0.000680991172086971	0.00050522061300101
mtransferencias_recibidas_rank_delta2	0.000176604635016767	0.000624524631883899	0.000842034355001684
rf_029_015	0.000174743519875033	0.000348403580517196	0.000884136072751768
vmr_mpagominimo_lag3	0.000174699592641965	0.000385165794021398	0.000884136072751768
vmr_msaldopesos2_lag3	0.000174359206650072	0.000575403621232558	0.000968339508251937
vmr_msaldopesos_delta3	0.000174235946180656	0.000435982995186428	0.000757830919501516
ctarjeta_debito_avg12	0.000174160882847822	0.00224701974157314	0.000631525766251263
mttarjeta_visa_debitos_automaticos_rank_lag2	0.000174082037026823	0.000531226129440072	0.0007999326372516
ctrx_quarter_avg12	0.000173646830948874	0.000819897015422614	0.000757830919501516
ctarjeta_debito_delta2	0.000173128210715606	0.00237682923862049	0.000421017177500842
vmr_msaldopesos_tend12	0.000172661235502093	0.00076761293043088	0.000926237790501852
Visa_cconsumos_lag3	0.000172001149855058	0.000405486131685574	0.00109464466150219
Visa_mconsumosdolares_rank_delta3	0.000171887097792108	0.000268189755877021	0.000926237790501852
mpayroll_sobre_edad_rank_lag1	0.000171810120098617	0.000669600833060639	0.000294712024250589
m_e_sp_rank_lag3	0.000170819509436574	0.000485482685925159	0.000757830919501516
vm_mpagominimo_rank_delta1	0.0001697054075925	0.00114682199717704	0.000589424048501179
vmr_msaldopesos2	0.000169553418567951	0.000180683176171622	0.000589424048501179
vm_msaldototal_rank_delta3	0.00016932059242003	0.000428200147228966	0.000842034355001684
Master_mpagospesos_rank_delta2	0.000168924023578666	0.000698646243871195	0.000757830919501516
rf_048_023	0.000168667523839367	0.000697023196944068	0.000631525766251263
contactos_avg6	0.000168226957009385	0.000266312095199204	0.000589424048501179
hb_cajas_avg12	0.000168124748853439	0.000381903343162554	0.000715729201751431
seguros_ratio_01_lag2	0.000168016520410026	0.00113552980017825	0.000673627484001347
e_y_ratio_delta2	0.000167963338164444	0.000332478339124025	0.000884136072751768
Master_cconsumos_lag3	0.000167226427556235	0.000342516910601238	0.0007999326372516
vmr_Master_mlimitecompra_lag3	0.000166894131959776	0.000359242102105668	0.000884136072751768
rf_006_016	0.000165121999077229	0.000355951257955838	0.000547322330751095
c_deb_aut_avg12	0.000164960188217183	0.00068374192646261	0.00050522061300101
Master_mconsumospesos_rank	0.000164869243212332	0.000638088600784305	0.000757830919501516
thomebanking_tend12	0.00016346437211436	0.000877502990737866	0.000589424048501179
c_e_y_ratio_lag3	0.000161168372353731	0.000474739837382401	0.000884136072751768
vmr_msaldopesos	0.000160586333950448	0.000662347890327341	0.00050522061300101
Visa_mpagado_rank	0.000160519930814545	0.000439741094146616	0.000294712024250589
vmr_mconsumospesos_delta2	0.000160064982682389	0.000169591892568828	0.000421017177500842
vm_mpagospesos_rank_delta2	0.000159395393325706	0.000430565431817196	0.000673627484001347
cextraccion_autoservicio_avg12	0.00015900031656595	0.000884497616247736	0.000547322330751095
vmr_mpagosdolares_avg12	0.000158730854369949	0.000632436175518982	0.000631525766251263
ccomisiones_otras_tend6	0.000157643524858198	0.00030906282411964	0.000631525766251263
ccallcenter_transacciones_tend12	0.000156562719505233	0.000462314994971446	0.000589424048501179
cprestamos_personales_delta2	0.000156175910919268	0.000828457592654911	0.000126305153250253
mttarjeta_visa_debitos_automaticos_rank_avg6	0.000156057845485245	0.000641126374297085	0.000757830919501516
atm_ratio_eme_avg12	0.000155543334804609	0.000371474981179739	0.000673627484001347
vmr_Master_mlimitecompra_tend6	0.000155528587303646	0.00102175109349708	0.00050522061300101
rf_029_019	0.000155525858007075	0.000324357549279283	0.000547322330751095
vmr_Visa_mlimitecompra_lag1	0.000154860269528002	0.000383225174307046	0.000884136072751768
vmr_mconsumospesos_avg12	0.000154551576627046	0.000548892311642508	0.000673627484001347
mautoservicio_rank_delta2	0.000154466147413668	0.000287775262825569	0.000631525766251263
cforex_sell_avg12	0.000154128485395044	0.000689634460210402	0.000589424048501179
vmr_Visa_mlimitecompra_tend6	0.000153799505355432	0.0025641888502693	0.000547322330751095
vmr_mconsumosdolares_avg6	0.000153604967579442	0.000680303252026015	0.0007999326372516
atm_ratio_c_avg6	0.000152835685518395	0.000420267617248371	0.000884136072751768
ccomisiones_otras_lag2	0.000152010393385945	0.000670017473743587	0.000757830919501516
vm_status02_avg12	0.000150746450433309	0.000188095985478081	0.000463118895250926
mtarjeta_master_consumo_rank_delta3	0.000150450134679368	0.000417575809813802	0.000336813742000674
c_e_y_ratio	0.000150079844225879	0.000296931790545845	0.000631525766251263
chomebanking_transacciones_tend6	0.000149003399743323	0.00051330625935513	0.000463118895250926
mttarjeta_visa_debitos_automaticos_rank	0.000148431584046752	0.000419584326528337	0.000589424048501179
ccajas_transacciones_delta3	0.000147919371330404	0.000270971063902742	0.000252610306500505
m_deb_aut_rank_lag1	0.000147397280159634	0.000429043921767617	0.000547322330751095
vm_mfinanciacion_limite_rank_delta2	0.000146713927275361	0.000793464404628232	0.000842034355001684
ctrx_quarter_lag1	0.000145514198499805	0.000430048797370341	0.000336813742000674
cajas_ratio_04_avg6	0.00014520836489986	0.00136236040701588	0.000294712024250589
vm_fultimo_cierre	0.000145115024101473	0.000165043410801953	0.00050522061300101
rf_049_023	0.000144452375533407	0.000364971065807562	0.000168406871000337
mtarjeta_master_consumo_rank_avg12	0.000144350278145194	0.000225166513087664	0.000421017177500842
vm_cconsumos_avg12	0.00014415817613588	0.000450816329367548	0.000463118895250926
vmr_mconsumospesos_lag2	0.000143125082340236	0.000249934412886624	0.000673627484001347
matm_rank_lag3	0.000142733956443947	0.000379587129588093	0.000715729201751431
vm_mconsumospesos_rank_delta3	0.000142499768657493	0.00069304474135601	0.0007999326372516
vmr_mconsumospesos_tend12	0.00014173949645951	0.000481935993533727	0.000589424048501179
atm_ratio_eme_lag1	0.000140739264033434	0.000491031413953838	0.000968339508251937
rf_008_015	0.000140636466068826	0.000280748540551975	0.000547322330751095
Visa_fultimo_cierre_lag2	0.000139921798124983	0.000426309524396568	0.000631525766251263
c_deb_aut_avg6	0.000139100639234404	0.000445259885770667	0.000589424048501179
mforex_sell_rank_avg6	0.000139074033445373	0.00144043516752752	0.000421017177500842
mcuenta_debitos_automaticos_rank_delta2	0.000138860326279214	0.000226197621622278	0.000378915459750758
Visa_fultimo_cierre_lag3	0.000137908416961426	0.000315782775401493	0.000631525766251263
m_y_sp_rank_delta3	0.000137639190140456	0.000227058679033703	0.000589424048501179
mtransferencias_emitidas_rank_delta2	0.000137532779160935	0.00118428509289678	0.000547322330751095
ctarjeta_debito_transacciones_avg12	0.000137175199448029	0.000178996861585233	0.000463118895250926
mactivos_margen_rank_avg6	0.000137174054105285	0.000634877072675599	0.000463118895250926
c_pagos_delta2	0.00013698912927047	0.00216647229576388	0.000336813742000674
ctransferencias_recibidas_lag3	0.000135448976873252	0.000409449464759954	0.000463118895250926
rf_021_017	0.000134635964589637	0.000540857627538909	0.000294712024250589
mautoservicio_rank_tend12	0.000134499796852034	0.000532949478753835	0.000589424048501179
rf_047_021	0.000134498518390537	0.000349679735497928	0.0007999326372516
ccheques_depositados_avg12	0.000134431725947464	0.00259401044724105	0.000463118895250926
ctarjeta_visa_debitos_automaticos_delta3	0.000134396117622511	0.000361599362502967	0.00050522061300101
vm_mfinanciacion_limite_rank	0.000134081153582552	0.000229775484909249	0.000547322330751095
rf_024_019	0.000133850393889619	0.000405410519117187	0.000631525766251263
mcaja_ahorro_dolares_rank_tend6	0.000133563092187315	0.000255856883039043	0.00050522061300101
vmr_Visa_mlimitecompra_lag3	0.000133476622359005	0.000321967883495533	0.000715729201751431
ctarjeta_debito_transacciones_tend12	0.000133430316352481	0.00191861707419653	0.000673627484001347
vm_msaldopesos_rank_tend6	0.000132498951593005	0.000685426389312631	0.000589424048501179
ccaja_seguridad_lag1	0.000132389264782228	0.000604524335988772	8.42034355001684e-05
vm_mconsumototal_rank_tend6	0.00013210601385896	0.000283916861478746	0.000378915459750758
ctarjeta_debito_transacciones_lag3	0.000132081336626057	0.00045372324684361	0.000631525766251263
internet_avg6	0.00013010550900153	0.000193271897251203	0.000168406871000337
cajas_ratio_01_avg12	0.000128520315823458	0.000293048390758045	0.000463118895250926
rf_044_018	0.000128030087111528	0.000469375048499676	0.000421017177500842
Master_msaldototal_rank_tend6	0.000127679075700978	0.000328984729841827	0.000589424048501179
vmr_msaldopesos2_delta3	0.00012714508135168	0.000372355790445763	0.000589424048501179
Master_cconsumos_lag2	0.000126416031929126	0.000168015447673646	0.000631525766251263
ccomisiones_otras_avg6	0.000126068956108789	0.000399357810173506	0.000589424048501179
rf_017_015	0.000125704078076948	0.000740670166266933	0.000336813742000674
cproductos_avg12	0.000125340743060208	0.000353659734199626	0.000463118895250926
visitas_avg6	0.000125020547464112	0.000189026791626059	0.000547322330751095
mcaja_ahorro_dolares_rank_lag2	0.000123903553292828	0.000317224043541764	0.000589424048501179
mrentabilidad_rank_avg12	0.000122511317630639	0.000282152156719416	0.000589424048501179
vmr_msaldopesos2_delta2	0.000121348785040333	0.000247567585184754	0.000631525766251263
Master_mconsumototal_rank_delta1	0.00012119083541238	0.000408213430733876	0.000589424048501179
vm_mconsumototal_rank_delta2	0.000121177078941169	0.000621802888044702	0.00050522061300101
vm_mlimitecompra_rank_lag2	0.000120595077301608	0.000332826465561332	0.000589424048501179
rf_035_019	0.000119581143268018	0.000486777975515034	0.000378915459750758
vm_status04_tend12	0.000119350425726943	0.000244467161258167	0.000252610306500505
mcuenta_debitos_automaticos_rank_lag2	0.000119166725034221	0.000430020712702083	0.000547322330751095
vm_msaldototal_rank_tend6	0.000118640988089892	0.000558822247919426	0.000631525766251263
mautoservicio_rank_delta3	0.000118583888333406	0.00024428229624403	0.000673627484001347
rf_013_023	0.00011820916606384	0.000310143312290751	0.000421017177500842
mcuenta_debitos_automaticos_rank_lag3	0.000117488722156684	0.000368912795290975	0.000463118895250926
rf_016_017	0.000117347605269525	0.000411418169142564	0.000378915459750758
ctransferencias_emitidas_tend12	0.000117292091417837	0.000729929478083272	0.000463118895250926
e_y_ratio_delta3	0.000116320341611747	0.000622749433951814	0.000715729201751431
atm_ratio_eme_tend12	0.000116211484774307	0.000445648441785357	0.000463118895250926
vm_cconsumos_lag2	0.000115666462585573	0.00082669165340467	0.000463118895250926
rf_011_015	0.000115160258754144	0.000829205694147849	0.000336813742000674
mcuenta_debitos_automaticos_rank_avg6	0.000114560923797229	0.000315683398883042	0.000547322330751095
c_e_y_ratio_delta2	0.000114554388810774	0.000360277531358475	0.000631525766251263
cajas_visitas_tend12	0.000114481683664341	0.000476345910059482	0.000378915459750758
vm_mpagominimo_rank_delta2	0.000114173188703293	0.000182458991349164	0.000421017177500842
ccomisiones_otras_delta3	0.000113243762549033	0.000577173881200993	0.000757830919501516
active_quarter_avg12	0.000112284131474447	0.000422470257658888	0.000589424048501179
catm_trx_avg6	0.00011156570766972	0.000146863371757215	0.000421017177500842
ccomisiones_mantenimiento_delta1	0.000111111215041981	0.00202833307128486	0.000252610306500505
rf_011_019	0.000110726990574926	0.000242540120943852	0.000336813742000674
cpayroll_trx_avg12	0.000110560812923657	0.00135768384681683	0.000463118895250926
rf_044_015	0.000109982827484305	0.000430754617549527	0.000294712024250589
ctarjeta_visa_debitos_automaticos_avg12	0.000109496424886354	0.00033542722929111	0.000463118895250926
ctarjeta_visa_transacciones_lag2	0.000108773640175007	0.000173327462069864	0.000589424048501179
mplazo_fijo_dolares_rank_delta1	0.000108523389955587	0.00291120331988728	0.000378915459750758
m_e_sp_rank_lag1	0.0001085010306403	0.000762832364372466	0.000421017177500842
cajas_visitas_avg6	0.000108458109909578	0.000437291246930884	0.000210508588750421
rf_044_019	0.000108417069064798	0.000254350495503141	0.000378915459750758
c_pagos_tend6	0.000107912883887281	0.000849055690774386	0.000210508588750421
vmr_Visa_mlimitecompra_tend12	0.000106706292031541	0.000319794253621458	0.000463118895250926
vm_mlimitecompra_rank_tend6	0.000106170368913366	0.000590436942941492	0.000673627484001347
mcaja_ahorro_rank_avg12	0.000104826071773074	0.000268113834685906	0.000378915459750758
ctarjeta_visa_debitos_automaticos_tend6	0.000104247485425313	0.000659919955325305	0.000378915459750758
vmr_msaldodolares_tend12	0.000104209519592951	0.00115375181191401	0.000294712024250589
mpasivos_margen_rank_avg6	0.000104191112992069	0.00036353164940366	0.000378915459750758
seguros_ratio_01_lag3	0.00010341686176784	0.0003615678829847	0.00050522061300101
vm_mfinanciacion_limite_rank_delta1	0.000102611149034401	0.00060749884184229	0.000631525766251263
m_y_sp_rank_delta1	0.000102544947948575	0.00144261959919708	0.000589424048501179
Master_cconsumos_delta3	0.000101965672532011	0.000220380700442873	0.00050522061300101
catm_trx_tend12	0.000101939961293036	0.000289709710085358	0.000421017177500842
ctransferencias_recibidas_delta3	0.000101597304949218	0.000557422026601994	0.000421017177500842
c_e_y_ratio_avg12	0.000101556341310417	0.000454706518855366	0.00050522061300101
ctarjeta_visa_debitos_automaticos_avg6	0.000101342954701169	0.000492890865890696	0.000463118895250926
mcuenta_debitos_automaticos_rank_avg12	0.000101308940035109	0.000404332191305173	0.000589424048501179
mextraccion_autoservicio_rank_delta3	0.000101164259070776	0.00040927879639131	0.000463118895250926
mautoservicio_rank_delta1	0.000100468014096063	0.000775160607869522	0.000421017177500842
vm_status01_avg12	0.000100460986758528	0.00139792485571229	0.000336813742000674
cproductos_avg6	0.000100377245357678	0.000549458634348588	0.000421017177500842
cextraccion_autoservicio_tend12	0.000100114894223519	0.000580471206428113	0.000421017177500842
rf_033_017	9.99089883377662e-05	0.000288626752932423	0.000252610306500505
Master_msaldototal_rank_delta1	9.87979903768736e-05	0.000216686177764675	0.00050522061300101
rf_021_015	9.87648501807955e-05	0.000272471278984082	0.000421017177500842
vm_cconsumos	9.79903832361063e-05	0.000204264421581002	0.000252610306500505
mtransferencias_recibidas_rank	9.79790994481648e-05	0.000256760221764219	0.000463118895250926
mpagomiscuentas_rank_lag3	9.79150708306969e-05	0.000137524139381898	0.000421017177500842
mautoservicio_rank_lag1	9.74681854906651e-05	0.000460079331929022	0.00050522061300101
hb_cajas_tend12	9.72126333714787e-05	0.000717336127662769	0.000336813742000674
cliente_edad_tend12	9.65638615281141e-05	0.000487277635711843	0.000336813742000674
ccajas_consultas_avg12	9.62976170687657e-05	0.000310305647845736	0.000252610306500505
vmr_msaldototal_lag3	9.48925867181679e-05	0.00017853855683399	0.000463118895250926
m_pagos_rank_tend6	9.41636781158557e-05	0.000688098753515329	0.000336813742000674
vmr_mpagospesos_lag3	9.37325632560201e-05	0.000302979561525876	0.00050522061300101
m_inversiones_rank_tend6	9.29151329941968e-05	0.000663359247007355	0.000210508588750421
atm_ratio_c_tend12	9.29055684335048e-05	0.000497321453775434	0.000463118895250926
catm_trx_avg12	9.27021370501035e-05	0.000338817141336663	0.000463118895250926
active_quarter_lag2	9.25153053869231e-05	0.000205555081829955	0.000378915459750758
rf_008_017	9.18252615153936e-05	0.000198362011905911	0.000210508588750421
vm_msaldototal_rank_lag3	9.18125092023596e-05	0.000166553501810592	0.00050522061300101
mpayroll_rank_lag1	9.17646439573385e-05	0.000774562805645175	0.000336813742000674
vmr_mconsumospesos_tend6	9.17315551836297e-05	0.000292083944732704	0.000589424048501179
c_e_y_ratio_avg6	9.14290821441579e-05	0.000159686646110159	0.000463118895250926
rf_010_020	9.10321020324784e-05	0.000286302206544303	0.000168406871000337
ctarjeta_master_transacciones_avg12	9.07213933022191e-05	0.000405411444985371	0.000252610306500505
Master_mpagospesos_rank_delta1	9.06248010529358e-05	0.000152017988562097	0.000378915459750758
mcomisiones_mantenimiento_rank_delta2	9.0077887688879e-05	0.000252902437662852	0.000463118895250926
ctarjeta_debito_transacciones_delta2	8.92074283621935e-05	0.000855761754033474	0.000336813742000674
vmr_mpagospesos_lag2	8.86002499730147e-05	0.000230628826752472	0.00050522061300101
cajas_ratio_01_tend12	8.7654060850618e-05	0.000448025454037255	0.000210508588750421
m_tax_rank_tend6	8.73902452653221e-05	0.000319757218894085	0.000294712024250589
vm_mlimitecompra_rank_delta1	8.68337622345493e-05	0.00016986749266503	0.000589424048501179
ccomisiones_otras_lag3	8.66277109176445e-05	0.000157706214063881	0.000463118895250926
cpayroll_trx_tend6	8.6409140444695e-05	0.000922822386624356	0.000294712024250589
mactivos_margen_rank_avg12	8.59981868111362e-05	0.00022777900448111	0.000463118895250926
vmr_mconsumospesos_lag1	8.45224526101534e-05	0.000291261465162292	0.00050522061300101
ctarjeta_visa_transacciones_avg12	8.40588057867151e-05	9.69917906311116e-05	0.000463118895250926
vm_mconsumospesos_rank_lag2	8.38735951594078e-05	0.000464319190967789	0.000378915459750758
rf_025_019	8.38112863123834e-05	0.000343632581763353	0.000336813742000674
Master_mconsumototal_rank_delta3	8.35742029716906e-05	0.00020627262967281	0.000547322330751095
rf_001_019	8.22108301059894e-05	0.00032633489509828	0.000168406871000337
vmr_mconsumospesos_lag3	8.14681234091274e-05	0.000256826575650763	0.000631525766251263
mpayroll_rank_lag2	8.08137570473657e-05	0.000356671583403245	0.000168406871000337
vmr_msaldopesos_delta1	8.00666613969635e-05	0.000242264829470379	0.000378915459750758
ctarjeta_debito_transacciones_tend6	8.0033254420185e-05	0.00129431526792232	0.000421017177500842
matm_other_rank_tend6	7.98925880219516e-05	0.00136214159350165	0.000378915459750758
vm_mconsumospesos_rank_tend6	7.97936948389192e-05	0.000166804103465817	0.00050522061300101
m_pagos_rank_lag2	7.92851214502272e-05	0.000200620513030215	0.000336813742000674
estado_avg12	7.90432712558992e-05	0.000187285542194066	0.000126305153250253
c_pagos_avg6	7.90207705653093e-05	0.000119889745320457	0.000294712024250589
mautoservicio_rank_tend6	7.89421466136357e-05	0.000157148532794187	0.000294712024250589
vmr_mpagado_tend12	7.87060876825868e-05	8.51138276943668e-05	0.000168406871000337
c_e_y_ratio_delta3	7.86769702729451e-05	0.00021193523948816	0.000378915459750758
c_ganchos_liviano_avg6	7.80178715503699e-05	0.00186874240684314	0.000336813742000674
rf_016_024	7.5524536153974e-05	0.000522072687947077	0.000294712024250589
rf_043_015	7.50862599687401e-05	0.000170860949226814	0.000378915459750758
ctrx_quarter_avg6	7.4496057914318e-05	0.000656861504089741	0.000294712024250589
Master_msaldopesos_rank_delta1	7.3471578886477e-05	0.000135563150567491	0.000378915459750758
vm_status04_delta1	7.24678514644106e-05	0.00184454113837299	0.000252610306500505
rf_032_021	7.17191742140227e-05	0.00112019958340487	0.000252610306500505
ctarjeta_debito_transacciones_delta3	7.06394290309769e-05	0.000147308714353877	0.000252610306500505
c_anclaje_pesado_delta2	7.05800114247735e-05	0.00033763419041982	4.21017177500842e-05
rf_046_023	7.03017726615702e-05	0.000847676764425193	0.000252610306500505
catm_trx_other_avg12	7.00844241941506e-05	0.000364105996300671	0.000421017177500842
vmr_msaldototal_delta1	7.00781156290789e-05	0.000211488971023314	0.00050522061300101
matm_rank_delta3	6.95707041686556e-05	0.000258961627683823	0.000336813742000674
vm_mpagado_rank_lag3	6.95043330993074e-05	5.8506845058603e-05	0.000168406871000337
Visa_mpagado_rank_lag1	6.91066995614083e-05	0.000290842664120248	0.000378915459750758
rf_015_019	6.88400684927537e-05	3.51021318497019e-05	8.42034355001684e-05
ccuenta_debitos_automaticos	6.88125281202678e-05	0.000321237682120826	4.21017177500842e-05
vmr_mconsumosdolares_tend12	6.86497984837131e-05	0.000289135054565619	0.000294712024250589
vmr_mpagospesos_delta2	6.84665285076533e-05	0.00016955084574599	0.000463118895250926
m_e_sp_rank_lag2	6.8266032617281e-05	0.000364240864432855	0.000294712024250589
ctarjeta_visa_transacciones_avg6	6.82551588865219e-05	0.000336714803312782	0.000336813742000674
ctarjeta_visa_transacciones_delta1	6.77149997782483e-05	0.00130340328139696	0.000210508588750421
vmr_mpagosdolares_avg6	6.65460996501038e-05	0.000411186084851026	0.000336813742000674
vm_mconsumospesos_rank_avg6	6.64993591969855e-05	0.000379101357414049	0.000378915459750758
ctransferencias_recibidas_delta2	6.6486937996933e-05	0.000758760087475063	0.000210508588750421
vm_mpagospesos_rank_lag2	6.63102724637396e-05	0.000163310494183619	0.000378915459750758
vmr_msaldopesos2_delta1	6.62582323017374e-05	0.000200501693279893	0.000294712024250589
m_y_sp_rank_lag1	6.61233102891373e-05	0.00088332330676728	0.000336813742000674
cseguro_vida_avg12	6.59464532619377e-05	0.000820931210184509	0.000210508588750421
ctrx_quarter_normalizado_avg6	6.59148448730581e-05	0.000278983527169918	0.000294712024250589
Master_msaldopesos_rank_delta3	6.48791247704338e-05	9.98663027207221e-05	0.000294712024250589
vm_mpagospesos_rank_delta1	6.45789696485782e-05	0.000251928732955667	0.000294712024250589
rf_016_023	6.41467856380161e-05	0.000248194397945544	0.000252610306500505
Master_mpagominimo_rank_delta1	6.37186557380802e-05	9.09974113830435e-05	0.000336813742000674
cajas_ratio_04_avg12	6.20256885165183e-05	0.000217546926553372	0.000168406871000337
cextraccion_autoservicio_tend6	6.16516030921738e-05	0.000279105433147521	0.000252610306500505
mpagomiscuentas_rank_delta3	6.15677715935387e-05	0.000259809105695211	0.000168406871000337
Master_mpagospesos_rank_lag3	6.14035238382754e-05	0.000483192088037132	0.000378915459750758
matm_rank_delta2	6.12411432219991e-05	0.000294182579283847	0.000378915459750758
vmr_mpagospesos_tend6	6.05612832610084e-05	9.53437452630076e-05	0.000378915459750758
m_tax_rank_delta3	6.0507569373311e-05	0.000154820900178786	0.000252610306500505
contactos_lag3	6.01387228020113e-05	0.000323571487190789	0.000168406871000337
ccajas_depositos_tend6	6.01082135481693e-05	0.00119235989795503	0.000168406871000337
seguros_ratio_01_tend12	5.99872119330712e-05	0.000331614812730775	0.000210508588750421
vm_cconsumos_delta1	5.98921770211064e-05	0.000312514460710815	0.000126305153250253
vm_status_SP_avg12	5.9529576601883e-05	0.000550188218477839	0.000168406871000337
ctarjeta_visa_debitos_automaticos_delta2	5.85045975458199e-05	0.000154527708587083	8.42034355001684e-05
vmr_mconsumospesos_delta3	5.83455178246781e-05	0.000318141270289705	0.00050522061300101
Visa_mpagosdolares_rank_delta3	5.83165967842092e-05	8.59403193602437e-05	0.000336813742000674
m_y_sp_rank_lag3	5.79801542724219e-05	9.25183041871665e-05	0.000252610306500505
ctransferencias_recibidas_tend6	5.77216899813374e-05	0.000543710536037552	0.000294712024250589
mv_status07_rank_delta1	5.67957948418413e-05	0.000267728673521226	0.000168406871000337
rf_016_021	5.57804739206971e-05	0.000289983149822463	0.000168406871000337
mv_status07_rank	5.55626910610021e-05	1.12039308985539e-05	4.21017177500842e-05
rf_023_016	5.54968258139458e-05	0.000141979725707612	0.000252610306500505
c_e_sp_lag2	5.53412971197415e-05	7.22035217320962e-05	0.000294712024250589
ctarjeta_master_transacciones_avg6	5.53366293446996e-05	0.000323356068526568	0.000294712024250589
catm_trx_delta2	5.5141158578623e-05	0.000102203811263422	8.42034355001684e-05
matm_other_rank_avg6	5.51136558675907e-05	0.000197933643559295	0.000336813742000674
atm_ratio_c_avg12	5.50133221928049e-05	0.000235961827494202	0.000378915459750758
vmr_mconsumospesos_avg6	5.49041313317683e-05	0.000116578223447844	0.000378915459750758
vm_mconsumosdolares_rank_lag1	5.48024356658214e-05	9.63433742793538e-05	0.000210508588750421
matm_other_rank_lag3	5.42441496653843e-05	8.59316779238566e-05	0.000210508588750421
vm_mconsumosdolares_rank_lag2	5.39478288337109e-05	0.000100889387064405	0.000252610306500505
ccuenta_debitos_automaticos_tend12	5.36003421810085e-05	0.000387801432119452	0.000168406871000337
m_pagos_rank_lag3	5.31949884977871e-05	0.000121169603773927	0.000463118895250926
rf_022_025	5.30258144614372e-05	0.00023930359439417	0.000294712024250589
vm_mpagado_rank_tend6	5.26038746650058e-05	0.000902875173838464	0.000252610306500505
rf_038_023	5.25257131615798e-05	0.000119958259566097	0.000168406871000337
mv_status07_rank_tend6	5.24626151622512e-05	0.000342873369852204	8.42034355001684e-05
ccomisiones_otras_lag1	5.22601327026284e-05	0.000117059366280966	0.000210508588750421
Master_mconsumospesos_rank_delta1	5.21866087493935e-05	0.000277049697155584	0.000378915459750758
c_e_y_ratio_lag1	5.21445207312412e-05	0.000391925557635177	0.000252610306500505
mcuenta_debitos_automaticos_rank_tend6	5.19099159487493e-05	0.00116483846617588	0.000252610306500505
Master_mpagosdolares_rank_delta3	5.18115747232895e-05	0.000121464029856543	0.000336813742000674
ccomisiones_otras_delta1	5.09098004049329e-05	0.000215120534664977	0.000210508588750421
rf_047_020	5.07207619254244e-05	0.000167608991540726	0.000126305153250253
visitas_tend6	5.07041516310263e-05	0.000103162084834202	0.000210508588750421
p_e_ratio_tend12	4.9828705783035e-05	0.00146350502507643	0.000210508588750421
Visa_msaldodolares_rank	4.9780340944347e-05	8.86549648766935e-05	0.000168406871000337
mcajeros_propios_descuentos_rank_delta2	4.8862672116488e-05	0.000141700730761402	0.000210508588750421
contactos_lag2	4.84132701584594e-05	0.000128589202780404	0.000168406871000337
mpagomiscuentas_rank_lag2	4.81848797692988e-05	0.000152613013181892	0.000294712024250589
ccallcenter_transacciones_delta1	4.8152730540218e-05	0.000620459144686514	0.000126305153250253
cproductos_lag2	4.76004450232985e-05	0.000352721829728902	0.000210508588750421
mtarjeta_visa_consumo_rank_avg6	4.74576646587054e-05	9.47653862705307e-05	0.000252610306500505
atm_ratio_c_tend6	4.73715074204599e-05	0.000148887628230884	0.000168406871000337
Visa_mpagado_rank_delta3	4.73607269742243e-05	0.00053829791063197	0.000126305153250253
mpayroll_sobre_edad_rank_avg6	4.69890950487288e-05	0.00027731326096539	0.000168406871000337
vmr_msaldodolares_avg6	4.68077806436462e-05	0.000146887135707279	0.000252610306500505
ccajeros_propios_descuentos_delta2	4.63081525020123e-05	5.94614151566453e-05	8.42034355001684e-05
e_y_ratio_delta1	4.61397010766965e-05	0.000197419169471537	0.000378915459750758
vmr_msaldodolares2_tend12	4.56348508848203e-05	0.00047820227576906	0.000168406871000337
cpagodeservicios_avg12	4.55258534234957e-05	0.000504123190080237	0.000126305153250253
rf_002_021	4.50309894557398e-05	0.000413603218057578	0.000168406871000337
ccomisiones_mantenimiento	4.48072491334953e-05	0.00135918930848455	0.000168406871000337
ccajas_depositos_tend12	4.45385520444084e-05	0.0005801076488544	0.000126305153250253
vmr_mpagado_delta3	4.42921372094806e-05	0.000421547167079113	0.000210508588750421
vm_cconsumos_lag1	4.3804321727614e-05	0.000132535561604738	0.000126305153250253
vmr_Master_mlimitecompra_delta1	4.3593474079744e-05	0.000656667689016488	0.000210508588750421
mv_status07_rank_avg6	4.33643594680736e-05	0.000133580558162116	0.000126305153250253
c_e_sp_avg12	4.33141781885091e-05	3.77405475523088e-05	0.000126305153250253
vm_mpagado_rank_lag2	4.30410271979811e-05	0.000399122948277415	0.000126305153250253
mv_status07_rank_delta3	4.2808733090518e-05	0.000224762217313841	0.000168406871000337
rf_032_023	4.24642037955365e-05	0.00018838022701067	0.000210508588750421
vm_mconsumosdolares_rank_delta2	4.21671296476541e-05	0.000603267932862639	0.000336813742000674
vm_mconsumospesos_rank_lag3	4.19756389593824e-05	8.52946806130389e-05	0.000210508588750421
p_e_ratio_avg12	4.158488243912e-05	0.000240899173898495	0.000168406871000337
Visa_mpagado_rank_lag3	4.10495057560441e-05	9.88030974223854e-05	0.000210508588750421
cmobile_app_trx	4.0973152156295e-05	0.00058909875479241	0.000168406871000337
rf_008_024	4.04368454525933e-05	0.00051414200970285	0.000168406871000337
ccomisiones_mantenimiento_lag3	3.99288492256774e-05	0.000299980983099566	0.000126305153250253
ctarjeta_debito_avg6	3.98725725847026e-05	0.000183924332062227	8.42034355001684e-05
rf_038_021	3.97697498635444e-05	0.00022432489890811	0.000126305153250253
m_pagos_rank_delta1	3.97054008883369e-05	0.000384861492011482	0.000210508588750421
rf_043_013	3.9067432124293e-05	8.64779401526102e-05	0.000126305153250253
cajas_ratio_02_tend12	3.85624528695124e-05	0.000794218369953003	0.000168406871000337
rf_006_019	3.80401111052242e-05	0.000388481636612205	0.000126305153250253
c_pagos_delta3	3.75855981982413e-05	0.00064370306545407	0.000126305153250253
vm_mpagospesos_rank_avg6	3.72761995071595e-05	0.000502701982417293	0.000210508588750421
cforex_sell_tend6	3.70485887463009e-05	0.00131675399199224	0.000168406871000337
vm_status_SP_avg6	3.69718596184041e-05	2.98919629537598e-05	4.21017177500842e-05
seguros_ratio_01_tend6	3.68627120906722e-05	0.000277342271501832	0.000168406871000337
vmr_mpagado_tend6	3.66110455108944e-05	0.000103881484413425	0.000210508588750421
rf_034_019	3.65936215842472e-05	9.51746200080037e-05	0.000126305153250253
c_y_sp_delta1	3.61271271203629e-05	0.0010079865198234	0.000126305153250253
c_seguros_avg12	3.6013920846749e-05	4.55718492780837e-05	0.000126305153250253
rf_037_023	3.55444070931015e-05	0.000103421019303086	0.000210508588750421
rf_013_019	3.47864987307376e-05	6.06594885871658e-05	8.42034355001684e-05
c_e_y_ratio_delta1	3.469538350698e-05	0.000269469614330491	0.000126305153250253
vm_mpagado_rank_delta3	3.45392449145054e-05	0.000330401616786577	0.000126305153250253
cajas_ratio_03_tend6	3.45280727891525e-05	0.00156467649331432	0.000210508588750421
ccajeros_propios_descuentos_avg6	3.45003759767825e-05	0.00133290205899511	0.000168406871000337
c_e_y_ratio_lag2	3.44652462419932e-05	9.7026973622116e-05	0.000252610306500505
rf_038_008	3.41228367074412e-05	0.000132917327919409	8.42034355001684e-05
cforex_sell_tend12	3.38357040471232e-05	0.000223453348323929	0.000126305153250253
rf_028_025	3.34874068685627e-05	0.000581788099608956	0.000126305153250253
rf_037_024	3.33905827478493e-05	0.000261275680899187	0.000126305153250253
ccajas_depositos_avg12	3.32549603770644e-05	4.53533443865823e-05	0.000126305153250253
vmr_mconsumosdolares_lag3	3.30971797452136e-05	0.000248091935199812	0.000168406871000337
rf_015_011	3.29886808635938e-05	2.22936713877074e-05	8.42034355001684e-05
mv_status07_rank_lag2	3.27767445100119e-05	0.000105361947640165	0.000126305153250253
ccaja_ahorro_avg6	3.27355115918181e-05	0.000159249944949884	8.42034355001684e-05
mforex_sell_rank_tend6	3.27144374012085e-05	0.000213450577083177	8.42034355001684e-05
Visa_mpagado_rank_delta1	3.19271843930286e-05	0.000147316429922079	0.000126305153250253
rf_001_020	3.17146712398e-05	0.000525877388939209	0.000126305153250253
mcuenta_debitos_automaticos_rank_delta1	3.16513727656569e-05	7.50894528626468e-05	0.000126305153250253
vmr_mpagospesos_delta1	3.13598453034095e-05	0.000194764705387068	0.000252610306500505
contactos_delta3	3.11893174283358e-05	5.94203683338067e-05	0.000126305153250253
vmr_mconsumosdolares_delta3	3.10201320392304e-05	0.00010892468841346	0.000126305153250253
rf_009_013	3.08478552241931e-05	0.000165673001167296	0.000168406871000337
rf_017_019	3.0179025180355e-05	0.000121573282302294	0.000168406871000337
vmr_mpagospesos_avg12	2.99707952932124e-05	9.24991695780237e-05	0.000168406871000337
vmr_msaldopesos_lag1	2.99246226408263e-05	0.0001100999237621	0.000252610306500505
atm_ratio_eme_delta1	2.95470778671187e-05	6.7523566683046e-05	8.42034355001684e-05
Master_msaldodolares_rank_avg6	2.92414036040926e-05	0.000363369005225946	0.000168406871000337
catm_trx_lag2	2.92078930221037e-05	0.00016045203047587	0.000126305153250253
rf_030_018	2.88394342189242e-05	0.000333111941584833	8.42034355001684e-05
cajas_visitas_delta3	2.88377255477456e-05	0.000653290430502788	8.42034355001684e-05
cextraccion_autoservicio_avg6	2.82907601456995e-05	7.71337698136432e-05	0.000126305153250253
m_deb_aut_rank_lag2	2.82321136577582e-05	0.000102792354805927	0.000336813742000674
Visa_mpagosdolares_rank_tend6	2.81214855641325e-05	6.78186100111185e-05	0.000294712024250589
vm_mconsumospesos_rank_lag1	2.80726528180967e-05	6.598847723343e-05	0.000168406871000337
vm_mpagospesos_rank_lag3	2.79278597385132e-05	0.000161299817109986	0.000210508588750421
tcallcenter_avg6	2.7538239399122e-05	0.000338006080807191	0.000168406871000337
ccajas_otras_avg12	2.74614022118238e-05	0.000119882955620439	0.000126305153250253
vm_mconsumosdolares_rank_tend6	2.74322412380199e-05	5.43080328426752e-05	8.42034355001684e-05
ccuenta_debitos_automaticos_avg6	2.7352644190433e-05	0.000120452673176529	0.000126305153250253
Visa_msaldodolares_rank_lag3	2.70904516689346e-05	2.87293811369718e-05	0.000126305153250253
mtarjeta_master_descuentos_rank_delta1	2.66141148187123e-05	9.67374855031495e-05	0.000126305153250253
ctarjeta_visa_descuentos_tend12	2.64087790694256e-05	0.000464933658819454	0.000126305153250253
ctarjeta_debito_transacciones_delta1	2.58727476564644e-05	0.000598924685209956	8.42034355001684e-05
cextraccion_autoservicio_lag3	2.57267347803401e-05	5.44154335520573e-05	0.000168406871000337
cajas_visitas_lag1	2.47676525490136e-05	0.00130270733714507	0.000168406871000337
rf_039_019	2.46639899774405e-05	0.000240062497682591	8.42034355001684e-05
c_p_sp_delta3	2.45494800381258e-05	0.000972060673912379	0.000126305153250253
ctransferencias_emitidas_delta3	2.40903793866898e-05	1.30825174445556e-05	4.21017177500842e-05
rf_004_027	2.31674362171086e-05	0.00031215769283712	8.42034355001684e-05
rf_042_021	2.30808971496645e-05	0.00018196334324782	8.42034355001684e-05
c_e_sp_lag1	2.30334338682346e-05	4.0351804454842e-05	0.000126305153250253
mtarjeta_visa_descuentos_rank_lag3	2.27487474641783e-05	6.41780963103405e-05	8.42034355001684e-05
rf_006_026	2.24181239366726e-05	0.00016520049977056	0.000126305153250253
c_p_sp_lag3	2.2362559966281e-05	0.000679594654242276	8.42034355001684e-05
c_p_sp_avg12	2.18642537416678e-05	3.55561158827508e-05	8.42034355001684e-05
catm_trx_other_avg6	2.16033957392919e-05	0.000119238859986875	8.42034355001684e-05
mextraccion_autoservicio_rank_delta1	2.14883715762841e-05	0.000329319894124554	8.42034355001684e-05
matm_rank_lag1	2.09868380548025e-05	4.78590523161021e-05	8.42034355001684e-05
ctarjeta_debito_tend6	2.09294431583599e-05	0.000204405462167748	4.21017177500842e-05
rf_035_021	2.06256316887686e-05	7.61862980383475e-05	8.42034355001684e-05
Master_mpagado_rank_tend6	2.05990768875525e-05	0.000102849141387899	0.000126305153250253
rf_047_015	2.05095040451708e-05	3.5229284413683e-05	8.42034355001684e-05
ctransferencias_emitidas_delta2	2.01588996680233e-05	0.000108108072674882	8.42034355001684e-05
c_deb_aut_lag1	1.99853394665293e-05	2.03780501143327e-05	8.42034355001684e-05
mtransferencias_recibidas_rank_delta1	1.93171015766229e-05	6.24084535873615e-05	0.000168406871000337
catm_trx_tend6	1.91759646999234e-05	0.000164005821190049	8.42034355001684e-05
visitas_lag3	1.87781989123815e-05	2.63872432533499e-05	0.000126305153250253
visitas_delta3	1.87485454426462e-05	7.50996374126744e-05	8.42034355001684e-05
cforex_buy_avg12	1.84148730756214e-05	0.000428642403598347	8.42034355001684e-05
active_quarter_delta3	1.77916200537959e-05	2.42676223566949e-05	8.42034355001684e-05
catm_trx_other_tend6	1.74909935843635e-05	0.000282328071674439	8.42034355001684e-05
rf_025_022	1.73252229302839e-05	0.000121544271765851	8.42034355001684e-05
c_p_sp_tend12	1.67417270770788e-05	0.000202171033616236	8.42034355001684e-05
mtarjeta_visa_consumo_rank_lag1	1.63892497668744e-05	4.27507289204361e-05	0.000168406871000337
vm_msaldodolares_rank_delta1	1.47339057580323e-05	0.000155896141763519	4.21017177500842e-05
rf_025_021	1.46571517156354e-05	7.26365194196337e-05	4.21017177500842e-05
hb_cajas_lag2	1.42214399856868e-05	0.000331240761984306	4.21017177500842e-05
vm_msaldodolares_rank_delta3	1.38973011810807e-05	0.000246746957350711	4.21017177500842e-05
ccajeros_propios_descuentos_tend12	1.38805968779003e-05	0.000237655857648794	4.21017177500842e-05
c_e_sp_lag3	1.38427371041752e-05	0.000106798586439514	0.000168406871000337
mttarjeta_master_debitos_automaticos_rank_avg6	1.36184609934341e-05	0.000668572810753307	8.42034355001684e-05
mtarjeta_master_consumo_rank	1.34931726358081e-05	0.000315081584563228	8.42034355001684e-05
vm_status06_delta1	1.33162521635443e-05	0.000222264533575252	4.21017177500842e-05
Visa_status_avg12	1.3215525736833e-05	0.000154774915392298	4.21017177500842e-05
cprestamos_personales_lag3	1.31429863007953e-05	2.56172295467171e-05	4.21017177500842e-05
c_p_sp_tend6	1.29298740407512e-05	0.000672754648719188	8.42034355001684e-05
ccomisiones_mantenimiento_lag2	1.16894083148475e-05	2.71032479825636e-05	4.21017177500842e-05
mttarjeta_master_debitos_automaticos_rank_lag3	1.162832143714e-05	2.39204217875718e-05	4.21017177500842e-05
p_y_ratio_tend6	1.15293598840842e-05	4.54814228187477e-05	4.21017177500842e-05
rf_033_025	1.10529019378035e-05	0.000246992929665014	4.21017177500842e-05
rf_041_017	1.08557853662055e-05	4.34491421541475e-05	4.21017177500842e-05
c_deb_aut_lag2	1.07157751463749e-05	8.42626462102412e-05	4.21017177500842e-05
mcheques_depositados_rank_lag3	1.03700522730184e-05	2.57625908516566e-05	4.21017177500842e-05
rf_030_019	1.03424748184859e-05	4.39370746872884e-05	4.21017177500842e-05
mpayroll_rank_avg6	1.00089543358798e-05	0.000208688837011178	8.42034355001684e-05
c_y_sp_lag3	9.40990827840438e-06	0.000103323494521003	4.21017177500842e-05
mplazo_fijo_dolares_rank_tend6	8.54146412918892e-06	0.000155304820616462	4.21017177500842e-05
mcajeros_propios_descuentos_rank_tend6	8.10034247628525e-06	0.000318028314371217	4.21017177500842e-05
ctarjeta_debito_transacciones	7.90258037288769e-06	0.00011675845912106	0.000126305153250253
vmr_mpagosdolares_delta2	7.79440748011896e-06	0.000179344370777084	4.21017177500842e-05
vmr_mconsumosdolares_delta1	7.3050542521323e-06	0.000331832083131364	4.21017177500842e-05
m_tax_rank_delta1	7.29829546973206e-06	1.8640504155077e-05	4.21017177500842e-05
rf_049_017	7.258979809229e-06	4.20578708958306e-05	4.21017177500842e-05
vmr_mpagado_lag3	6.99793842454451e-06	4.38111566142198e-05	4.21017177500842e-05
c_deb_aut_lag3	6.9296825442963e-06	0.000237991021931521	4.21017177500842e-05
vmr_mconsumospesos_delta1	6.52346031190817e-06	1.00589405772682e-05	4.21017177500842e-05
tcuentas_tend12	5.70747567049533e-06	0.000322605189429078	4.21017177500842e-05
cpayroll_trx_avg6	2.41539791524615e-06	7.42330247921434e-06	4.21017177500842e-05
p_y_ratio_lag3	2.34176760072027e-06	4.81016297803961e-05	4.21017177500842e-05
ctarjeta_debito_transacciones_lag1	1.20460992174489e-06	5.57190559555912e-05	4.21017177500842e-05
